0.0 1.0
0.1 1.0
0.2 1.0
0.3 1.0
0.4 1.0
0.5 1.0
0.6 1.0
0.7 1.0
0.8 1.0
0.9 1.0
1.0 1.0
1.1 1.0
1.2 1.0
1.3 1.0
1.4 1.0
1.5 1.0
1.6 1.0
1.7 1.0
1.8 1.0
1.9 1.0
2.0 1.0
2.1 1.0
2.2 1.0
2.3 1.0
2.4 1.0
2.5 1.0
2.6 1.0
2.7 1.0
2.8 1.0
2.9 1.0
3.0 1.0
3.1 1.0
3.2 1.0
3.3 1.0
3.4 1.0
3.5 1.0
3.6 1.0
3.7 1.0
3.8 1.0
3.9 1.0
4.0 1.0
4.1 1.0
4.2 1.0
4.3 1.0
4.4 1.0
4.5 1.0
4.6 1.0
4.7 1.0
4.8 1.0
4.9 1.0
5.0 1.0
5.1 1.0
5.2 1.0
5.3 1.0
5.4 1.0
5.5 1.0
5.6 1.0
5.7 1.0
5.8 1.0
5.9 1.0
6.0 1.0
6.1 1.0
6.2 1.0
6.3 1.0
6.4 1.0
6.5 1.0
6.6 1.0
6.7 1.0
6.8 1.0
6.9 1.0
7.0 1.0
7.1 1.0
7.2 1.0
7.3 1.0
7.4 1.0
7.5 1.0
7.6 1.0
7.7 1.0
7.8 1.0
7.9 1.0
8.0 1.0
8.1 1.0
8.2 1.0
8.3 1.0
8.4 1.0
8.5 1.0
8.6 1.0
8.7 1.0
8.8 1.0
8.9 1.0
9.0 1.0
9.1 1.0
9.2 1.0
9.3 1.0
9.4 1.0
9.5 1.0
9.6 1.0
9.7 1.0
9.8 1.0
9.9 1.0
10.0 1.0
10.1 1.0
10.2 1.0
10.3 1.0
10.4 1.0
10.5 1.0
10.6 1.0
10.7 1.0
10.8 1.0
10.9 1.0
11.0 1.0
11.1 1.0
11.2 1.0
11.3 1.0
11.4 1.0
11.5 1.0
11.6 1.0
11.7 1.0
11.8 1.0
11.9 1.0
12.0 1.0
12.1 1.0
12.2 1.0
12.3 1.0
12.4 1.0
12.5 1.0
12.6 0.996395010005
12.7 0.493190320453
12.8 0.0694017295299
12.9 0.0481080011552
13.0 0.044031807584
13.1 0.0434946516304
13.2 0.0439240505441
13.3 0.0445004708149
13.4 0.0449288143593
13.5 0.0451363866579
13.6 0.0451576246406
13.7 0.0450673373175
13.8 0.0449390048578
13.9 0.0448234634525
14.0 0.0447436929038
14.1 0.0447011513832
14.2 0.0446857803039
14.3 0.0446850905258
14.4 0.0446894664358
14.5 0.0446936952495
14.6 0.0446936952495
14.7 0.0446936952495
14.8 0.0446936952495
14.9 0.0446936952495
15.0 0.0446936952495
15.1 0.0446936952495
15.2 0.0446936952495
15.3 0.0446936952495
15.4 0.0446936952495
15.5 0.0446936952495
15.6 0.0446936952495
15.7 0.0446936952495
15.8 0.0446936952495
15.9 0.0446936952495
16.0 0.0446936952495
16.1 0.0446936952495
16.2 0.0446936952495
16.3 0.0446936952495
16.4 0.0446936952495
16.5 0.0446936952495
16.6 0.0446936952495
16.7 0.0446936952495
16.8 0.0446936952495
16.9 0.0446936952495
17.0 0.0446936952495
17.1 0.0446936952495
17.2 0.0446936952495
17.3 0.0446936952495
17.4 0.0446936952495
17.5 0.0446936952495
17.6 0.0446936952495
17.7 0.0446936952495
17.8 0.0446936952495
17.9 0.0446936952495
18.0 0.0446936952495
18.1 0.0446936952495
18.2 0.0446936952495
18.3 0.0446936952495
18.4 0.0446936952495
18.5 0.0446936952495
18.6 0.0446936952495
18.7 0.0446936952495
18.8 0.0446936952495
18.9 0.0446936952495
19.0 0.0446936952495
19.1 0.0446936952495
19.2 0.0446936952495
19.3 0.0446936952495
19.4 0.0446936952495
19.5 0.0446936952495
19.6 0.0446936952495
19.7 0.0446936952495
19.8 0.0446936952495
19.9 0.0446936952495
20.0 0.0446936952495
20.1 0.0446936952495
20.2 0.0446936952495
20.3 0.0446936952495
20.4 0.0446936952495
20.5 0.0446936952495
20.6 0.0446936952495
20.7 0.0446936952495
20.8 0.0446936952495
20.9 0.0446936952495
21.0 0.0446936952495
21.1 0.0446936952495
21.2 0.0446936952495
21.3 0.0446936952495
21.4 0.0446936952495
21.5 0.0446936952495
21.6 0.0446936952495
21.7 0.0446936952495
21.8 0.0446936952495
21.9 0.0446936952495
22.0 0.0446936952495
22.1 0.0446936952495
22.2 0.0446936952495
22.3 0.0446936952495
22.4 0.0446936952495
22.5 0.0446936952495
22.6 0.0446936952495
22.7 0.0446936952495
22.8 0.0446936952495
22.9 0.0446936952495
23.0 0.0446936952495
23.1 0.0446936952495
23.2 0.0446936952495
23.3 0.0446936952495
23.4 0.0446936952495
23.5 0.0446936952495
23.6 0.0446936952495
23.7 0.0446936952495
23.8 0.0446936952495
23.9 0.0446936952495
24.0 0.0446936952495
24.1 0.0446936952495
24.2 0.0446936952495
24.3 0.0446936952495
24.4 0.0446936952495
24.5 0.0446936952495
24.6 0.0446936952495
24.7 0.0446936952495
24.8 0.0446936952495
24.9 0.0446936952495
25.0 0.0446936952495
25.1 0.0446936952495
25.2 0.0446936952495
25.3 0.0446936952495
25.4 0.0446936952495
25.5 0.0446936952495
25.6 0.0446936952495
25.7 0.0446936952495
25.8 0.0446936952495
25.9 0.0446936952495
26.0 0.0446936952495
26.1 0.0446936952495
26.2 0.0446936952495
26.3 0.0446936952495
26.4 0.0446936952495
26.5 0.0446936952495
26.6 0.0446936952495
26.7 0.0446936952495
26.8 0.0446936952495
26.9 0.0446936952495
27.0 0.0446936952495
27.1 0.0446936952495
27.2 0.0446936952495
27.3 0.0446936952495
27.4 0.0446936952495
27.5 0.0446936952495
27.6 0.0446936952495
27.7 0.0446936952495
27.8 0.0446936952495
27.9 0.0446936952495
28.0 0.0446936952495
28.1 0.0446936952495
28.2 0.0446936952495
28.3 0.0446936952495
28.4 0.0446936952495
28.5 0.0446936952495
28.6 0.0446936952495
28.7 0.0446936952495
28.8 0.0446936952495
28.9 0.0446936952495
29.0 0.0446936952495
29.1 0.0446936952495
29.2 0.0446936952495
29.3 0.0446936952495
29.4 0.0446936952495
29.5 0.0446936952495
29.6 0.0446936952495
29.7 0.0446936952495
29.8 0.0446936952495
29.9 0.0446936952495
30.0 0.0446936952495
30.1 0.0446936952495
30.2 0.0446936952495
30.3 0.0446936952495
30.4 0.0446936952495
30.5 0.0446936952495
30.6 0.0446936952495
30.7 0.0446936952495
30.8 0.0446936952495
30.9 0.0446936952495
31.0 0.0446936952495
31.1 0.0446936952495
31.2 0.0446936952495
31.3 0.0446936952495
31.4 0.0446936952495
31.5 0.0446936952495
31.6 0.0446936952495
31.7 0.0446936952495
31.8 0.0446936952495
31.9 0.0446936952495
32.0 0.0446936952495
32.1 0.0446936952495
32.2 0.0446936952495
32.3 0.0446936952495
32.4 0.0446936952495
32.5 0.0446936952495
32.6 0.0446936952495
32.7 0.0446936952495
32.8 0.0446936952495
32.9 0.0446936952495
33.0 0.0446936952495
33.1 0.0446936952495
33.2 0.0446936952495
33.3 0.0446936952495
33.4 0.0446936952495
33.5 0.0446936952495
33.6 0.0446936952495
33.7 0.0446936952495
33.8 0.0446936952495
33.9 0.0446936952495
34.0 0.0446936952495
34.1 0.0446936952495
34.2 0.0446936952495
34.3 0.0446936952495
34.4 0.0446936952495
34.5 0.0446936952495
34.6 0.0446936952495
34.7 0.0446936952495
34.8 0.0446936952495
34.9 0.0446936952495
35.0 0.0446936952495
35.1 0.0446936952495
35.2 0.0446936952495
35.3 0.0446936952495
35.4 0.0446936952495
35.5 0.0446936952495
35.6 0.0446936952495
35.7 0.0446936952495
35.8 0.0446936952495
35.9 0.0446936952495
36.0 0.0446936952495
36.1 0.0446936952495
36.2 0.0446936952495
36.3 0.0446936952495
36.4 0.0446936952495
36.5 0.0446936952495
36.6 0.0446936952495
36.7 0.0446936952495
36.8 0.0446936952495
36.9 0.0446936952495
37.0 0.0446936952495
37.1 0.0446936952495
37.2 0.0446936952495
37.3 0.0446936952495
37.4 0.0446936952495
37.5 0.0446936952495
37.6 0.0446936952495
37.7 0.0446936952495
37.8 0.0446936952495
37.9 0.0446936952495
38.0 0.0446936952495
38.1 0.0446936952495
38.2 0.0446936952495
38.3 0.0446936952495
38.4 0.0446936952495
38.5 0.0446936952495
38.6 0.0446936952495
38.7 0.0446936952495
38.8 0.0446936952495
38.9 0.0446936952495
39.0 0.0446936952495
39.1 0.0446936952495
39.2 0.0446936952495
39.3 0.0446936952495
39.4 0.0446936952495
39.5 0.0446936952495
39.6 0.0446936952495
39.7 0.0446936952495
39.8 0.0446936952495
39.9 0.0446936952495
40.0 0.0446936952495
40.1 0.0446936952495
40.2 0.0446936952495
40.3 0.0446936952495
40.4 0.0446936952495
40.5 0.0446936952495
40.6 0.0446936952495
40.7 0.0446936952495
40.8 0.0446936952495
40.9 0.0446936952495
41.0 0.0446936952495
41.1 0.0446936952495
41.2 0.0446936952495
41.3 0.0446936952495
41.4 0.0446936952495
41.5 0.0446936952495
41.6 0.0446936952495
41.7 0.0446936952495
41.8 0.0446936952495
41.9 0.0446936952495
42.0 0.0446936952495
42.1 0.0446936952495
42.2 0.0446936952495
42.3 0.0446936952495
42.4 0.0446936952495
42.5 0.0446936952495
42.6 0.0446936952495
42.7 0.0446936952495
42.8 0.0446936952495
42.9 0.0446936952495
43.0 0.0446936952495
43.1 0.0446936952495
43.2 0.0446936952495
43.3 0.0446936952495
43.4 0.0446936952495
43.5 0.0446936952495
43.6 0.0446936952495
43.7 0.0446936952495
43.8 0.0446936952495
43.9 0.0446936952495
44.0 0.0446936952495
44.1 0.0446936952495
44.2 0.0446936952495
44.3 0.0446936952495
44.4 0.0446936952495
44.5 0.0446936952495
44.6 0.0446936952495
44.7 0.0446936952495
44.8 0.0446936952495
44.9 0.0446936952495
45.0 0.0446936952495
45.1 0.0446936952495
45.2 0.0446936952495
45.3 0.0446936952495
45.4 0.0446936952495
45.5 0.0446936952495
45.6 0.0446936952495
45.7 0.0446936952495
45.8 0.0446936952495
45.9 0.0446936952495
46.0 0.0446936952495
46.1 0.0446936952495
46.2 0.0446936952495
46.3 0.0446936952495
46.4 0.0446936952495
46.5 0.0446936952495
46.6 0.0446936952495
46.7 0.0446936952495
46.8 0.0446936952495
46.9 0.0446936952495
47.0 0.0446936952495
47.1 0.0446936952495
47.2 0.0446936952495
47.3 0.0446936952495
47.4 0.0446936952495
47.5 0.0446936952495
47.6 0.0446936952495
47.7 0.0446936952495
47.8 0.0446936952495
47.9 0.0446936952495
48.0 0.0446936952495
48.1 0.0446936952495
48.2 0.0446936952495
48.3 0.0446936952495
48.4 0.0446936952495
48.5 0.0446936952495
48.6 0.0446936952495
48.7 0.0446936952495
48.8 0.0446936952495
48.9 0.0446936952495
49.0 0.0446936952495
49.1 0.0446936952495
49.2 0.0446936952495
49.3 0.0446936952495
49.4 0.0446936952495
49.5 0.0446936952495
49.6 0.0446936952495
49.7 0.0446936952495
49.8 0.0446936952495
49.9 0.0446936952495
50.0 0.0446936952495
