0.0 0.0
0.1 0.0
0.2 0.0
0.3 0.0
0.4 0.0
0.5 0.0
0.6 0.0
0.7 0.0
0.8 0.0
0.9 0.0
1.0 0.0
1.1 0.0
1.2 0.0
1.3 0.0
1.4 0.0
1.5 0.0
1.6 0.0
1.7 0.0
1.8 0.0
1.9 0.0
2.0 0.0
2.1 0.0
2.2 0.0
2.3 0.0
2.4 0.0
2.5 0.0
2.6 0.0
2.7 0.0
2.8 0.0
2.9 0.0
3.0 0.0
3.1 0.0
3.2 0.0
3.3 0.0
3.4 0.0
3.5 0.0
3.6 0.0
3.7 0.0
3.8 0.0
3.9 0.0
4.0 0.0
4.1 0.0
4.2 0.0
4.3 0.0
4.4 0.0
4.5 0.0
4.6 0.0
4.7 0.0
4.8 0.0
4.9 0.0
5.0 0.0
5.1 0.0
5.2 0.0
5.3 0.0
5.4 0.0
5.5 0.0
5.6 0.0
5.7 0.0
5.8 0.0
5.9 0.0
6.0 0.0
6.1 0.0
6.2 0.0
6.3 0.0
6.4 0.0
6.5 0.0
6.6 0.0
6.7 0.0
6.8 0.0
6.9 0.0
7.0 0.0
7.1 0.0
7.2 0.0
7.3 0.0
7.4 0.0
7.5 0.0
7.6 0.0
7.7 0.0
7.8 0.0
7.9 0.0
8.0 0.0
8.1 0.0
8.2 0.0
8.3 0.0
8.4 0.0
8.5 0.0
8.6 0.0
8.7 0.0
8.8 0.0
8.9 0.0
9.0 0.0
9.1 0.0
9.2 0.0
9.3 0.0
9.4 0.0
9.5 0.0
9.6 0.0
9.7 0.0
9.8 0.0
9.9 0.0
10.0 0.0
10.1 0.0
10.2 0.0
10.3 0.0
10.4 0.0
10.5 0.0
10.6 0.0
10.7 0.0
10.8 0.0
10.9 0.0
11.0 0.0
11.1 0.0
11.2 0.0
11.3 0.0
11.4 0.0
11.5 0.0
11.6 0.0
11.7 0.0
11.8 0.0
11.9 0.0
12.0 0.0
12.1 0.0
12.2 0.0
12.3 0.0
12.4 0.0
12.5 0.0
12.6 0.00360498999528
12.7 0.506809679547
12.8 0.93059827047
12.9 0.951891998845
13.0 0.955968192416
13.1 0.95650534837
13.2 0.956075949456
13.3 0.955499529185
13.4 0.955071185641
13.5 0.954863613342
13.6 0.954842375359
13.7 0.954932662682
13.8 0.955060995142
13.9 0.955176536547
14.0 0.955256307096
14.1 0.955298848617
14.2 0.955314219696
14.3 0.955314909474
14.4 0.955310533564
14.5 0.95530630475
14.6 0.95530630475
14.7 0.95530630475
14.8 0.95530630475
14.9 0.95530630475
15.0 0.95530630475
15.1 0.95530630475
15.2 0.95530630475
15.3 0.95530630475
15.4 0.95530630475
15.5 0.95530630475
15.6 0.95530630475
15.7 0.95530630475
15.8 0.95530630475
15.9 0.95530630475
16.0 0.95530630475
16.1 0.95530630475
16.2 0.95530630475
16.3 0.95530630475
16.4 0.95530630475
16.5 0.95530630475
16.6 0.95530630475
16.7 0.95530630475
16.8 0.95530630475
16.9 0.95530630475
17.0 0.95530630475
17.1 0.95530630475
17.2 0.95530630475
17.3 0.95530630475
17.4 0.95530630475
17.5 0.95530630475
17.6 0.95530630475
17.7 0.95530630475
17.8 0.95530630475
17.9 0.95530630475
18.0 0.95530630475
18.1 0.95530630475
18.2 0.95530630475
18.3 0.95530630475
18.4 0.95530630475
18.5 0.95530630475
18.6 0.95530630475
18.7 0.95530630475
18.8 0.95530630475
18.9 0.95530630475
19.0 0.95530630475
19.1 0.95530630475
19.2 0.95530630475
19.3 0.95530630475
19.4 0.95530630475
19.5 0.95530630475
19.6 0.95530630475
19.7 0.95530630475
19.8 0.95530630475
19.9 0.95530630475
20.0 0.95530630475
20.1 0.95530630475
20.2 0.95530630475
20.3 0.95530630475
20.4 0.95530630475
20.5 0.95530630475
20.6 0.95530630475
20.7 0.95530630475
20.8 0.95530630475
20.9 0.95530630475
21.0 0.95530630475
21.1 0.95530630475
21.2 0.95530630475
21.3 0.95530630475
21.4 0.95530630475
21.5 0.95530630475
21.6 0.95530630475
21.7 0.95530630475
21.8 0.95530630475
21.9 0.95530630475
22.0 0.95530630475
22.1 0.95530630475
22.2 0.95530630475
22.3 0.95530630475
22.4 0.95530630475
22.5 0.95530630475
22.6 0.95530630475
22.7 0.95530630475
22.8 0.95530630475
22.9 0.95530630475
23.0 0.95530630475
23.1 0.95530630475
23.2 0.95530630475
23.3 0.95530630475
23.4 0.95530630475
23.5 0.95530630475
23.6 0.95530630475
23.7 0.95530630475
23.8 0.95530630475
23.9 0.95530630475
24.0 0.95530630475
24.1 0.95530630475
24.2 0.95530630475
24.3 0.95530630475
24.4 0.95530630475
24.5 0.95530630475
24.6 0.95530630475
24.7 0.95530630475
24.8 0.95530630475
24.9 0.95530630475
25.0 0.95530630475
25.1 0.95530630475
25.2 0.95530630475
25.3 0.95530630475
25.4 0.95530630475
25.5 0.95530630475
25.6 0.95530630475
25.7 0.95530630475
25.8 0.95530630475
25.9 0.95530630475
26.0 0.95530630475
26.1 0.95530630475
26.2 0.95530630475
26.3 0.95530630475
26.4 0.95530630475
26.5 0.95530630475
26.6 0.95530630475
26.7 0.95530630475
26.8 0.95530630475
26.9 0.95530630475
27.0 0.95530630475
27.1 0.95530630475
27.2 0.95530630475
27.3 0.95530630475
27.4 0.95530630475
27.5 0.95530630475
27.6 0.95530630475
27.7 0.95530630475
27.8 0.95530630475
27.9 0.95530630475
28.0 0.95530630475
28.1 0.95530630475
28.2 0.95530630475
28.3 0.95530630475
28.4 0.95530630475
28.5 0.95530630475
28.6 0.95530630475
28.7 0.95530630475
28.8 0.95530630475
28.9 0.95530630475
29.0 0.95530630475
29.1 0.95530630475
29.2 0.95530630475
29.3 0.95530630475
29.4 0.95530630475
29.5 0.95530630475
29.6 0.95530630475
29.7 0.95530630475
29.8 0.95530630475
29.9 0.95530630475
30.0 0.95530630475
30.1 0.95530630475
30.2 0.95530630475
30.3 0.95530630475
30.4 0.95530630475
30.5 0.95530630475
30.6 0.95530630475
30.7 0.95530630475
30.8 0.95530630475
30.9 0.95530630475
31.0 0.95530630475
31.1 0.95530630475
31.2 0.95530630475
31.3 0.95530630475
31.4 0.95530630475
31.5 0.95530630475
31.6 0.95530630475
31.7 0.95530630475
31.8 0.95530630475
31.9 0.95530630475
32.0 0.95530630475
32.1 0.95530630475
32.2 0.95530630475
32.3 0.95530630475
32.4 0.95530630475
32.5 0.95530630475
32.6 0.95530630475
32.7 0.95530630475
32.8 0.95530630475
32.9 0.95530630475
33.0 0.95530630475
33.1 0.95530630475
33.2 0.95530630475
33.3 0.95530630475
33.4 0.95530630475
33.5 0.95530630475
33.6 0.95530630475
33.7 0.95530630475
33.8 0.95530630475
33.9 0.95530630475
34.0 0.95530630475
34.1 0.95530630475
34.2 0.95530630475
34.3 0.95530630475
34.4 0.95530630475
34.5 0.95530630475
34.6 0.95530630475
34.7 0.95530630475
34.8 0.95530630475
34.9 0.95530630475
35.0 0.95530630475
35.1 0.95530630475
35.2 0.95530630475
35.3 0.95530630475
35.4 0.95530630475
35.5 0.95530630475
35.6 0.95530630475
35.7 0.95530630475
35.8 0.95530630475
35.9 0.95530630475
36.0 0.95530630475
36.1 0.95530630475
36.2 0.95530630475
36.3 0.95530630475
36.4 0.95530630475
36.5 0.95530630475
36.6 0.95530630475
36.7 0.95530630475
36.8 0.95530630475
36.9 0.95530630475
37.0 0.95530630475
37.1 0.95530630475
37.2 0.95530630475
37.3 0.95530630475
37.4 0.95530630475
37.5 0.95530630475
37.6 0.95530630475
37.7 0.95530630475
37.8 0.95530630475
37.9 0.95530630475
38.0 0.95530630475
38.1 0.95530630475
38.2 0.95530630475
38.3 0.95530630475
38.4 0.95530630475
38.5 0.95530630475
38.6 0.95530630475
38.7 0.95530630475
38.8 0.95530630475
38.9 0.95530630475
39.0 0.95530630475
39.1 0.95530630475
39.2 0.95530630475
39.3 0.95530630475
39.4 0.95530630475
39.5 0.95530630475
39.6 0.95530630475
39.7 0.95530630475
39.8 0.95530630475
39.9 0.95530630475
40.0 0.95530630475
40.1 0.95530630475
40.2 0.95530630475
40.3 0.95530630475
40.4 0.95530630475
40.5 0.95530630475
40.6 0.95530630475
40.7 0.95530630475
40.8 0.95530630475
40.9 0.95530630475
41.0 0.95530630475
41.1 0.95530630475
41.2 0.95530630475
41.3 0.95530630475
41.4 0.95530630475
41.5 0.95530630475
41.6 0.95530630475
41.7 0.95530630475
41.8 0.95530630475
41.9 0.95530630475
42.0 0.95530630475
42.1 0.95530630475
42.2 0.95530630475
42.3 0.95530630475
42.4 0.95530630475
42.5 0.95530630475
42.6 0.95530630475
42.7 0.95530630475
42.8 0.95530630475
42.9 0.95530630475
43.0 0.95530630475
43.1 0.95530630475
43.2 0.95530630475
43.3 0.95530630475
43.4 0.95530630475
43.5 0.95530630475
43.6 0.95530630475
43.7 0.95530630475
43.8 0.95530630475
43.9 0.95530630475
44.0 0.95530630475
44.1 0.95530630475
44.2 0.95530630475
44.3 0.95530630475
44.4 0.95530630475
44.5 0.95530630475
44.6 0.95530630475
44.7 0.95530630475
44.8 0.95530630475
44.9 0.95530630475
45.0 0.95530630475
45.1 0.95530630475
45.2 0.95530630475
45.3 0.95530630475
45.4 0.95530630475
45.5 0.95530630475
45.6 0.95530630475
45.7 0.95530630475
45.8 0.95530630475
45.9 0.95530630475
46.0 0.95530630475
46.1 0.95530630475
46.2 0.95530630475
46.3 0.95530630475
46.4 0.95530630475
46.5 0.95530630475
46.6 0.95530630475
46.7 0.95530630475
46.8 0.95530630475
46.9 0.95530630475
47.0 0.95530630475
47.1 0.95530630475
47.2 0.95530630475
47.3 0.95530630475
47.4 0.95530630475
47.5 0.95530630475
47.6 0.95530630475
47.7 0.95530630475
47.8 0.95530630475
47.9 0.95530630475
48.0 0.95530630475
48.1 0.95530630475
48.2 0.95530630475
48.3 0.95530630475
48.4 0.95530630475
48.5 0.95530630475
48.6 0.95530630475
48.7 0.955306304751
48.8 0.95530630475
48.9 0.955306304751
49.0 0.955306304751
49.1 0.955306304751
49.2 0.955306304751
49.3 0.955306304751
49.4 0.955306304751
49.5 0.955306304751
49.6 0.955306304751
49.7 0.955306304751
49.8 0.955306304751
49.9 0.955306304751
50.0 0.955306304751
