0.0 1.0
0.1 1.0
0.2 1.0
0.3 1.0
0.4 1.0
0.5 1.0
0.6 1.0
0.7 1.0
0.8 1.0
0.9 1.0
1.0 1.0
1.1 1.0
1.2 1.0
1.3 1.0
1.4 1.0
1.5 1.0
1.6 1.0
1.7 1.0
1.8 1.0
1.9 1.0
2.0 1.0
2.1 1.0
2.2 1.0
2.3 1.0
2.4 1.0
2.5 1.0
2.6 1.0
2.7 1.0
2.8 1.0
2.9 1.0
3.0 1.0
3.1 1.0
3.2 1.0
3.3 1.0
3.4 1.0
3.5 1.0
3.6 1.0
3.7 1.0
3.8 1.0
3.9 1.0
4.0 1.0
4.1 1.0
4.2 1.0
4.3 1.0
4.4 1.0
4.5 1.0
4.6 1.0
4.7 1.0
4.8 1.0
4.9 1.0
5.0 1.0
5.1 1.0
5.2 1.0
5.3 1.0
5.4 1.0
5.5 1.0
5.6 1.0
5.7 1.0
5.8 1.0
5.9 1.0
6.0 1.0
6.1 1.0
6.2 1.0
6.3 1.0
6.4 1.0
6.5 1.0
6.6 1.0
6.7 1.0
6.8 1.0
6.9 1.0
7.0 1.0
7.1 1.0
7.2 1.0
7.3 1.0
7.4 1.0
7.5 1.0
7.6 0.999999999718
7.7 0.999999999652
7.8 0.999999999639
7.9 0.99999999972
8.0 0.999999999864
8.1 0.999999999971
8.2 0.999999999957
8.3 0.999999999827
8.4 0.999999999663
8.5 0.999999999555
8.6 0.999999999538
8.7 0.999999999594
8.8 0.99999999968
8.9 0.999999999758
9.0 0.999999999807
9.1 0.999999999824
9.2 0.999999999816
9.3 0.999999999795
9.4 0.999999999772
9.5 0.999999999755
9.6 0.999999999746
9.7 0.999999999744
9.8 0.999999999743
9.9 0.999999999737
10.0 0.999999999715
10.1 0.99999999967
10.2 0.999999999602
10.3 0.999999999514
10.4 0.999999999417
10.5 0.999999999324
10.6 0.999999999247
10.7 0.999999999184
10.8 0.999999999122
10.9 0.999999999023
11.0 0.99999999883
11.1 0.999999998473
11.2 0.999999997874
11.3 0.999999996961
11.4 0.999999995682
11.5 0.999999994012
11.6 0.99999999196
11.7 0.999999989573
11.8 0.999999986924
11.9 0.999999984119
12.0 0.999999981272
12.1 0.999999978505
12.2 0.999999975929
12.3 0.999999973642
12.4 0.99999997172
12.5 0.999999970213
12.6 0.999999969146
12.7 0.999999968517
12.8 0.999999968303
12.9 0.999999968464
13.0 0.999999968946
13.1 0.999999969689
13.2 0.999999970628
13.3 0.9999999717
13.4 0.999999972847
13.5 0.999999972847
13.6 0.999999972847
13.7 0.999999972847
13.8 0.999999972847
13.9 0.999999972847
14.0 0.999999972847
14.1 0.999999972847
14.2 0.999999972847
14.3 0.999999972847
14.4 0.999999972847
14.5 0.999999972847
14.6 0.997952463064
14.7 0.983396858675
14.8 0.908791024375
14.9 0.630775104969
15.0 0.318486606472
15.1 0.186204019469
15.2 0.131787429981
15.3 0.104759000331
15.4 0.0892758606544
15.5 0.0795265048917
15.6 0.072994458043
15.7 0.06843940463
15.8 0.0651854637646
15.9 0.0628335647925
16.0 0.0611322631461
16.1 0.0599130782616
16.2 0.0590577541537
16.3 0.0584786525896
16.4 0.0581094221901
16.5 0.0578978244222
16.6 0.0578020828725
16.7 0.0577885959636
16.8 0.0578304330202
16.9 0.0579063315352
17.0 0.0579999717397
17.1 0.0580992705582
17.2 0.0581957887201
17.3 0.0582841216534
17.4 0.0583612342213
17.5 0.0584260114773
17.6 0.0584785461867
17.7 0.0585197801132
17.8 0.0585511239065
17.9 0.0585741688815
18.0 0.0585905233916
18.1 0.0586016243543
18.2 0.0586087456701
18.3 0.0586129438625
18.4 0.0586150702668
18.5 0.0586157895453
18.6 0.0586156058748
18.7 0.0586148900125
18.8 0.0586139048917
18.9 0.058612829939
19.0 0.058612829939
19.1 0.058612829939
19.2 0.058612829939
19.3 0.058612829939
19.4 0.058612829939
19.5 0.058612829939
19.6 0.058612829939
19.7 0.058612829939
19.8 0.058612829939
19.9 0.058612829939
20.0 0.058612829939
20.1 0.058612829939
20.2 0.058612829939
20.3 0.058612829939
20.4 0.058612829939
20.5 0.058612829939
20.6 0.058612829939
20.7 0.058612829939
20.8 0.058612829939
20.9 0.058612829939
21.0 0.058612829939
21.1 0.058612829939
21.2 0.058612829939
21.3 0.058612829939
21.4 0.058612829939
21.5 0.058612829939
21.6 0.058612829939
21.7 0.058612829939
21.8 0.058612829939
21.9 0.058612829939
22.0 0.058612829939
22.1 0.058612829939
22.2 0.058612829939
22.3 0.058612829939
22.4 0.058612829939
22.5 0.058612829939
22.6 0.058612829939
22.7 0.058612829939
22.8 0.058612829939
22.9 0.058612829939
23.0 0.058612829939
23.1 0.058612829939
23.2 0.058612829939
23.3 0.058612829939
23.4 0.058612829939
23.5 0.058612829939
23.6 0.058612829939
23.7 0.058612829939
23.8 0.058612829939
23.9 0.058612829939
24.0 0.058612829939
24.1 0.058612829939
24.2 0.058612829939
24.3 0.058612829939
24.4 0.058612829939
24.5 0.058612829939
24.6 0.058612829939
24.7 0.058612829939
24.8 0.058612829939
24.9 0.058612829939
25.0 0.058612829939
25.1 0.058612829939
25.2 0.058612829939
25.3 0.058612829939
25.4 0.058612829939
25.5 0.058612829939
25.6 0.058612829939
25.7 0.058612829939
25.8 0.058612829939
25.9 0.058612829939
26.0 0.058612829939
26.1 0.058612829939
26.2 0.058612829939
26.3 0.058612829939
26.4 0.058612829939
26.5 0.058612829939
26.6 0.058612829939
26.7 0.058612829939
26.8 0.058612829939
26.9 0.058612829939
27.0 0.058612829939
27.1 0.058612829939
27.2 0.058612829939
27.3 0.058612829939
27.4 0.058612829939
27.5 0.058612829939
27.6 0.058612829939
27.7 0.058612829939
27.8 0.058612829939
27.9 0.058612829939
28.0 0.058612829939
28.1 0.058612829939
28.2 0.058612829939
28.3 0.058612829939
28.4 0.058612829939
28.5 0.058612829939
28.6 0.058612829939
28.7 0.058612829939
28.8 0.058612829939
28.9 0.058612829939
29.0 0.058612829939
29.1 0.058612829939
29.2 0.058612829939
29.3 0.058612829939
29.4 0.058612829939
29.5 0.058612829939
29.6 0.058612829939
29.7 0.058612829939
29.8 0.058612829939
29.9 0.058612829939
30.0 0.058612829939
30.1 0.058612829939
30.2 0.058612829939
30.3 0.058612829939
30.4 0.058612829939
30.5 0.058612829939
30.6 0.058612829939
30.7 0.058612829939
30.8 0.058612829939
30.9 0.058612829939
31.0 0.058612829939
31.1 0.058612829939
31.2 0.058612829939
31.3 0.058612829939
31.4 0.058612829939
31.5 0.058612829939
31.6 0.058612829939
31.7 0.058612829939
31.8 0.058612829939
31.9 0.058612829939
32.0 0.058612829939
32.1 0.058612829939
32.2 0.058612829939
32.3 0.058612829939
32.4 0.058612829939
32.5 0.058612829939
32.6 0.058612829939
32.7 0.058612829939
32.8 0.058612829939
32.9 0.058612829939
33.0 0.058612829939
33.1 0.058612829939
33.2 0.058612829939
33.3 0.058612829939
33.4 0.058612829939
33.5 0.058612829939
33.6 0.058612829939
33.7 0.058612829939
33.8 0.058612829939
33.9 0.058612829939
34.0 0.058612829939
34.1 0.058612829939
34.2 0.058612829939
34.3 0.058612829939
34.4 0.058612829939
34.5 0.058612829939
34.6 0.058612829939
34.7 0.058612829939
34.8 0.058612829939
34.9 0.058612829939
35.0 0.058612829939
35.1 0.058612829939
35.2 0.058612829939
35.3 0.058612829939
35.4 0.058612829939
35.5 0.058612829939
35.6 0.058612829939
35.7 0.058612829939
35.8 0.058612829939
35.9 0.058612829939
36.0 0.058612829939
36.1 0.058612829939
36.2 0.058612829939
36.3 0.058612829939
36.4 0.058612829939
36.5 0.058612829939
36.6 0.058612829939
36.7 0.0584994801035
36.8 0.0580289228032
36.9 0.0569153095546
37.0 0.0547577520358
37.1 0.0511836383536
37.2 0.0462113035622
37.3 0.0404585646462
37.4 0.034866496429
37.5 0.0300676414986
37.6 0.0262346852011
37.7 0.0232710229262
37.8 0.0210008562915
37.9 0.0192590021097
38.0 0.0179151120576
38.1 0.0168729625859
38.2 0.0160629983256
38.3 0.0154358105132
38.4 0.0149559061538
38.5 0.0145981396863
38.6 0.0143454583373
38.7 0.0141869553081
38.8 0.0139859377654
38.9 0.0133208486254
39.0 0.0112807717862
39.1 0.00656769846153
39.2 0.00146865269642
39.3 3.04732161508e-05
39.4 0.000415920742826
39.5 0.000793232492625
39.6 0.000761709442381
39.7 0.000362827631996
39.8 5.34906703762e-06
39.9 0.00134085781564
40.0 0.00817630725304
40.1 0.0194516812816
40.2 0.028049700255
40.3 0.0329854518809
40.4 0.0357985412864
40.5 0.037499587269
40.6 0.0385913131063
40.7 0.0393277251669
40.8 0.0398449395713
40.9 0.0402204115728
41.0 0.0405005892847
41.1 0.0407146089292
41.2 0.0408814485551
41.3 0.0410139029022
41.4 0.0411207157522
41.5 0.041208125549
41.6 0.0412806661689
41.7 0.0413417102315
41.8 0.0413940203603
41.9 0.0414400845459
42.0 0.0414811517198
42.1 0.0415177614991
42.2 0.0415503078097
42.3 0.0415791545089
42.4 0.041604645652
42.5 0.0416271053718
42.6 0.0416468355353
42.7 0.0416641168136
42.8 0.0416792047656
42.9 0.0416923326032
43.0 0.0417037106544
43.1 0.0417135299611
43.2 0.0417219630524
43.3 0.0417291651414
43.4 0.0417352770464
43.5 0.0417404263859
43.6 0.0417447281293
43.7 0.0417482895688
43.8 0.0417512069809
43.9 0.0417535690334
44.0 0.0417554565549
44.1 0.0417569427384
44.2 0.0417580934987
44.3 0.041758967795
44.4 0.0417596175038
44.5 0.0417600877326
44.6 0.0417604172534
44.7 0.0417606389117
44.8 0.0417607800295
44.9 0.041760863016
45.0 0.041760905771
45.1 0.0417609223498
45.2 0.0417609233905
45.3 0.0417609166663
45.4 0.0417609075521
45.5 0.0417608994979
45.6 0.0417608944314
45.7 0.0417608931517
45.8 0.0417608956603
45.9 0.0417609012352
46.0 0.0417609092193
46.1 0.041760918815
46.2 0.041760930174
46.3 0.0417609417975
46.4 0.0417609531517
46.5 0.0417609638583
46.6 0.0417609736834
46.7 0.0417609825198
46.8 0.0417609903504
46.9 0.0417609972056
47.0 0.0417610031579
47.1 0.0417610082968
47.2 0.0417610127118
47.3 0.0417610164887
47.4 0.0417610202125
47.5 0.0417610232853
47.6 0.0417610257992
47.7 0.0417610278356
47.8 0.0417610294581
47.9 0.0417610307279
48.0 0.0417610316923
48.1 0.0417610323942
48.2 0.0417610328708
48.3 0.0417610331549
48.4 0.0417610332748
48.5 0.0417610332559
48.6 0.0417610331204
48.7 0.0417610328881
48.8 0.0417610325768
48.9 0.0417610322021
49.0 0.0417610317777
49.1 0.0417610313156
49.2 0.0417610308268
49.3 0.0417610303201
49.4 0.0417610298037
49.5 0.041761029285
49.6 0.0417610287698
49.7 0.0417610282633
49.8 0.0417610277695
49.9 0.0417610272925
50.0 0.0417610268353
