0.0 1.0
0.1 1.0
0.2 1.0
0.3 1.0
0.4 1.0
0.5 1.0
0.6 1.0
0.7 1.0
0.8 1.0
0.9 1.0
1.0 1.0
1.1 1.0
1.2 1.0
1.3 1.0
1.4 1.0
1.5 1.0
1.6 1.0
1.7 1.0
1.8 1.0
1.9 1.0
2.0 1.0
2.1 1.0
2.2 1.0
2.3 1.0
2.4 1.0
2.5 1.0
2.6 1.0
2.7 1.0
2.8 1.0
2.9 1.0
3.0 1.0
3.1 1.0
3.2 1.0
3.3 1.0
3.4 1.0
3.5 1.0
3.6 1.0
3.7 1.0
3.8 1.0
3.9 1.0
4.0 1.0
4.1 1.0
4.2 1.0
4.3 1.0
4.4 1.0
4.5 1.0
4.6 1.0
4.7 1.0
4.8 1.0
4.9 1.0
5.0 1.0
5.1 1.0
5.2 1.0
5.3 1.0
5.4 1.0
5.5 1.0
5.6 1.0
5.7 1.0
5.8 1.0
5.9 1.0
6.0 1.0
6.1 1.0
6.2 1.0
6.3 1.0
6.4 1.0
6.5 1.0
6.6 1.0
6.7 1.0
6.8 1.0
6.9 1.0
7.0 1.0
7.1 1.0
7.2 1.0
7.3 1.0
7.4 1.0
7.5 1.0
7.6 1.0
7.7 1.0
7.8 1.0
7.9 1.0
8.0 1.0
8.1 1.0
8.2 1.0
8.3 1.0
8.4 1.0
8.5 1.0
8.6 1.0
8.7 1.0
8.8 1.0
8.9 1.0
9.0 1.0
9.1 1.0
9.2 1.0
9.3 1.0
9.4 1.0
9.5 1.0
9.6 1.0
9.7 1.0
9.8 1.0
9.9 1.0
10.0 1.0
10.1 1.0
10.2 1.0
10.3 1.0
10.4 0.999630306623
10.5 0.997157073102
10.6 0.987480197285
10.7 0.957719060545
10.8 0.88517167997
10.9 0.784455311034
11.0 0.692721645466
11.1 0.631782201561
11.2 0.597407646233
11.3 0.579932561649
11.4 0.571944768352
11.5 0.568888303082
11.6 0.568147278833
11.7 0.568303254661
11.8 0.568659426371
11.9 0.568937627934
12.0 0.569079867646
12.1 0.569121592136
12.2 0.569116750067
12.3 0.569104108992
12.4 0.569100697065
12.5 0.56910712684
12.6 0.569117443829
12.7 0.569126180049
12.8 0.569130981895
12.9 0.569132289168
13.0 0.569132289168
13.1 0.569132289168
13.2 0.569132289168
13.3 0.569132289168
13.4 0.569132289168
13.5 0.569132289168
13.6 0.569132289168
13.7 0.569132718203
13.8 0.569133805557
13.9 0.5691347602
14.0 0.569134951364
14.1 0.569134366
14.2 0.569133462049
14.3 0.569132754961
14.4 0.569132754961
14.5 0.569132754961
14.6 0.569132754961
14.7 0.569132754961
14.8 0.569132754961
14.9 0.569132754961
15.0 0.569132754961
15.1 0.569132754961
15.2 0.569132754961
15.3 0.569132754961
15.4 0.569132754961
15.5 0.569132754961
15.6 0.569132754961
15.7 0.569132754961
15.8 0.569132754961
15.9 0.569132754961
16.0 0.569132754961
16.1 0.569132754961
16.2 0.569132754961
16.3 0.569132754961
16.4 0.569132754961
16.5 0.569132754961
16.6 0.569132754961
16.7 0.569132754961
16.8 0.569132754961
16.9 0.569132754961
17.0 0.569132754961
17.1 0.569132754961
17.2 0.569132754961
17.3 0.569132754961
17.4 0.569132754961
17.5 0.569132754961
17.6 0.569132754961
17.7 0.569132754961
17.8 0.569132754961
17.9 0.569132754961
18.0 0.569132754961
18.1 0.569132754961
18.2 0.569132754961
18.3 0.569132754961
18.4 0.569132754961
18.5 0.569132754961
18.6 0.569132754961
18.7 0.569132754961
18.8 0.569132754961
18.9 0.569132754961
19.0 0.569132754961
19.1 0.569132754961
19.2 0.569132754961
19.3 0.569132754961
19.4 0.569132754961
19.5 0.569132754961
19.6 0.569132754961
19.7 0.569132754961
19.8 0.569132754961
19.9 0.569132754961
20.0 0.569132754961
20.1 0.569132754961
20.2 0.569132754961
20.3 0.569132754961
20.4 0.569132754961
20.5 0.569132754961
20.6 0.569132754961
20.7 0.569132754961
20.8 0.569132754961
20.9 0.569132754961
21.0 0.569132754961
21.1 0.569132754961
21.2 0.569132754961
21.3 0.569132754961
21.4 0.569132754961
21.5 0.569132754961
21.6 0.569132754961
21.7 0.569132754961
21.8 0.569132754961
21.9 0.569132754961
22.0 0.569132754961
22.1 0.569132754961
22.2 0.569132754961
22.3 0.569132754961
22.4 0.569132754961
22.5 0.569132754961
22.6 0.569132754961
22.7 0.569132754961
22.8 0.569132754961
22.9 0.569132754961
23.0 0.569132754961
23.1 0.569132754961
23.2 0.569132754961
23.3 0.569132754961
23.4 0.569132754961
23.5 0.569132754961
23.6 0.569132754961
23.7 0.569132754961
23.8 0.569132754961
23.9 0.569132754961
24.0 0.569132754961
24.1 0.569132754961
24.2 0.569132754961
24.3 0.569132754961
24.4 0.569132754961
24.5 0.569132754961
24.6 0.569132754961
24.7 0.569132754961
24.8 0.569132754961
24.9 0.569132754961
25.0 0.569132754961
25.1 0.569132754961
25.2 0.569132754961
25.3 0.569132754961
25.4 0.569132754961
25.5 0.569132754961
25.6 0.569132754961
25.7 0.569132754961
25.8 0.569132754961
25.9 0.569132754961
26.0 0.569132754961
26.1 0.569132754961
26.2 0.569132754961
26.3 0.569132754961
26.4 0.569132754961
26.5 0.569132754961
26.6 0.569132754961
26.7 0.569132754961
26.8 0.569132754961
26.9 0.569132754961
27.0 0.569132754961
27.1 0.569132754961
27.2 0.569132754961
27.3 0.569132754961
27.4 0.569132754961
27.5 0.569132754961
27.6 0.569132754961
27.7 0.569132754961
27.8 0.569132754961
27.9 0.569132754961
28.0 0.569132754961
28.1 0.569132754961
28.2 0.569132754961
28.3 0.569132754961
28.4 0.569132754961
28.5 0.569132754961
28.6 0.569132754961
28.7 0.569132754961
28.8 0.569132754961
28.9 0.569132754961
29.0 0.569132754961
29.1 0.569132754961
29.2 0.569132754961
29.3 0.569132754961
29.4 0.569132754961
29.5 0.569132754961
29.6 0.569132754961
29.7 0.569132754961
29.8 0.569132754961
29.9 0.569132754961
30.0 0.569132754961
30.1 0.569132754961
30.2 0.569132754961
30.3 0.569132754961
30.4 0.569132754961
30.5 0.569132754961
30.6 0.569132754961
30.7 0.569132754961
30.8 0.569132754961
30.9 0.569132754961
31.0 0.569132754961
31.1 0.569132754961
31.2 0.569132754961
31.3 0.569132754961
31.4 0.569132754961
31.5 0.569132754961
31.6 0.569132754961
31.7 0.569132754961
31.8 0.569132754961
31.9 0.569132754961
32.0 0.569132754961
32.1 0.569132754961
32.2 0.569132754961
32.3 0.569132754961
32.4 0.569132754961
32.5 0.569132754961
32.6 0.569132754961
32.7 0.569132754961
32.8 0.569132754961
32.9 0.569132754961
33.0 0.569132754961
33.1 0.569132754961
33.2 0.569132754961
33.3 0.569132754961
33.4 0.569132754961
33.5 0.569132754961
33.6 0.569132754961
33.7 0.569132754961
33.8 0.569132754961
33.9 0.569132754961
34.0 0.569132754961
34.1 0.569132754961
34.2 0.569132754961
34.3 0.569132754961
34.4 0.569132754961
34.5 0.569132754961
34.6 0.569132754961
34.7 0.569132754961
34.8 0.569132754961
34.9 0.569132754961
35.0 0.569132754961
35.1 0.569132754961
35.2 0.569132754961
35.3 0.569132754961
35.4 0.569132754961
35.5 0.569132754961
35.6 0.569132754961
35.7 0.569132754961
35.8 0.569132754961
35.9 0.569132754961
36.0 0.569132754961
36.1 0.569132754961
36.2 0.569132754961
36.3 0.569132754961
36.4 0.569132754961
36.5 0.569132754961
36.6 0.569132754961
36.7 0.569132754961
36.8 0.569132754961
36.9 0.569132754961
37.0 0.569132754961
37.1 0.569132754961
37.2 0.569132754961
37.3 0.569132754961
37.4 0.569132754961
37.5 0.569132754961
37.6 0.569132754961
37.7 0.569132754961
37.8 0.569132754961
37.9 0.569132754961
38.0 0.569132754961
38.1 0.569132754961
38.2 0.569132754961
38.3 0.569132754961
38.4 0.569132754961
38.5 0.569132754961
38.6 0.569132754961
38.7 0.569132754961
38.8 0.569132754961
38.9 0.569132754961
39.0 0.569132754961
39.1 0.569132754961
39.2 0.569132754961
39.3 0.569132754961
39.4 0.569132754961
39.5 0.569132754961
39.6 0.569132754961
39.7 0.569132754961
39.8 0.569132754961
39.9 0.569132754961
40.0 0.569132754961
40.1 0.569132754961
40.2 0.569132754961
40.3 0.569132754961
40.4 0.569132754961
40.5 0.569132754961
40.6 0.569132754961
40.7 0.569132754961
40.8 0.569132754961
40.9 0.569132754961
41.0 0.569132754961
41.1 0.569132754961
41.2 0.569132754961
41.3 0.569132754961
41.4 0.569132754961
41.5 0.569132754961
41.6 0.569132754961
41.7 0.569132754961
41.8 0.569132754961
41.9 0.569132754961
42.0 0.569132754961
42.1 0.569132754961
42.2 0.569132754961
42.3 0.569132754961
42.4 0.569132754961
42.5 0.569132754961
42.6 0.569132754961
42.7 0.569132754961
42.8 0.569132754961
42.9 0.569132754961
43.0 0.569132754961
43.1 0.569132754961
43.2 0.569132754961
43.3 0.569132754961
43.4 0.569132754961
43.5 0.569132754961
43.6 0.569132754961
43.7 0.569132754961
43.8 0.569132754961
43.9 0.569132754961
44.0 0.569132754961
44.1 0.569132754961
44.2 0.569132754961
44.3 0.569132754961
44.4 0.569132754961
44.5 0.569132754961
44.6 0.569132754961
44.7 0.569132754961
44.8 0.569132754961
44.9 0.569132754961
45.0 0.569132754961
45.1 0.569132754961
45.2 0.569132754961
45.3 0.569132754961
45.4 0.569132754961
45.5 0.569132754961
45.6 0.569132754961
45.7 0.569132754961
45.8 0.569132754961
45.9 0.569132754961
46.0 0.569132754961
46.1 0.569132754961
46.2 0.569132754961
46.3 0.569132754961
46.4 0.569132754961
46.5 0.569132754961
46.6 0.569132754961
46.7 0.569132754961
46.8 0.569132754961
46.9 0.569132754961
47.0 0.569132754961
47.1 0.569132754961
47.2 0.569132754961
47.3 0.569132754961
47.4 0.569132754961
47.5 0.569132754961
47.6 0.569132754961
47.7 0.569132754961
47.8 0.569132754961
47.9 0.569132754961
48.0 0.569132754961
48.1 0.569132754961
48.2 0.569132754961
48.3 0.569132754961
48.4 0.569132754961
48.5 0.569132754961
48.6 0.569132754961
48.7 0.569132754961
48.8 0.569132754961
48.9 0.569132754961
49.0 0.569132754961
49.1 0.569132754961
49.2 0.569132754961
49.3 0.569132754961
49.4 0.569132754961
49.5 0.569132754961
49.6 0.569132754961
49.7 0.569132754961
49.8 0.569132754961
49.9 0.569132754961
50.0 0.569132754961
