0.0 0.0
0.1 0.0
0.2 0.0
0.3 0.0
0.4 0.0
0.5 0.0
0.6 0.0
0.7 0.0
0.8 0.0
0.9 0.0
1.0 0.0
1.1 0.0
1.2 0.0
1.3 0.0
1.4 0.0
1.5 0.0
1.6 0.0
1.7 0.0
1.8 0.0
1.9 0.0
2.0 0.0
2.1 0.0
2.2 0.0
2.3 0.0
2.4 0.0
2.5 0.0
2.6 0.0
2.7 0.0
2.8 0.0
2.9 0.0
3.0 0.0
3.1 0.0
3.2 0.0
3.3 0.0
3.4 0.0
3.5 0.0
3.6 0.0
3.7 0.0
3.8 0.0
3.9 0.0
4.0 0.0
4.1 0.0
4.2 0.0
4.3 0.0
4.4 0.0
4.5 0.0
4.6 0.0
4.7 0.0
4.8 0.0
4.9 0.0
5.0 0.0
5.1 0.0
5.2 0.0
5.3 0.0
5.4 0.0
5.5 0.0
5.6 0.0
5.7 0.0
5.8 0.0
5.9 0.0
6.0 0.0
6.1 0.0
6.2 0.0
6.3 0.0
6.4 0.0
6.5 0.0
6.6 0.0
6.7 0.0
6.8 0.0
6.9 0.0
7.0 0.0
7.1 0.0
7.2 0.0
7.3 0.0
7.4 0.0
7.5 0.0
7.6 0.0
7.7 0.0
7.8 0.0
7.9 0.0
8.0 0.0
8.1 0.0
8.2 0.0
8.3 0.0
8.4 0.0
8.5 0.0
8.6 0.0
8.7 0.0
8.8 0.0
8.9 0.0
9.0 0.0
9.1 0.0
9.2 0.0
9.3 0.0
9.4 0.0
9.5 0.0
9.6 0.0
9.7 0.0
9.8 0.0
9.9 0.0
10.0 0.0
10.1 0.0
10.2 0.0
10.3 0.0
10.4 0.000369693377276
10.5 0.00284292689788
10.6 0.0125198027148
10.7 0.0422809394552
10.8 0.114828320031
10.9 0.215544688966
11.0 0.307278354534
11.1 0.368217798439
11.2 0.402592353767
11.3 0.42006743835
11.4 0.428055231648
11.5 0.431111696918
11.6 0.431852721167
11.7 0.431696745339
11.8 0.431340573629
11.9 0.431062372066
12.0 0.430920132354
12.1 0.430878407864
12.2 0.430883249933
12.3 0.430895891008
12.4 0.430899302935
12.5 0.43089287316
12.6 0.430882556171
12.7 0.430873819951
12.8 0.430869018105
12.9 0.430867710832
13.0 0.430867710832
13.1 0.430867710832
13.2 0.430867710832
13.3 0.430867710832
13.4 0.430867710832
13.5 0.430867710832
13.6 0.430867710832
13.7 0.426869571284
13.8 0.415281855327
13.9 0.396903914197
14.0 0.372730986734
14.1 0.34389237802
14.2 0.311597025449
14.3 0.277085219662
14.4 0.241585747918
14.5 0.206277938601
14.6 0.172258016558
14.7 0.140509994344
14.8 0.111882677463
14.9 0.0870718088385
15.0 0.066606805373
15.1 0.0508423979759
15.2 0.0399534115068
15.3 0.0339295748194
15.4 0.0325655542137
15.5 0.0354278690469
15.6 0.0417299981703
15.7 0.049541533078
15.8 0.0559253270346
15.9 0.0597784605386
16.0 0.0621102382796
16.1 0.0636894103262
16.2 0.0647755520335
16.3 0.0655090712177
16.4 0.0659866339407
16.5 0.0663326608801
16.6 0.0666866777683
16.7 0.0671242266408
16.8 0.0676553805542
16.9 0.0682781210497
17.0 0.0689915123681
17.1 0.0697948087359
17.2 0.0706871019632
17.3 0.0716670751596
17.4 0.0727329165235
17.5 0.0738822405398
17.6 0.0751120016864
17.7 0.0764185412791
17.8 0.0777975318726
17.9 0.0792439904283
18.0 0.0807523735176
18.1 0.0823166468922
18.2 0.083930334367
18.3 0.0855866059248
18.4 0.0872784084792
18.5 0.0889985372046
18.6 0.0907396976531
18.7 0.0924946157878
18.8 0.0942561498537
18.9 0.0960173330754
19.0 0.0977713682873
19.1 0.0995116099263
19.2 0.101231472419
19.3 0.102924344734
19.4 0.104583332797
19.5 0.106200770713
19.6 0.107767063023
19.7 0.109288853566
19.8 0.110797989255
19.9 0.112298467289
20.0 0.113777584033
20.1 0.115223654719
20.2 0.116626361547
20.3 0.11797690779
20.4 0.1192680787
20.5 0.120494210892
20.6 0.121651104174
20.7 0.12273591109
20.8 0.123747013691
20.9 0.12468390359
21.0 0.125547047137
21.1 0.126337754049
21.2 0.127058057247
21.3 0.127710586719
21.4 0.128298456389
21.5 0.128825163292
21.6 0.129294485696
21.7 0.129710393676
21.8 0.130076970814
21.9 0.130398337734
22.0 0.130678581424
22.1 0.130921693736
22.2 0.131131521473
22.3 0.131311724925
22.4 0.131465743098
22.5 0.131596770311
22.6 0.131707741911
22.7 0.131801326708
22.8 0.131879926527
22.9 0.131945681802
23.0 0.132000482353
23.1 0.132045982086
23.2 0.132083616561
23.3 0.132114622351
23.4 0.132140057401
23.5 0.13216082173
23.6 0.132177677807
23.7 0.132191269941
23.8 0.132202142159
23.9 0.132210754482
24.0 0.132217497276
24.1 0.132222703591
24.2 0.132226659139
24.3 0.132229609515
24.4 0.132231765337
24.5 0.132233305758
24.6 0.132234380758
24.7 0.132235113004
24.8 0.132235599927
24.9 0.132235916343
25.0 0.13223611762
25.1 0.132236243227
25.2 0.132236320317
25.3 0.132236366973
25.4 0.132236394902
25.5 0.132236411496
25.6 0.13223642133
25.7 0.132236427177
25.8 0.132236430678
25.9 0.132236432774
26.0 0.132236433979
26.1 0.132236434608
26.2 0.132236434919
26.3 0.132236435081
26.4 0.132236435166
26.5 0.132236435209
26.6 0.13223643523
26.7 0.13223643524
26.8 0.132236435243
26.9 0.132236435244
27.0 0.132236435244
27.1 0.132236435244
27.2 0.132236435244
27.3 0.132236435244
27.4 0.132236435244
27.5 0.132236435244
27.6 0.132236435244
27.7 0.132236435244
27.8 0.132236435244
27.9 0.132236435244
28.0 0.132236435244
28.1 0.132236435244
28.2 0.132236435244
28.3 0.132236435244
28.4 0.132236435244
28.5 0.132236435244
28.6 0.132236435244
28.7 0.132236435244
28.8 0.132236435244
28.9 0.132236435244
29.0 0.132236435244
29.1 0.132236435244
29.2 0.132236435244
29.3 0.132236435244
29.4 0.132236435244
29.5 0.132236435244
29.6 0.132236435244
29.7 0.132236435244
29.8 0.132236435244
29.9 0.132236435244
30.0 0.132236435244
30.1 0.132236435244
30.2 0.132236435244
30.3 0.132236435244
30.4 0.132236435244
30.5 0.132236435244
30.6 0.132236435244
30.7 0.132236435244
30.8 0.132236435244
30.9 0.132236435244
31.0 0.132236435244
31.1 0.132236435244
31.2 0.132236435244
31.3 0.132236435244
31.4 0.132236435244
31.5 0.132236435244
31.6 0.132236435244
31.7 0.132236435244
31.8 0.132236435244
31.9 0.132236435244
32.0 0.132236435244
32.1 0.132236435244
32.2 0.132236435244
32.3 0.132236435244
32.4 0.132236435244
32.5 0.132236435244
32.6 0.132236435244
32.7 0.132236435244
32.8 0.132236435244
32.9 0.132236435244
33.0 0.132236435244
33.1 0.132236435244
33.2 0.132236435244
33.3 0.132236435244
33.4 0.132236435244
33.5 0.132236435244
33.6 0.132236435244
33.7 0.132236435244
33.8 0.132236435244
33.9 0.132236435244
34.0 0.132236435244
34.1 0.132236435244
34.2 0.132236435244
34.3 0.132236435244
34.4 0.132236435244
34.5 0.132236435244
34.6 0.132236435244
34.7 0.132236435244
34.8 0.132236435244
34.9 0.132236435244
35.0 0.132236435244
35.1 0.132236435244
35.2 0.132236435244
35.3 0.132236435244
35.4 0.132236435244
35.5 0.132236435244
35.6 0.132236435244
35.7 0.132236435244
35.8 0.132236435244
35.9 0.132236435244
36.0 0.132236435244
36.1 0.132236435244
36.2 0.132236435244
36.3 0.132236435244
36.4 0.132236435244
36.5 0.132236435244
36.6 0.132236435244
36.7 0.132236435244
36.8 0.132236435244
36.9 0.132236435244
37.0 0.132236435244
37.1 0.132236435244
37.2 0.132236435244
37.3 0.132236435244
37.4 0.132236435244
37.5 0.132236435244
37.6 0.132236435244
37.7 0.132236435244
37.8 0.132236435244
37.9 0.132236435244
38.0 0.132236435244
38.1 0.132236435244
38.2 0.132236435244
38.3 0.132236435244
38.4 0.132236435244
38.5 0.132236435244
38.6 0.132236435244
38.7 0.132236435244
38.8 0.132236435244
38.9 0.132236435244
39.0 0.132236435244
39.1 0.132236435244
39.2 0.132236435244
39.3 0.132236435244
39.4 0.132236435244
39.5 0.132236435244
39.6 0.132236435244
39.7 0.132236435244
39.8 0.132236435244
39.9 0.132236435244
40.0 0.132236435244
40.1 0.132236435244
40.2 0.132236435244
40.3 0.132236435244
40.4 0.132236435244
40.5 0.132236435244
40.6 0.132236435244
40.7 0.132236435244
40.8 0.132236435244
40.9 0.132236435244
41.0 0.132236435244
41.1 0.132236435244
41.2 0.132236435244
41.3 0.132236435244
41.4 0.132236435244
41.5 0.132236435244
41.6 0.132236435244
41.7 0.132236435244
41.8 0.132236435244
41.9 0.132236435244
42.0 0.132236435244
42.1 0.132236435244
42.2 0.132236435244
42.3 0.132236435244
42.4 0.132236435244
42.5 0.132236435244
42.6 0.132236435244
42.7 0.132236435244
42.8 0.132236435244
42.9 0.132236435244
43.0 0.132236435244
43.1 0.132236435244
43.2 0.132236435244
43.3 0.132236435244
43.4 0.132236435244
43.5 0.132236435244
43.6 0.132236435244
43.7 0.132236435244
43.8 0.132236435244
43.9 0.132236435244
44.0 0.132236435244
44.1 0.132236435244
44.2 0.132236435244
44.3 0.132236435244
44.4 0.132236435244
44.5 0.132236435244
44.6 0.132236435244
44.7 0.132236435244
44.8 0.132236435244
44.9 0.132236435244
45.0 0.132236435244
45.1 0.132236435244
45.2 0.132236435244
45.3 0.132236435244
45.4 0.132236435244
45.5 0.132236435244
45.6 0.132236435244
45.7 0.132236435244
45.8 0.132236435244
45.9 0.132236435244
46.0 0.132236435244
46.1 0.132236435244
46.2 0.132236435244
46.3 0.132236435244
46.4 0.132236435244
46.5 0.132236435244
46.6 0.132236435244
46.7 0.132236435244
46.8 0.132236435244
46.9 0.132236435244
47.0 0.132236435244
47.1 0.132236435244
47.2 0.132236435244
47.3 0.132236435244
47.4 0.132236435244
47.5 0.132236435244
47.6 0.132236435244
47.7 0.132236435244
47.8 0.132236435244
47.9 0.132236435244
48.0 0.132236435244
48.1 0.132236435244
48.2 0.132236435244
48.3 0.132236435244
48.4 0.132236435244
48.5 0.132236435244
48.6 0.132236435244
48.7 0.132236435244
48.8 0.132236435244
48.9 0.132236435244
49.0 0.132236435244
49.1 0.132236435244
49.2 0.132236435244
49.3 0.132236435244
49.4 0.132236435244
49.5 0.132236435244
49.6 0.132236435244
49.7 0.132236435244
49.8 0.132236435244
49.9 0.132236435244
50.0 0.132236435244
