0.0 1.0
0.1 1.0
0.2 1.0
0.3 1.0
0.4 1.0
0.5 1.0
0.6 1.0
0.7 1.0
0.8 1.0
0.9 1.0
1.0 1.0
1.1 1.0
1.2 1.0
1.3 1.0
1.4 1.0
1.5 1.0
1.6 1.0
1.7 1.0
1.8 1.0
1.9 1.0
2.0 1.0
2.1 1.0
2.2 1.0
2.3 1.0
2.4 1.0
2.5 1.0
2.6 1.0
2.7 1.0
2.8 1.0
2.9 1.0
3.0 1.0
3.1 1.0
3.2 1.0
3.3 1.0
3.4 1.0
3.5 1.0
3.6 1.0
3.7 1.0
3.8 1.0
3.9 1.0
4.0 1.0
4.1 1.0
4.2 1.0
4.3 1.0
4.4 1.0
4.5 1.0
4.6 1.0
4.7 1.0
4.8 1.0
4.9 1.0
5.0 1.0
5.1 1.0
5.2 1.0
5.3 1.0
5.4 1.0
5.5 1.0
5.6 1.0
5.7 1.0
5.8 1.0
5.9 1.0
6.0 1.0
6.1 1.0
6.2 1.0
6.3 1.0
6.4 1.0
6.5 1.0
6.6 1.0
6.7 1.0
6.8 1.0
6.9 1.0
7.0 0.999999996356
7.1 0.999999995548
7.2 0.999999995217
7.3 0.999999995928
7.4 0.999999997668
7.5 0.999999999504
7.6 0.999999999839
7.7 0.999999997283
7.8 0.999999991617
7.9 0.999999984227
8.0 0.999999977457
8.1 0.999999973501
8.2 0.999999973317
8.3 0.999999976387
8.4 0.999999981239
8.5 0.999999986278
8.6 0.999999990406
8.7 0.999999993208
8.8 0.999999993208
8.9 0.999999993208
9.0 0.999999993208
9.1 0.999999993208
9.2 0.999999993208
9.3 0.999999993208
9.4 0.999999993208
9.5 0.999999993208
9.6 0.999999993208
9.7 0.999999993208
9.8 0.999999993208
9.9 0.999999993208
10.0 0.999999993208
10.1 0.999999993208
10.2 0.999999993208
10.3 0.999999993208
10.4 0.999999993208
10.5 0.999999993208
10.6 0.995676270866
10.7 0.58123725877
10.8 0.0097629983113
10.9 0.00051975734481
11.0 0.000453738043425
11.1 0.00281359065444
11.2 0.00635703195138
11.3 0.0104756804814
11.4 0.0146143658158
11.5 0.0183793262269
11.6 0.0215069018991
11.7 0.0238354065093
11.8 0.0253187652371
11.9 0.0260121875645
12.0 0.0260212185312
12.1 0.0255040124905
12.2 0.0246294188594
12.3 0.0236038326599
12.4 0.0225087977432
12.5 0.0214608104946
12.6 0.0205407824642
12.7 0.0198025471391
12.8 0.0192717936166
12.9 0.0189535404111
13.0 0.0188378762203
13.1 0.018905494782
13.2 0.0191320727992
13.3 0.0194914992598
13.4 0.0199583870283
13.5 0.0205081185308
13.6 0.0211183297534
13.7 0.0217690006604
13.8 0.0224414832732
13.9 0.0231191264169
14.0 0.023786994974
14.1 0.02443175081
14.2 0.0250418082417
14.3 0.0256071543473
14.4 0.0261201880736
14.5 0.0265737227921
14.6 0.0269634944106
14.7 0.027285911752
14.8 0.0275391100276
14.9 0.027722545064
15.0 0.0278372760758
15.1 0.027885267624
15.2 0.02786981286
15.3 0.0277953648982
15.4 0.0276676022752
15.5 0.0274928352452
15.6 0.0272789375875
15.7 0.0270341780657
15.8 0.0267676051921
15.9 0.0264886954524
16.0 0.026206976807
16.1 0.0259322921279
16.2 0.0256737153042
16.3 0.0254396799289
16.4 0.02523746584
16.5 0.0250732150685
16.6 0.0249513638708
16.7 0.0248744995659
16.8 0.0248433781434
16.9 0.0248568063419
17.0 0.0249117856323
17.1 0.0250036506803
17.2 0.0251263646085
17.3 0.0252727004752
17.4 0.025434839349
17.5 0.0256045544252
17.6 0.0257736467912
17.7 0.0259343514216
17.8 0.0260796957943
17.9 0.0262038313624
18.0 0.026302342224
18.1 0.0263724533562
18.2 0.0264104005448
18.3 0.0264216024458
18.4 0.0264084573825
18.5 0.026374777775
18.6 0.0263253757361
18.7 0.0262656590124
18.8 0.0262012418063
18.9 0.0261372761927
19.0 0.0260781812993
19.1 0.026027249549
19.2 0.0259864694368
19.3 0.0259565480294
19.4 0.0259369753685
19.5 0.0259264329643
19.6 0.0259230098442
19.7 0.025924610889
19.8 0.0259292465256
19.9 0.0259352441803
20.0 0.0259413665335
20.1 0.0259468187152
20.2 0.0259512082771
20.3 0.0259544440724
20.4 0.0259566307761
20.5 0.0259566307761
20.6 0.0259566307761
20.7 0.0259566307761
20.8 0.0259566307761
20.9 0.0259566307761
21.0 0.0259566307761
21.1 0.0259566307761
21.2 0.0259566307761
21.3 0.0259566307761
21.4 0.0259566307761
21.5 0.0259566307761
21.6 0.0259566307761
21.7 0.0259566307761
21.8 0.0259566307761
21.9 0.0259566307761
22.0 0.0259566307761
22.1 0.0259566307761
22.2 0.0259566307761
22.3 0.0259566307761
22.4 0.0259566307761
22.5 0.0259566307761
22.6 0.0259566307761
22.7 0.0259566307761
22.8 0.0259075855338
22.9 0.0257289228781
23.0 0.0253729374306
23.1 0.0248036849568
23.2 0.0240150673368
23.3 0.0230320386699
23.4 0.0219316277828
23.5 0.020797900912
23.6 0.0197039888598
23.7 0.0187006644688
23.8 0.0178125084056
23.9 0.0170468803111
24.0 0.0163991447892
24.1 0.0158579190851
24.2 0.0154111439417
24.3 0.0150457940703
24.4 0.0147514647156
24.5 0.0145156150515
24.6 0.0143300595324
24.7 0.0141868433117
24.8 0.0140790731714
24.9 0.0140008319391
25.0 0.0139463750597
25.1 0.0139125705138
25.2 0.0138948467268
25.3 0.0138898372223
25.4 0.013894570409
25.5 0.0139064408582
25.6 0.0139231447901
25.7 0.0139427936319
25.8 0.0139635537392
25.9 0.0139839998735
26.0 0.0140029225026
26.1 0.0140196270054
26.2 0.0140321876243
26.3 0.0140411421922
26.4 0.0140456145588
26.5 0.0140452623868
26.6 0.01403988914
26.7 0.0140294549598
26.8 0.0140140234085
26.9 0.0139938009098
27.0 0.0139690638686
27.1 0.0139401939802
27.2 0.0139076563951
27.3 0.013871988769
27.4 0.0138337902077
27.5 0.0137937131392
27.6 0.0137524437852
27.7 0.0137106997053
27.8 0.0136701554249
27.9 0.0136305786251
28.0 0.0135926992785
28.1 0.0135572210914
28.2 0.0135248187887
28.3 0.013496113817
28.4 0.0134716671509
28.5 0.013451966433
28.6 0.0134374105613
28.7 0.013428305252
28.8 0.0134248538155
28.9 0.0134271515162
29.0 0.0134351858717
29.1 0.0134488381764
29.2 0.0134678888549
29.3 0.0134920260338
29.4 0.0135208566459
29.5 0.0135539181719
29.6 0.0135906975947
29.7 0.0136306419247
29.8 0.013673188869
29.9 0.0137177324822
30.0 0.0137637062884
30.1 0.0138105542355
30.2 0.0138577472111
30.3 0.0139047946782
30.4 0.0139512486603
30.5 0.0139967116846
30.6 0.0140408357156
30.7 0.0140833256332
30.8 0.0141239379236
30.9 0.0141624792395
31.0 0.0141988042684
31.1 0.0142328120492
31.2 0.0142644424659
31.3 0.0142936726613
31.4 0.0143205123031
31.5 0.0143449999849
31.6 0.0143671985482
31.7 0.0143871912643
31.8 0.0144050977761
31.9 0.0144209752288
32.0 0.0144350150449
32.1 0.0144472851272
32.2 0.0144579753132
32.3 0.0144671683552
32.4 0.0144750393551
32.5 0.0144817058404
32.6 0.0144872882464
32.7 0.0144919131096
32.8 0.0144957012449
32.9 0.0144987589858
33.0 0.0145011872194
33.1 0.0145030789438
33.2 0.0145045187065
33.3 0.0145055825036
33.4 0.014506337955
33.5 0.0145068447106
33.6 0.0145071545104
33.7 0.0145073117327
33.8 0.0145073539501
33.9 0.0145073124189
34.0 0.0145072127188
34.1 0.0145070753497
34.2 0.0145069164524
34.3 0.0145067482867
34.4 0.0145065799218
34.5 0.0145064132932
34.6 0.0145062575451
34.7 0.0145061153393
34.8 0.0145059879511
34.9 0.0145058757023
35.0 0.0145057782124
35.1 0.0145056946187
35.2 0.0145056237747
35.3 0.0145055643862
35.4 0.0145055151074
35.5 0.014505474637
35.6 0.014505474637
35.7 0.014505474637
35.8 0.014505474637
35.9 0.014505474637
36.0 0.014505474637
36.1 0.014505474637
36.2 0.014505474637
36.3 0.014505474637
36.4 0.014505474637
36.5 0.014505474637
36.6 0.014505474637
36.7 0.014505474637
36.8 0.014505474637
36.9 0.014505474637
37.0 0.014505474637
37.1 0.014505474637
37.2 0.014505474637
37.3 0.014505474637
37.4 0.014505474637
37.5 0.014505474637
37.6 0.014505474637
37.7 0.014505474637
37.8 0.014505474637
37.9 0.014505474637
38.0 0.0144785694805
38.1 0.0143881092651
38.2 0.0142222131405
38.3 0.0139759585031
38.4 0.0136543937985
38.5 0.0132730633973
38.6 0.0128562232644
38.7 0.0124304169339
38.8 0.0120200180504
38.9 0.0116446290818
39.0 0.0113180658725
39.1 0.011049212074
39.2 0.0108435056576
39.3 0.0107044932125
39.4 0.0106350474211
39.5 0.0106382633899
39.6 0.0107180164822
39.7 0.0108786757917
39.8 0.0111253772316
39.9 0.0114616672681
40.0 0.0118862524658
40.1 0.0123871880593
40.2 0.0129345802386
40.3 0.0134761418602
40.4 0.0139436744599
40.5 0.0142750310861
40.6 0.0144405912642
40.7 0.0144521810686
40.8 0.0143493547734
40.9 0.0141776735272
41.0 0.0139745796619
41.1 0.0137654710234
41.2 0.0135652355149
41.3 0.0133813752501
41.4 0.0132167940871
41.5 0.0130718188765
41.6 0.0129453682544
41.7 0.0128357621752
41.8 0.0127412360279
41.9 0.0126596454273
42.0 0.0125896671832
42.1 0.0125296053328
42.2 0.0124781084555
42.3 0.0124339689246
42.4 0.0123961688792
42.5 0.012363819631
42.6 0.012336158615
42.7 0.0123125266809
42.8 0.0122923584204
42.9 0.0122751676122
43.0 0.0122605358751
43.1 0.0122481034226
43.2 0.0122375604818
43.3 0.0122286400976
43.4 0.0122211123497
43.5 0.012214778833
43.6 0.012209468565
43.7 0.0122050338495
43.8 0.0122013474108
43.9 0.0121982993599
44.0 0.0121957940522
44.1 0.0121937510684
44.2 0.0121920991586
44.3 0.0121907773979
44.4 0.0121897335185
44.5 0.0121889218449
44.6 0.0121883037184
44.7 0.0121878456971
44.8 0.0121875192765
44.9 0.0121872999136
45.0 0.0121871667372
45.1 0.0121871019675
45.2 0.0121870906076
45.3 0.0121871200203
45.4 0.0121871796447
45.5 0.0121872607275
45.6 0.0121873560837
45.7 0.0121874598799
45.8 0.0121875675292
45.9 0.0121876752614
46.0 0.0121877804371
46.1 0.0121878810436
46.2 0.0121879754201
46.3 0.0121880630094
46.4 0.0121881429281
46.5 0.0121882172579
46.6 0.0121882838035
46.7 0.0121883428325
46.8 0.0121883947466
46.9 0.0121884400322
47.0 0.0121884792328
47.1 0.012188512907
47.2 0.0121885416169
47.3 0.0121885659046
47.4 0.0121885862848
47.5 0.0121886032368
47.6 0.012188617201
47.7 0.0121886285761
47.8 0.0121886377201
47.9 0.0121886449551
48.0 0.0121886505619
48.1 0.0121886547917
48.2 0.0121886578637
48.3 0.0121886599703
48.4 0.0121886612786
48.5 0.0121886619338
48.6 0.0121886620618
48.7 0.0121886617713
48.8 0.0121886611556
48.9 0.0121886602949
49.0 0.0121886592575
49.1 0.0121886581008
49.2 0.012188656874
49.3 0.0121886556162
49.4 0.0121886543617
49.5 0.0121886531375
49.6 0.0121886519636
49.7 3.443403528e-05
49.8 2.64910465113e-05
49.9 2.45562476773e-05
50.0 2.36636343931e-05
