0.0 0.0 1.0 1.0 
4.134137 0.0 1.0 1.0 
8.268274 0.0 1.0 1.0 
12.402411 0.0 1.0000000000000004 1.0000000000000004 
16.536548 0.0 1.0000000000000004 1.0000000000000004 
20.670685 0.0 1.0000000000000002 1.0000000000000002 
24.804821999999998 0.0 1.0 1.0 
28.938958999999997 0.0 0.9999999999999999 0.9999999999999999 
33.073096 0.0 0.9999999999999997 0.9999999999999997 
37.207233 0.0 0.9999999999999993 0.9999999999999993 
41.341370000000005 0.0 0.9999999999999994 0.9999999999999994 
45.47550700000001 0.0 0.9999999999999998 0.9999999999999998 
49.60964400000001 0.0 0.9999999999999996 0.9999999999999996 
53.74378100000001 0.0 0.9999999999999996 0.9999999999999996 
57.877918000000015 0.0 0.9999999999999994 0.9999999999999994 
62.01205500000002 0.0 0.9999999999999996 0.9999999999999996 
66.14619200000001 0.0 0.9999999999999998 0.9999999999999998 
70.28032900000001 0.0 0.9999999999999998 0.9999999999999998 
74.414466 0.0 0.9999999999999998 0.9999999999999998 
78.548603 0.0 0.9999999999999998 0.9999999999999998 
82.68274 0.0 0.9999999999999997 0.9999999999999997 
86.81687699999999 0.0 0.9999999999999996 0.9999999999999996 
90.95101399999999 0.0 0.9999999999999992 0.9999999999999992 
95.08515099999998 0.0 0.9999999999999993 0.9999999999999993 
99.21928799999998 0.0 0.9999999999999992 0.9999999999999992 
103.35342499999997 0.0 0.9999999999999991 0.9999999999999991 
107.48756199999997 0.0 0.9999999999999992 0.9999999999999992 
111.62169899999996 0.0 0.9999999999999992 0.9999999999999992 
115.75583599999996 0.0 0.9999999999999993 0.9999999999999993 
119.88997299999996 0.0 0.9999999999999991 0.9999999999999991 
124.02410999999995 0.0 0.999999999999999 0.999999999999999 
128.15824699999996 0.0 0.9999999999999989 0.9999999999999989 
132.29238399999997 0.0 0.9999999999999992 0.9999999999999992 
136.42652099999998 0.0 0.9999999999999991 0.9999999999999991 
140.560658 0.0 0.999999999999999 0.999999999999999 
144.694795 0.0 0.9999999999999991 0.9999999999999991 
148.828932 0.0 0.9999999999999991 0.9999999999999991 
152.96306900000002 0.0 0.999999999999999 0.999999999999999 
157.09720600000003 0.0 0.9999999999999989 0.9999999999999989 
161.23134300000004 0.0 0.9999999999999989 0.9999999999999989 
165.36548000000005 0.0 0.999999999999999 0.999999999999999 
169.49961700000006 0.0 0.9999999999999989 0.9999999999999989 
173.63375400000007 0.0 0.999999999999999 0.999999999999999 
177.76789100000008 0.0 0.999999999999999 0.999999999999999 
181.9020280000001 0.0 0.999999999999999 0.999999999999999 
186.0361650000001 0.0 0.9999999999999991 0.9999999999999991 
190.1703020000001 0.0 0.9999999999999991 0.9999999999999991 
194.30443900000012 0.0 0.9999999999999987 0.9999999999999987 
198.43857600000013 0.0 0.9999999999999987 0.9999999999999987 
202.57271300000014 0.0 0.9999999999999991 0.9999999999999991 
206.70685000000014 0.0 0.9999999999999991 0.9999999999999991 
210.84098700000015 0.0 0.999999999999999 0.999999999999999 
214.97512400000016 0.0 0.9999999999999992 0.9999999999999992 
219.10926100000017 0.0 0.9999999999999993 0.9999999999999993 
223.24339800000018 0.0 0.9999999999999992 0.9999999999999992 
227.3775350000002 0.0 0.9999999999999992 0.9999999999999992 
231.5116720000002 0.0 0.9999999999999992 0.9999999999999992 
235.6458090000002 0.0 0.9999999999999991 0.9999999999999991 
239.77994600000022 0.0 0.9999999999999989 0.9999999999999989 
243.91408300000023 0.0 0.9999999999999989 0.9999999999999989 
248.04822000000024 0.0 0.9999999999999987 0.9999999999999987 
252.18235700000025 0.0 0.9999999999999984 0.9999999999999984 
256.31649400000026 0.0 0.9999999999999986 0.9999999999999986 
260.45063100000027 0.0 0.9999999999999981 0.9999999999999981 
264.5847680000003 0.0 0.9999999999999982 0.9999999999999982 
268.7189050000003 0.0 0.9999999999999978 0.9999999999999978 
272.8530420000003 0.0 0.9999999999999981 0.9999999999999981 
276.9871790000003 0.0 0.9999999999999982 0.9999999999999982 
281.1213160000003 0.0 0.9999999999999982 0.9999999999999982 
285.25545300000033 0.0 0.9999999999999983 0.9999999999999983 
289.38959000000034 3.6441753306510964e-09 0.9999999963558229 0.9999999999999983 
293.52372700000035 4.452220055706599e-09 0.9999999955477782 0.9999999999999982 
297.65786400000036 4.782762478549066e-09 0.9999999952172359 0.9999999999999983 
301.79200100000037 4.071811669674605e-09 0.9999999959281869 0.9999999999999986 
305.9261380000004 2.3317821288870394e-09 0.9999999976682163 0.9999999999999984 
310.0602750000004 4.95703990514251e-10 0.9999999995042945 0.9999999999999984 
314.1944120000004 1.611459277501708e-10 0.9999999998388525 0.9999999999999983 
318.3285490000004 2.716979217640209e-09 0.9999999972830192 0.9999999999999984 
322.4626860000004 8.383470501133207e-09 0.9999999916165279 0.9999999999999983 
326.5968230000004 1.5772727620601844e-08 0.9999999842272708 0.9999999999999984 
330.73096000000044 2.2543076488881248e-08 0.9999999774569222 0.9999999999999986 
334.86509700000045 2.649889963828518e-08 0.9999999735010985 0.9999999999999982 
338.99923400000046 2.6682954241939245e-08 0.9999999733170439 0.9999999999999982 
343.13337100000047 2.3612580776033077e-08 0.9999999763874169 0.9999999999999976 
347.2675080000005 1.8760582078951303e-08 0.9999999812394154 0.9999999999999974 
351.4016450000005 1.3722026009060781e-08 0.9999999862779717 0.9999999999999978 
355.5357820000005 9.59386137451266e-09 0.999999990406136 0.9999999999999973 
359.6699190000005 6.792343513519011e-09 0.9999999932076536 0.9999999999999971 
363.8040560000005 6.7923435135190115e-09 0.9999999932076533 0.9999999999999968 
367.9381930000005 6.7923435135190115e-09 0.9999999932076532 0.9999999999999967 
372.07233000000053 6.7923435135190115e-09 0.9999999932076531 0.9999999999999967 
376.20646700000054 6.792343513519011e-09 0.9999999932076531 0.9999999999999967 
380.34060400000055 6.79234351351901e-09 0.9999999932076529 0.9999999999999964 
384.47474100000056 6.792343513519007e-09 0.9999999932076526 0.9999999999999961 
388.6088780000006 6.792343513519004e-09 0.9999999932076529 0.9999999999999963 
392.7430150000006 6.7923435135190015e-09 0.9999999932076529 0.9999999999999964 
396.8771520000006 6.792343513519003e-09 0.999999993207653 0.9999999999999966 
401.0112890000006 6.792343513519004e-09 0.9999999932076531 0.9999999999999967 
405.1454260000006 6.792343513519004e-09 0.9999999932076531 0.9999999999999966 
409.2795630000006 6.7923435135190065e-09 0.9999999932076531 0.9999999999999967 
413.41370000000063 6.792343513519006e-09 0.9999999932076531 0.9999999999999966 
417.54783700000064 6.792343513519006e-09 0.9999999932076532 0.9999999999999967 
421.68197400000065 6.792343513519004e-09 0.999999993207653 0.9999999999999964 
425.81611100000066 6.792343513519006e-09 0.9999999932076529 0.9999999999999963 
429.95024800000067 6.7923435135190065e-09 0.9999999932076531 0.9999999999999966 
434.0843850000007 6.792343513519009e-09 0.9999999932076532 0.9999999999999967 
438.2185220000007 0.004323729134160701 0.9956762708659069 1.0000000000000677 
442.3526590000007 0.41876274122963186 0.5812372587704518 1.0000000000000837 
446.4867960000007 0.9902370016887886 0.009762998311296735 1.0000000000000855 
450.6209330000007 0.9994802426552383 0.000519757344809945 1.0000000000000482 
454.7550700000007 0.9995462619566292 0.00045373804342499664 1.0000000000000542 
458.88920700000074 0.9971864093456257 0.002813590654439011 1.0000000000000648 
463.02334400000075 0.9936429680486762 0.006357031951382162 1.0000000000000584 
467.15748100000076 0.9895243195186634 0.01047568048140532 1.0000000000000688 
471.29161800000077 0.9853856341842206 0.014614365815843201 1.000000000000064 
475.4257550000008 0.9816206737731331 0.018379326226936256 1.0000000000000693 
479.5598920000008 0.9784930981009304 0.02150690189913762 1.000000000000068 
483.6940290000008 0.97616459349074 0.02383540650932527 1.0000000000000653 
487.8281660000008 0.9746812347629669 0.02531876523706509 1.000000000000032 
491.9623030000008 0.9739878124355055 0.02601218756450127 1.0000000000000067 
496.0964400000008 0.9739787814688703 0.0260212185311609 1.000000000000031 
500.23057700000084 0.9744959875095742 0.02550401249048087 1.000000000000055 
504.36471400000084 0.9753705811405645 0.024629418859424497 0.999999999999989 
508.49885100000085 0.976396167340068 0.023603832659903727 0.9999999999999717 
512.6329880000009 0.9774912022568766 0.02250879774315153 1.0000000000000282 
516.7671250000009 0.9785391895054816 0.021460810494574337 1.000000000000056 
520.9012620000009 0.979459217535835 0.02054078246419715 1.000000000000032 
525.0353990000009 0.9801974528608577 0.019802547139148814 1.0000000000000064 
529.1695360000009 0.9807282063834066 0.019271793616628428 1.000000000000035 
533.3036730000009 0.9810464595890056 0.01895354041105391 1.0000000000000595 
537.4378100000009 0.981162123779752 0.01883787622030581 1.0000000000000577 
541.5719470000009 0.9810945052180865 0.018905494782000855 1.0000000000000873 
545.7060840000009 0.9808679272008358 0.019132072799223396 1.0000000000000593 
549.840221000001 0.980508500740241 0.01949149925981858 1.0000000000000595 
553.974358000001 0.9800416129717369 0.019958387028294996 1.000000000000032 
558.108495000001 0.9794918814692009 0.020508118530830725 1.0000000000000315 
562.242632000001 0.9788816702466158 0.021118329753415307 1.000000000000031 
566.376769000001 0.9782309993395679 0.021769000660435123 1.000000000000003 
570.510906000001 0.9775585167268153 0.022441483273160732 0.999999999999976 
574.645043000001 0.9768808735830556 0.02311912641692056 0.9999999999999761 
578.779180000001 0.9762130050260275 0.02378699497397284 1.0000000000000004 
582.913317000001 0.9755682491899105 0.024431750810034264 0.9999999999999447 
587.047454000001 0.9749581917582439 0.025041808241700415 0.9999999999999444 
591.181591000001 0.9743928456526687 0.025607154347276447 0.9999999999999452 
595.3157280000011 0.9738798119263057 0.02612018807361138 0.9999999999999172 
599.4498650000011 0.9734262772078053 0.02657372279208424 0.9999999999998895 
603.5840020000011 0.9730365055892537 0.026963494410608205 0.9999999999998619 
607.7181390000011 0.9727140882479286 0.027285911751961416 0.99999999999989 
611.8522760000011 0.9724608899722671 0.027539110027622677 0.9999999999998898 
615.9864130000011 0.9722774549358992 0.0277225450639631 0.9999999999998624 
620.1205500000011 0.9721627239240751 0.027837276075801536 0.9999999999998765 
624.2546870000011 0.9721147323758877 0.02788526762397508 0.9999999999998628 
628.3888240000011 0.9721301871398389 0.027869812860009974 0.9999999999998488 
632.5229610000011 0.9722046351015946 0.027795364898226312 0.9999999999998209 
636.6570980000012 0.9723323977245979 0.02766760227522315 0.9999999999998209 
640.7912350000012 0.9725071647546886 0.027492835245160028 0.9999999999998486 
644.9253720000012 0.9727210624123505 0.02727893758752531 0.9999999999998758 
649.0595090000012 0.9729658219342077 0.027034178065668348 0.9999999999998761 
653.1936460000012 0.9732323948077863 0.02676760519208904 0.9999999999998754 
657.3277830000012 0.9735113045474325 0.026488695452442847 0.9999999999998754 
661.4619200000012 0.9737930231928311 0.02620697680704445 0.9999999999998755 
665.5960570000012 0.9740677078719329 0.025932292127942267 0.9999999999998752 
669.7301940000012 0.9743262846956482 0.02567371530422709 0.9999999999998754 
673.8643310000012 0.9745603200709827 0.025439679928893094 0.9999999999998758 
677.9984680000013 0.9747625341599033 0.025237465839972884 0.9999999999998761 
682.1326050000013 0.9749267849313168 0.025073215068531725 0.9999999999998486 
686.2667420000013 0.9750486361290542 0.024951363870821957 0.9999999999998761 
690.4008790000013 0.9751255004340288 0.024874499565875112 0.9999999999999039 
694.5350160000013 0.9751566218564883 0.024843378143443662 0.999999999999932 
698.6691530000013 0.9751431936580212 0.024856806341910738 0.9999999999999319 
702.8032900000013 0.9750882143675795 0.024911785632324348 0.9999999999999039 
706.9374270000013 0.9749963493196152 0.02500365068026039 0.9999999999998757 
711.0715640000013 0.9748736353913442 0.025126364608531664 0.9999999999998759 
715.2057010000013 0.9747272995246734 0.025272700475174555 0.999999999999848 
719.3398380000014 0.9745651606508761 0.025434839348999358 0.9999999999998754 
723.4739750000014 0.9743954455747394 0.025604554425163455 0.999999999999903 
727.6081120000014 0.9742263532087156 0.02577364679121473 0.9999999999999303 
731.7422490000014 0.9740656485782988 0.02593435142163149 0.9999999999999303 
735.8763860000014 0.9739203042055857 0.026079695794345 0.9999999999999307 
740.0105230000014 0.9737961686375312 0.02620383136239968 0.9999999999999308 
744.1446600000014 0.9736976577759509 0.02630234222400785 0.9999999999999586 
748.2787970000014 0.9736275466438065 0.026372453356180287 0.9999999999999868 
752.4129340000014 0.9735895994551387 0.02641040054484809 0.9999999999999868 
756.5470710000014 0.9735783975542192 0.026421602445767807 0.999999999999987 
760.6812080000014 0.9735915426174838 0.026408457382503144 0.999999999999987 
764.8153450000015 0.9736252222250448 0.026374777774969882 1.0000000000000147 
768.9494820000015 0.9736746242638469 0.026325375736139526 0.9999999999999865 
773.0836190000015 0.9737343409875912 0.02626565901239603 0.9999999999999871 
777.2177560000015 0.9737987581937199 0.026201241806267372 0.9999999999999872 
781.3518930000015 0.97386272380726 0.026137276192741133 1.000000000000001 
785.4860300000015 0.9739218187007382 0.026078181299290577 1.0000000000000289 
789.6201670000015 0.9739727504510409 0.026027249548987753 1.0000000000000286 
793.7543040000015 0.9740135305632249 0.025986469436803657 1.0000000000000284 
797.8884410000015 0.9740434519706401 0.025956548029374336 1.0000000000000144 
802.0225780000015 0.9740630246315418 0.02593697536849349 1.0000000000000353 
806.1567150000016 0.9740735670356986 0.025926432964343674 1.0000000000000422 
810.2908520000016 0.9740769901558026 0.025923009844239737 1.0000000000000424 
814.4249890000016 0.974075389111053 0.02592461088898613 1.000000000000039 
818.5591260000016 0.9740707534743915 0.02592924652564901 1.0000000000000406 
822.6932630000016 0.9740647558197081 0.025935244180330413 1.0000000000000384 
826.8274000000016 0.9740586334665409 0.025941366533494655 1.0000000000000355 
830.9615370000016 0.9740531812848828 0.025946818715155855 1.0000000000000386 
835.0956740000016 0.9740487917229004 0.025951208277124545 1.0000000000000249 
839.2298110000016 0.9740455559276475 0.025954444072405058 1.0000000000000526 
843.3639480000016 0.9740433692238916 0.025956630776147196 1.0000000000000386 
847.4980850000017 0.9740433692238917 0.025956630776147193 1.0000000000000389 
851.6322220000017 0.9740433692238918 0.025956630776147196 1.000000000000039 
855.7663590000017 0.974043369223892 0.025956630776147196 1.000000000000039 
859.9004960000017 0.9740433692238921 0.025956630776147193 1.0000000000000393 
864.0346330000017 0.9740433692238921 0.02595663077614719 1.0000000000000393 
868.1687700000017 0.9740433692238921 0.025956630776147183 1.0000000000000393 
872.3029070000017 0.9740433692238917 0.025956630776147186 1.000000000000039 
876.4370440000017 0.9740433692238918 0.025956630776147196 1.000000000000039 
880.5711810000017 0.9740433692238918 0.025956630776147196 1.000000000000039 
884.7053180000017 0.9740433692238917 0.025956630776147196 1.0000000000000389 
888.8394550000017 0.9740433692238918 0.025956630776147193 1.000000000000039 
892.9735920000018 0.9740433692238915 0.02595663077614719 1.0000000000000386 
897.1077290000018 0.9740433692238916 0.02595663077614719 1.0000000000000389 
901.2418660000018 0.9740433692238917 0.025956630776147196 1.0000000000000389 
905.3760030000018 0.9740433692238919 0.025956630776147186 1.000000000000039 
909.5101400000018 0.9740433692238919 0.025956630776147183 1.000000000000039 
913.6442770000018 0.9740433692238918 0.025956630776147186 1.000000000000039 
917.7784140000018 0.9740433692238917 0.02595663077614719 1.0000000000000389 
921.9125510000018 0.9740433692238918 0.025956630776147193 1.0000000000000389 
926.0466880000018 0.9740433692238917 0.025956630776147193 1.0000000000000389 
930.1808250000018 0.9740433692238915 0.02595663077614719 1.0000000000000386 
934.3149620000019 0.9740433692238912 0.02595663077614719 1.0000000000000384 
938.4490990000019 0.9740433692238911 0.02595663077614719 1.0000000000000384 
942.5832360000019 0.9740924144665946 0.02590758553382169 1.0000000000004163 
946.7173730000019 0.9742710771225154 0.0257289228780743 1.0000000000005898 
950.8515100000019 0.9746270625700442 0.02537293743059555 1.0000000000006397 
954.9856470000019 0.9751963150438359 0.02480368495679537 1.0000000000006313 
959.1197840000019 0.9759849326638169 0.02401506733675882 1.0000000000005758 
963.2539210000019 0.9769679613305908 0.023032038669944604 1.0000000000005353 
967.3880580000019 0.9780683722177099 0.0219316277827907 1.0000000000005007 
971.522195000002 0.9792020990889512 0.020797900912016536 1.0000000000009677 
975.656332000002 0.9802960111411496 0.019703988859817643 1.0000000000009672 
979.790469000002 0.9812993355321536 0.018700664468813407 1.000000000000967 
983.924606000002 0.9821874915953991 0.01781250840556758 1.0000000000009666 
988.058743000002 0.9829531196899084 0.017046880311059585 1.0000000000009681 
992.192880000002 0.9836008552117734 0.016399144789194645 1.0000000000009681 
996.327017000002 0.9841420809159174 0.015857919085050177 1.0000000000009677 
1000.461154000002 0.9845888560592481 0.015411143941719926 1.000000000000968 
1004.595291000002 0.9849542059306801 0.015045794070287995 1.0000000000009681 
1008.729428000002 0.9852485352853904 0.014751464715577372 1.0000000000009677 
1012.863565000002 0.9854843849494208 0.014515615051546313 1.000000000000967 
1016.997702000002 0.9856699404685899 0.014330059532378099 1.0000000000009681 
1021.1318390000021 0.9858131566892214 0.014186843311745904 1.0000000000009674 
1025.265976000002 0.9859209268295346 0.014079073171433087 1.0000000000009677 
1029.400113000002 0.9859991680618508 0.014000831939117178 1.000000000000968 
1033.534250000002 0.9860536249412718 0.013946375059695603 1.0000000000009674 
1037.668387000002 0.9860874294872102 0.01391257051375838 1.0000000000009686 
1041.802524000002 0.9861051532741254 0.013894846726843307 1.0000000000009686 
1045.936661000002 0.9861101627786375 0.013889837222331492 1.000000000000969 
1050.070798000002 0.9861054295919646 0.013894570409003913 1.0000000000009686 
1054.204935000002 0.9860935591427449 0.013906440858223151 1.0000000000009681 
1058.339072000002 0.9860768552108489 0.013923144790118861 1.0000000000009677 
1062.473209000002 0.9860572063690326 0.01394279363193546 1.0000000000009681 
1066.607346000002 0.9860364462617313 0.01396355373923668 1.000000000000968 
1070.741483000002 0.9860160001274288 0.013983999873538907 1.000000000000968 
1074.875620000002 0.9859970774983906 0.01400292250257734 1.000000000000968 
1079.009757000002 0.9859803729955402 0.014019627005427542 1.0000000000009677 
1083.143894000002 0.9859678123766691 0.014032187624298935 1.0000000000009681 
1087.278031000002 0.9859588578087528 0.014041142192215453 1.0000000000009681 
1091.412168000002 0.9859543854421884 0.01404561455877973 1.0000000000009681 
1095.5463050000021 0.9859547376142116 0.01404526238675629 1.000000000000968 
1099.6804420000021 0.985960110860943 0.014039889140024957 1.000000000000968 
1103.8145790000021 0.985970545041185 0.014029454959782726 1.0000000000009677 
1107.9487160000022 0.9859859765924639 0.014014023408503728 1.0000000000009677 
1112.0828530000022 0.9860061990911275 0.013993800909839987 1.0000000000009674 
1116.2169900000022 0.9860309361323596 0.013969063868608422 1.000000000000968 
1120.3511270000022 0.986059806020755 0.013940193980213096 1.0000000000009681 
1124.4852640000022 0.9860923436059129 0.013907656395055222 1.0000000000009681 
1128.6194010000022 0.9861280112319403 0.013871988769027944 1.0000000000009681 
1132.7535380000022 0.9861662097932634 0.01383379020770514 1.0000000000009686 
1136.8876750000022 0.9862062868617926 0.013793713139175929 1.0000000000009686 
1141.0218120000022 0.9862475562157975 0.013752443785171103 1.0000000000009688 
1145.1559490000022 0.9862893002957026 0.013710699705266663 1.0000000000009694 
1149.2900860000022 0.9863298445760944 0.01367015542487529 1.0000000000009697 
1153.4242230000023 0.9863694213758709 0.01363057862509838 1.0000000000009692 
1157.5583600000023 0.986407300722467 0.013592699278502098 1.000000000000969 
1161.6924970000023 0.9864427789095711 0.013557221091398829 1.00000000000097 
1165.8266340000023 0.9864751812123105 0.01352481878865951 1.00000000000097 
1169.9607710000023 0.9865038861840124 0.0134961138169577 1.0000000000009701 
1174.0949080000023 0.9865283328500877 0.013471667150881609 1.0000000000009692 
1178.2290450000023 0.9865480335679697 0.013451966432999406 1.000000000000969 
1182.3631820000023 0.9865625894396715 0.013437410561297438 1.0000000000009688 
1186.4973190000023 0.9865716947489636 0.0134283052520054 1.000000000000969 
1190.6314560000023 0.9865751461855046 0.013424853815464438 1.000000000000969 
1194.7655930000024 0.9865728484847924 0.013427151516176258 1.0000000000009688 
1198.8997300000024 0.9865648141293165 0.013435185871651855 1.0000000000009683 
1203.0338670000024 0.9865511618246151 0.01344883817635346 1.0000000000009686 
1207.1680040000024 0.9865321111461028 0.013467888854865597 1.0000000000009683 
1211.3021410000024 0.9865079739671685 0.013492026033799738 1.0000000000009681 
1215.4362780000024 0.9864791433550312 0.01352085664593693 1.0000000000009681 
1219.5704150000024 0.986446081829076 0.013553918171892568 1.0000000000009686 
1223.7045520000024 0.9864093024063063 0.013590697594661657 1.0000000000009681 
1227.8386890000024 0.9863693580762987 0.01363064192466938 1.0000000000009681 
1231.9728260000024 0.9863268111320076 0.013673188868960158 1.0000000000009677 
1236.1069630000025 0.9862822675187848 0.01371773248218298 1.0000000000009677 
1240.2411000000025 0.9862362937125528 0.01376370628841434 1.0000000000009672 
1244.3752370000025 0.9861894457654216 0.013810554235545284 1.0000000000009668 
1248.5093740000025 0.9861422527898372 0.013857747211129928 1.0000000000009672 
1252.6435110000025 0.9860952053227408 0.013904794678226355 1.000000000000967 
1256.7776480000025 0.9860487513406218 0.0139512486603456 1.0000000000009674 
1260.9117850000025 0.9860032883163729 0.013996711684594374 1.0000000000009672 
1265.0459220000025 0.9859591642853778 0.014040835715589488 1.0000000000009672 
1269.1800590000025 0.9859166743677539 0.014083325633213167 1.000000000000967 
1273.3141960000025 0.9858760620773197 0.014123937923647375 1.0000000000009672 
1277.4483330000025 0.9858375207614891 0.014162479239477967 1.000000000000967 
1281.5824700000026 0.9858011957325389 0.014198804268428088 1.000000000000967 
1285.7166070000026 0.9857671879518067 0.014232812049160135 1.0000000000009668 
1289.8507440000026 0.9857355575350711 0.014264442465895456 1.0000000000009666 
1293.9848810000026 0.9857063273396691 0.014293672661297567 1.0000000000009668 
1298.1190180000026 0.9856794876979157 0.014320512303051083 1.0000000000009668 
1302.2531550000026 0.9856550000161008 0.014344999984865681 1.0000000000009666 
1306.3872920000026 0.9856328014527727 0.014367198548193946 1.0000000000009666 
1310.5214290000026 0.9856128087367031 0.014387191264263518 1.0000000000009666 
1314.6555660000026 0.9855949022248829 0.014405097776083365 1.0000000000009663 
1318.7897030000026 0.9855790247721977 0.014420975228768429 1.0000000000009661 
1322.9238400000027 0.985564984956035 0.014435015044930877 1.000000000000966 
1327.0579770000027 0.985552714873732 0.014447285127233643 1.0000000000009654 
1331.1921140000027 0.9855420246877941 0.014457975313171043 1.0000000000009652 
1335.3262510000027 0.9855328316457475 0.014467168355217417 1.000000000000965 
1339.4603880000027 0.9855249606458979 0.014475039355066766 1.0000000000009646 
1343.5945250000027 0.9855182941605971 0.014481705840367147 1.0000000000009643 
1347.7286620000027 0.9855127117545214 0.014487288246443119 1.0000000000009646 
1351.8627990000027 0.9855080868913474 0.014491913109617382 1.0000000000009648 
1355.9969360000027 0.9855042987560457 0.014495701244919383 1.000000000000965 
1360.1310730000027 0.9855012410151195 0.014498758985845687 1.0000000000009652 
1364.2652100000028 0.9854988127816013 0.014501187219363668 1.000000000000965 
1368.3993470000028 0.985496921057152 0.014503078943812815 1.0000000000009648 
1372.5334840000028 0.9854954812944811 0.014504518706483829 1.0000000000009648 
1376.6676210000028 0.9854944174973304 0.014505582503634809 1.0000000000009652 
1380.8017580000028 0.9854936620459953 0.014506337954969683 1.000000000000965 
1384.9358950000028 0.9854931552903269 0.014506844710638418 1.0000000000009654 
1389.0700320000028 0.9854928454905512 0.01450715451041443 1.0000000000009657 
1393.2041690000028 0.9854926882682427 0.014507311732723542 1.0000000000009661 
1397.3383060000028 0.9854926460508728 0.014507353950092583 1.0000000000009654 
1401.4724430000028 0.9854926875820715 0.014507312418893204 1.0000000000009648 
1405.6065800000029 0.9854927872821836 0.014507212718781162 1.0000000000009646 
1409.7407170000029 0.9854929246512545 0.014507075349710002 1.0000000000009643 
1413.8748540000029 0.9854930835485993 0.014506916452365601 1.000000000000965 
1418.0089910000029 0.9854932517142238 0.014506748286741047 1.0000000000009648 
1422.143128000003 0.9854934200792028 0.014506579921761863 1.0000000000009646 
1426.277265000003 0.9854935867078085 0.014506413293156162 1.0000000000009648 
1430.411402000003 0.985493742455855 0.014506257545109723 1.0000000000009646 
1434.545539000003 0.9854938846616533 0.014506115339311072 1.0000000000009643 
1438.679676000003 0.9854940120498388 0.014505987951125699 1.0000000000009646 
1442.813813000003 0.9854941242986553 0.014505875702309176 1.0000000000009646 
1446.947950000003 0.985494221788523 0.014505778212441481 1.0000000000009646 
1451.082087000003 0.9854943053823051 0.014505694618659496 1.0000000000009646 
1455.216224000003 0.9854943762263141 0.014505623774650476 1.0000000000009646 
1459.350361000003 0.9854944356147162 0.014505564386248703 1.000000000000965 
1463.484498000003 0.9854944848935702 0.014505515107394935 1.000000000000965 
1467.618635000003 0.9854945253640065 0.014505474636958827 1.0000000000009652 
1471.752772000003 0.9854945253640065 0.014505474636958823 1.0000000000009654 
1475.886909000003 0.9854945253640064 0.014505474636958822 1.0000000000009652 
1480.021046000003 0.9854945253640064 0.014505474636958823 1.0000000000009652 
1484.155183000003 0.9854945253640063 0.014505474636958825 1.000000000000965 
1488.289320000003 0.9854945253640063 0.014505474636958822 1.000000000000965 
1492.423457000003 0.9854945253640064 0.014505474636958823 1.0000000000009652 
1496.557594000003 0.9854945253640064 0.014505474636958827 1.0000000000009652 
1500.691731000003 0.9854945253640062 0.014505474636958825 1.000000000000965 
1504.825868000003 0.9854945253640062 0.014505474636958825 1.000000000000965 
1508.960005000003 0.9854945253640065 0.014505474636958823 1.0000000000009652 
1513.094142000003 0.9854945253640068 0.014505474636958825 1.0000000000009657 
1517.228279000003 0.9854945253640066 0.014505474636958823 1.0000000000009654 
1521.3624160000031 0.9854945253640066 0.014505474636958827 1.0000000000009654 
1525.4965530000031 0.9854945253640068 0.014505474636958823 1.0000000000009657 
1529.6306900000031 0.9854945253640068 0.014505474636958822 1.000000000000966 
1533.7648270000032 0.985494525364007 0.014505474636958822 1.0000000000009657 
1537.8989640000032 0.985494525364007 0.014505474636958823 1.000000000000966 
1542.0331010000032 0.9854945253640071 0.014505474636958823 1.000000000000966 
1546.1672380000032 0.9854945253640071 0.014505474636958823 1.000000000000966 
1550.3013750000032 0.9854945253640071 0.014505474636958822 1.000000000000966 
1554.4355120000032 0.9854945253640073 0.014505474636958818 1.000000000000966 
1558.5696490000032 0.9854945253640068 0.014505474636958816 1.0000000000009657 
1562.7037860000032 0.9854945253640066 0.014505474636958813 1.0000000000009654 
1566.8379230000032 0.9854945253640067 0.014505474636958816 1.0000000000009654 
1570.9720600000032 0.9855214305288915 0.01447856948045944 1.000000000009351 
1575.1061970000032 0.9856118907438847 0.014388109265137707 1.0000000000090223 
1579.2403340000033 0.9857777868592466 0.014222213140536517 0.9999999999997831 
1583.3744710000033 0.9860240414798203 0.013975958503106093 0.9999999999829262 
1587.5086080000033 0.9863456061628955 0.013654393798474398 0.9999999999613698 
1591.6427450000033 0.9867269365409185 0.01327306339726683 0.9999999999381852 
1595.7768820000033 0.9871437766527664 0.012856223264404288 0.9999999999171707 
1599.9110190000033 0.9875695829659826 0.012430416933879035 0.9999999998998617 
1604.0451560000033 0.9879799818370866 0.012020018050408096 0.9999999998874947 
1608.1792930000033 0.9883553707983852 0.011644629081751486 0.9999999998801368 
1612.3134300000033 0.9886819340047365 0.011318065872490728 0.9999999998772272 
1616.4475670000033 0.9889507878040062 0.011049212074009714 0.999999999878016 
1620.5817040000034 0.9891564942241556 0.010843505657556575 0.9999999998817122 
1624.7158410000034 0.9892955066750253 0.010704493212542002 0.9999999998875673 
1628.8499780000034 0.9893649524738577 0.010635047421110889 0.9999999998949686 
1632.9841150000034 0.9893617365135193 0.01063826338991301 0.9999999999034324 
1637.1182520000034 0.989281983430359 0.010718016482187625 0.9999999999125466 
1641.2523890000034 0.9891213241303487 0.010878675791697172 0.9999999999220458 
1645.3865260000034 0.9888746227001394 0.011125377231552531 0.9999999999316919 
1649.5206630000034 0.9885383326732031 0.011461667268114446 0.9999999999413176 
1653.6548000000034 0.9881137474849542 0.011886252465810262 0.9999999999507645 
1657.7889370000034 0.9876128119005709 0.012387188059304001 0.9999999999598749 
1661.9230740000035 0.9870654197298854 0.012934580238574068 0.9999999999684595 
1666.0572110000035 0.986523858116036 0.013476141860171096 0.9999999999762071 
1670.1913480000035 0.9860563255228257 0.01394367445987393 0.9999999999826997 
1674.3254850000035 0.985724968901383 0.014275031086073524 0.9999999999874564 
1678.4596220000035 0.985559408725833 0.014440591264174149 0.9999999999900071 
1682.5937590000035 0.9855478189216018 0.014452181068632905 0.9999999999902347 
1686.7278960000035 0.9856506452151608 0.014349354773381184 0.999999999988542 
1690.8620330000035 0.9858223264585968 0.014177673527244285 0.999999999985841 
1694.9961700000035 0.9860254203212169 0.013974579661901167 0.9999999999831181 
1699.1303070000035 0.9862345289576037 0.013765471023443844 0.9999999999810475 
1703.2644440000036 0.9864347644650333 0.013565235514854673 0.9999999999798879 
1707.3985810000036 0.9866186247295073 0.013381375250097173 0.9999999999796045 
1711.5327180000036 0.9867832058929948 0.01321679408705797 0.9999999999800527 
1715.6668550000036 0.9869281811045394 0.013071818876454405 0.9999999999809938 
1719.8009920000036 0.9870546317278415 0.012945368254426787 0.9999999999822682 
1723.9351290000036 0.9871642378084715 0.012835762175243431 0.9999999999837149 
1728.0692660000036 0.9872587639573119 0.01274123602790758 0.9999999999852196 
1732.2034030000036 0.9873403545593994 0.012659645427279424 0.9999999999866788 
1736.3375400000036 0.9874103328049051 0.012589667183158298 0.9999999999880633 
1740.4716770000036 0.9874703946565266 0.012529605332791625 0.9999999999893183 
1744.6058140000036 0.9875218915349034 0.01247810845551798 0.9999999999904214 
1748.7399510000037 0.9875660310667478 0.01243396892461442 0.9999999999913622 
1752.8740880000037 0.9876038311129204 0.012396168879220272 0.9999999999921406 
1757.0082250000037 0.9876361803617427 0.012363819631021233 0.999999999992764 
1761.1423620000037 0.9876638413782217 0.01233615861502261 0.9999999999932444 
1765.2764990000037 0.987687473312692 0.01231252668090433 0.9999999999935963 
1769.4106360000037 0.9877076415734605 0.012292358420375625 0.999999999993836 
1773.5447730000037 0.9877248323818052 0.012275167612174289 0.9999999999939795 
1777.6789100000037 0.9877394641189081 0.012260535875134647 0.9999999999940428 
1781.8130470000037 0.9877518965714825 0.012248103422558557 0.9999999999940411 
1785.9471840000037 0.9877624395122014 0.012237560481788975 0.9999999999939904 
1790.0813210000038 0.9877713598962783 0.012228640097623322 0.9999999999939015 
1794.2154580000038 0.987778887644043 0.012221112349741462 0.9999999999937844 
1798.3495950000038 0.9877852211606544 0.012214778832995404 0.9999999999936499 
1802.4837320000038 0.9877905314285091 0.012209468564993704 0.9999999999935028 
1806.6178690000038 0.9877949661438786 0.012205033849470633 0.9999999999933492 
1810.7520060000038 0.9877986525823643 0.012201347410830484 0.9999999999931948 
1814.8861430000038 0.9878017006330984 0.012198299359944308 0.9999999999930427 
1819.0202800000038 0.9878042059406896 0.01219579405220547 0.9999999999928951 
1823.1544170000038 0.987806248924354 0.012193751068401483 0.9999999999927556 
1827.2885540000038 0.9878079008340028 0.012192099158619296 0.9999999999926221 
1831.4226910000039 0.9878092225945736 0.012190777397925703 0.9999999999924993 
1835.5568280000039 0.9878102664738766 0.012189733518508213 0.9999999999923848 
1839.6909650000039 0.9878110781473901 0.012188921844890208 0.9999999999922804 
1843.8251020000039 0.9878116962738192 0.012188303718365427 0.9999999999921846 
1847.959239000004 0.9878121542950338 0.012187845697065474 0.9999999999920992 
1852.093376000004 0.9878124807155089 0.012187519276514808 0.9999999999920236 
1856.227513000004 0.9878127000783783 0.012187299913579785 0.999999999991958 
1860.361650000004 0.9878128332547416 0.012187166737160568 0.9999999999919023 
1864.495787000004 0.9878128980243404 0.012187101967513938 0.9999999999918543 
1868.629924000004 0.9878129093842051 0.012187090607609929 0.999999999991815 
1872.764061000004 0.9878128799715311 0.012187120020252297 0.9999999999917835 
1876.898198000004 0.9878128203470464 0.012187179644712162 0.9999999999917586 
1881.032335000004 0.9878127392642325 0.012187260727507941 0.9999999999917404 
1885.166472000004 0.98781264390805 0.012187356083677908 0.999999999991728 
1889.300609000004 0.9878125401118066 0.012187459879912363 0.9999999999917191 
1893.434746000004 0.9878124324625097 0.012187567529203979 0.9999999999917136 
1897.568883000004 0.9878123247303388 0.012187675261371577 0.9999999999917104 
1901.703020000004 0.9878122195545702 0.012187780437139362 0.9999999999917095 
1905.837157000004 0.987812118948066 0.012187881043644579 0.9999999999917105 
1909.971294000004 0.9878120245716306 0.012187975420081123 0.9999999999917117 
1914.105431000004 0.9878119369823491 0.012188063009363726 0.9999999999917129 
1918.239568000004 0.9878118570636187 0.012188142928096363 0.9999999999917152 
1922.373705000004 0.9878117827338053 0.012188217257910593 0.999999999991716 
1926.507842000004 0.9878117161881703 0.012188283803547011 0.9999999999917173 
1930.641979000004 0.9878116571592243 0.01218834283249403 0.9999999999917182 
1934.776116000004 0.9878116052451105 0.012188394746609233 0.9999999999917196 
1938.910253000004 0.9878115599631044 0.012188440032219262 0.9999999999953237 
1943.0443900000041 0.9878115207624975 0.012188479232825998 0.9999999999953235 
1947.1785270000041 0.9878114870882868 0.012188512907036674 0.9999999999953235 
1951.3126640000041 0.9878114583784147 0.012188541616908506 0.9999999999953232 
1955.4468010000041 0.9878114340907497 0.012188565904573661 0.9999999999953233 
1959.5809380000042 0.9878114137105529 0.01218858628477017 0.9999999999953232 
1963.7150750000042 0.9878113967585382 0.012188603236785039 0.9999999999953233 
1967.8492120000042 0.9878113827943424 0.01218861720098099 0.9999999999953234 
1971.9833490000042 0.9878113714191742 0.012188628576149364 0.9999999999953236 
1976.1174860000042 0.9878113622752693 0.012188637720054196 0.9999999999953235 
1980.2516230000042 0.9878113550401932 0.012188644955130128 0.9999999999953234 
1984.3857600000042 0.9878113494334553 0.012188650561868287 0.9999999999953235 
1988.5198970000042 0.9878113452035923 0.01218865479173137 0.9999999999953237 
1992.6540340000042 0.9878113421315762 0.012188657863747496 0.9999999999953236 
1996.7881710000042 0.9878113400249807 0.012188659970343402 0.9999999999953242 
2000.9223080000043 0.9878113387166804 0.01218866127864375 0.9999999999953241 
2005.0564450000043 0.9878113380615239 0.012188661933800192 0.999999999995324 
2009.1905820000043 0.9878113379335145 0.012188662061809487 0.999999999995324 
2013.3247190000043 0.9878113382240412 0.01218866177128284 0.999999999995324 
2017.4588560000043 0.9878113388397178 0.012188661155606281 0.999999999995324 
2021.5929930000043 0.9878113397003853 0.012188660294938966 0.9999999999953242 
2025.7271300000043 0.9878113407378064 0.012188659257517682 0.9999999999953242 
2029.8612670000043 0.9878113418944845 0.0121886581008396 0.9999999999953241 
2033.9954040000043 0.9878113431213565 0.01218865687396752 0.999999999995324 
2038.1295410000043 0.9878113443790757 0.012188655616248578 0.9999999999953242 
2042.2636780000043 0.9878113456336176 0.012188654361706358 0.999999999995324 
2046.3978150000044 0.9878113468577903 0.012188653137533327 0.9999999999953236 
2050.5319520000044 0.9878113480316864 0.012188651963637194 0.9999999999953235 
2054.6660890000044 0.9999655197658394 3.4434035280028915e-05 0.9999999538011194 
2058.8002260000044 0.9999734617626741 2.649104651127725e-05 0.9999999528091854 
2062.9343630000044 0.9999753957118057 2.455624767725275e-05 0.999999951959483 
2067.0685000000044 0.9999762876398526 2.3663634393080653e-05 0.9999999512742457 
