3.5982100143883144e-07
3.6235982099697139e-04
1.3613598210042710e-03
2.8543598210006849e-03
4.6933598210046057e-03
6.7383598210000173e-03
8.8643598210040864e-03
1.0965359821000220e-02
1.2954359820994910e-02
1.4759359820999407e-02
1.6326359820993730e-02
1.7614359820996128e-02
1.8592359820999604e-02
1.9241359820995285e-02
1.9549359820999257e-02
1.9515359820999834e-02
1.9143359821001127e-02
1.8447359820996212e-02
1.7447359820991437e-02
1.6177359821000437e-02
1.4677359820993274e-02
1.3001359821004144e-02
1.1219359820998420e-02
9.4123598209989723e-03
7.6803598209949087e-03
6.1373598209968350e-03
4.9093598209992706e-03
4.1253598210033715e-03
3.9113598210036571e-03
4.3643598209968104e-03
5.5363598209936526e-03
7.4063598210045711e-03
9.8523598209965257e-03
1.2640359820991875e-02
1.5431359820993862e-02
1.7823359820994256e-02
1.9421359820995576e-02
1.9925359821002075e-02
1.9207359820995862e-02
1.7348359820999804e-02
1.4618359821000126e-02
1.1411359820996836e-02
8.1513598209994598e-03
5.2173598210032424e-03
2.8853598209934717e-03
1.3153598209925121e-03
5.5635982100454839e-04
5.7035982099762350e-04
1.2603598210034761e-03
2.4973598209925285e-03
4.1373598210014961e-03
6.0413598209976271e-03
8.0803598209939764e-03
1.0138359820999199e-02
1.2120359820997351e-02
1.3945359820993986e-02
1.5547359820999418e-02
1.6876359820997777e-02
1.7894359820999739e-02
1.8573359821004942e-02
1.8895359821001989e-02
1.8853359820994342e-02
1.8447359820996212e-02
1.7688359820994037e-02
1.6596359820994167e-02
1.5206359820993498e-02
1.3562359820994629e-02
1.1727359820994820e-02
9.7803598209935672e-03
7.8213598209941892e-03
5.9693598209946686e-03
4.3643598209968104e-03
3.1583598210005448e-03
2.5103598210023392e-03
2.5623598209989495e-03
3.4233598209993943e-03
5.1273598210030968e-03
7.6093598210036362e-03
1.0668359820996898e-02
1.3965359821000334e-02
1.7055359821000593e-02
1.9454359820997524e-02
2.0749359820996460e-02
2.0703359820998912e-02
1.9323359821001418e-02
1.6855359820993954e-02
1.3719359820996146e-02
1.0397359820998986e-02
7.3283598210025502e-03
4.8423598209978991e-03
3.1273598209935471e-03
2.2423598209968532e-03
2.1443598210026948e-03
2.7223598209928923e-03
3.8353598209965867e-03
5.3273598209955253e-03
7.0543598209980019e-03
8.8863598209911743e-03
1.0715359820991921e-02
1.2451359821000096e-02
1.4026359821002643e-02
1.5385359820996314e-02
1.6488359820996834e-02
1.7307359821003843e-02
1.7819359821004355e-02
1.8012359821000246e-02
1.7881359821004139e-02
1.7427359820999300e-02
1.6659359820991426e-02
1.5594359820994441e-02
1.4261359820991970e-02
1.2700359820996709e-02
1.0965359821000220e-02
9.1263598209962993e-03
7.2683598209977163e-03
5.4973598209926422e-03
3.9343598210024311e-03
2.7103598209947677e-03
1.9643598210024038e-03
1.8253598209980737e-03
2.3943598209967831e-03
3.7213598210001919e-03
5.7793598209912034e-03
8.4373598210021328e-03
1.1457359820994384e-02
1.4498359821004669e-02
1.7166359821004562e-02
1.9080359821003867e-02
1.9961359820996449e-02
1.9692359820993488e-02
1.8354359821003641e-02
1.6195359820997624e-02
1.3569359820991167e-02
1.0854359820996251e-02
8.3803598210039354e-03
6.3873598210051341e-03
5.0133598209924912e-03
4.3003598210020755e-03
4.2163598210009923e-03
4.6813598209922702e-03
5.5923598209943748e-03
6.8343598209992251e-03
8.2943598209936908e-03
9.8713598209911879e-03
1.1476359821003257e-02
1.3030359821001980e-02
1.4470359821004308e-02
1.5740359820995309e-02
1.6796359821000806e-02
1.7602359820998004e-02
1.8128359820991591e-02
1.8352359820994479e-02
1.8260359820999383e-02
1.7844359820998079e-02
1.7105359821002253e-02
1.6054359820998343e-02
1.4713359821001859e-02
1.3116359820998014e-02
1.1314359821000153e-02
9.3733598209979618e-03
7.3793598210016853e-03
5.4353598209928577e-03
3.6663598209969450e-03
2.2103598209923803e-03
1.2163598210008786e-03
8.2435982099582361e-04
1.1533598210036189e-03
2.2703598209972142e-03
4.1643598210043820e-03
6.7163598209987185e-03
9.6893598209959464e-03
1.2734359820996133e-02
1.5436359820995449e-02
1.7394359820997352e-02
1.8312359820995994e-02
1.8074359821000030e-02
1.6776359820994458e-02
1.4695359821004672e-02
1.2210359820997496e-02
9.7183598209937827e-03
7.5493598209988022e-03
5.9273598210012324e-03
4.9623598209933562e-03
4.6623598209976080e-03
4.9653598209999927e-03
5.7673598209930788e-03
6.9473598209981446e-03
8.3843598209938364e-03
9.9673598210046066e-03
1.1598359820993664e-02
1.3197359820992460e-02
1.4694359820992986e-02
1.6033359820994519e-02
1.7166359821004562e-02
1.8055359820991157e-02
1.8665359821000038e-02
1.8973359821004010e-02
1.8958359820999249e-02
1.8611359820994267e-02
1.7930359820994113e-02
1.6924359821004487e-02
1.5615359820998265e-02
1.4040359820995718e-02
1.2249359820998507e-02
1.0314359820995378e-02
8.3213598209965767e-03
6.3773598210019600e-03
4.6053598209994107e-03
3.1373598209967213e-03
2.1073598209966349e-03
1.6393598209987204e-03
1.8243598210005985e-03
2.6993598209941183e-03
4.2283598209991169e-03
6.2803598209910660e-03
8.6323598209929742e-03
1.0989359820996469e-02
1.3024359821002918e-02
1.4448359821003010e-02
1.5067359821003379e-02
1.4831359821002366e-02
1.3838359820994128e-02
1.2303359821004278e-02
1.0502359821003893e-02
8.7103598209949951e-03
7.1553598209987967e-03
5.9913598209959673e-03
5.2983598209976890e-03
5.0893598209995616e-03
5.3363598210012242e-03
5.9803598209953179e-03
6.9493598209930951e-03
8.1673598210016962e-03
9.5613598209922657e-03
1.1058359820992791e-02
1.2594359820994327e-02
1.4105359821002139e-02
1.5536359820998769e-02
1.6832359820995180e-02
1.7944359821001399e-02
1.8829359820998093e-02
1.9449359820995937e-02
1.9773359821002146e-02
1.9779359821001208e-02
1.9452359821002574e-02
1.8788359821002132e-02
1.7797359821003056e-02
1.6499359820997483e-02
1.4929359820996524e-02
1.3140359820994263e-02
1.1201359821001233e-02
9.1963598210043074e-03
7.2323598210033424e-03
5.4263598210013697e-03
3.9103598209919710e-03
2.8133598210047239e-03
2.2573598210016144e-03
2.3333598209944739e-03
3.0833598210051605e-03
4.4763598209982547e-03
6.3903598209975598e-03
8.6123598210008367e-03
1.0852359821001301e-02
1.2786359820992743e-02
1.4117359821000264e-02
1.4638359820992264e-02
1.4288359820994856e-02
1.3154359821001549e-02
1.1453359821004483e-02
9.4703598209946449e-03
7.4973598210021919e-03
5.7823598209978400e-03
4.4973598210020782e-03
3.7363598210049531e-03
3.5203598209960774e-03
3.8203598209918255e-03
4.5743598209924130e-03
5.7003598209917072e-03
7.1113598209961992e-03
8.7193598210006940e-03
1.0437359820997472e-02
1.2187359820998722e-02
1.3892359820999900e-02
1.5485359820999633e-02
1.6904359820998138e-02
1.8092359820997217e-02
1.9005359820994272e-02
1.9602359820993343e-02
1.9856359820991543e-02
1.9750359821003372e-02
1.9279359820998820e-02
1.8451359821000324e-02
1.7291359821001606e-02
1.5839359821001153e-02
1.4152359820997162e-02
1.2309359821003341e-02
1.0405359820992999e-02
8.5523598209960028e-03
6.8793598209992979e-03
5.5173598209989905e-03
4.5963598209937118e-03
4.2253598209924803e-03
4.4713598209966676e-03
5.3433598209977617e-03
6.7703598210044902e-03
8.5923598209944885e-03
1.0573359820995165e-02
1.2424359820997211e-02
1.3859359820997952e-02
1.4650359821004599e-02
1.4676359820995799e-02
1.3947359821003147e-02
1.2593359820996852e-02
1.0825359820998415e-02
8.8863598209911743e-03
7.0003598209922302e-03
5.3513598209917745e-03
4.0633598210035871e-03
3.2083598210022046e-03
2.8123598209930378e-03
2.8713598210003966e-03
3.3553598210005475e-03
4.2173598209984675e-03
5.3993598209984839e-03
6.8343598209992251e-03
8.4483598210027822e-03
1.0164359821004609e-02
1.1903359821005211e-02
1.3591359820992466e-02
1.5157359821003524e-02
1.6534359820994382e-02
1.7669359820999375e-02
1.8513359821000108e-02
1.9033359820994633e-02
1.9203359820991750e-02
1.9015359820997446e-02
1.8470359820994986e-02
1.7586359820995767e-02
1.6397359820999213e-02
1.4951359820997823e-02
1.3314359820995492e-02
1.1571359821004989e-02
9.8213598210037389e-03
8.1783598210023456e-03
6.7643598209912170e-03
5.7063598210049804e-03
5.1193598209948732e-03
5.0923598209919874e-03
5.6723598209913462e-03
6.8453598209998745e-03
8.5193598209940546e-03
1.0519359821003604e-02
1.2602359821002551e-02
1.4482359821002433e-02
1.5881359820994589e-02
1.6580359820991930e-02
1.6465359820998060e-02
1.5549359820994368e-02
1.3959359821001271e-02
1.1909359821004273e-02
9.6473598210025102e-03
7.4183598210026958e-03
5.4273598209988450e-03
3.8273598210025739e-03
2.7153598209963548e-03
2.1373598209919464e-03
2.0943598210010350e-03
2.5543598210049367e-03
3.4593598209937682e-03
4.7353598209980419e-03
6.2933598210008768e-03
8.0403598209954907e-03
9.8803598209968868e-03
1.1720359820998283e-02
1.3474359821003645e-02
1.5063359820999267e-02
1.6417359820991351e-02
1.7479359820995910e-02
1.8204359820998661e-02
1.8562359821004293e-02
1.8533359820992246e-02
1.8117359821005152e-02
1.7326359820998505e-02
1.6191359820993512e-02
1.4760359820996882e-02
1.3099359820998302e-02
1.1297359821000441e-02
9.4583598209965203e-03
7.7053598210028440e-03
6.1743598210028949e-03
5.0053598209984784e-03
4.3323598209923375e-03
4.2633598209960155e-03
4.8653598209966731e-03
6.1363598209993597e-03
7.9933598210004675e-03
1.0263359820996243e-02
1.2694359820997647e-02
1.4981359820993134e-02
1.6824359821001167e-02
1.7976359820991661e-02
1.8293359821001332e-02
1.7758359821002045e-02
1.6469359821002172e-02
1.4610359820991903e-02
1.2411359821001611e-02
1.0107359820992201e-02
7.9113598209943348e-03
5.9973598209950296e-03
4.4953598209929169e-03
3.4883598209916045e-03
3.0153598209921029e-03
3.0733598210019863e-03
3.6253598210009841e-03
4.6063598209968859e-03
5.9293598209961829e-03
7.4973598210021919e-03
9.2063598209932707e-03
1.0955359820997046e-02
1.2646359821005149e-02
1.4191359820998173e-02
1.5517359821004106e-02
1.6560359820999793e-02
1.7274359821001894e-02
1.7624359820999302e-02
1.7594359821003991e-02
1.7182359820992588e-02
1.6401359821003325e-02
1.5282359821000568e-02
1.3873359821005238e-02
1.2239359820995332e-02
1.0463359821002882e-02
8.6463598210002601e-03
6.9023598209980719e-03
5.3593598209999982e-03
4.1473598210046703e-03
3.3913598209949214e-03
3.2003598209939810e-03
3.6443598209956463e-03
4.7433598209920547e-03
6.4503598210023938e-03
8.6393598210037226e-03
1.1111359821001088e-02
1.3613359820993765e-02
1.5864359820994878e-02
1.7609359820994541e-02
1.8649359820997802e-02
1.8883359821003864e-02
1.8310359821001043e-02
1.7028359820997707e-02
1.5206359820993498e-02
1.3055359820995704e-02
1.0800359821004690e-02
8.6523598209993224e-03
6.7913598209941028e-03
5.3523598210034606e-03
4.4223598209924830e-03
4.0383598209956517e-03
4.1913598209930569e-03
4.8343598210038863e-03
5.8923598210043338e-03
7.2673598210002410e-03
8.8563598209958627e-03
1.0548359821001441e-02
1.2242359821001969e-02
1.3839359820991604e-02
1.5254359821000207e-02
1.6417359820991351e-02
1.7269359821000307e-02
1.7767359820993534e-02
1.7884359820996565e-02
1.7609359820994541e-02
1.6944359820996624e-02
1.5911359821004112e-02
1.4547359820994643e-02
1.2906359821002411e-02
1.1064359820991854e-02
9.1103598209940628e-03
7.1553598209987967e-03
5.3233598209914135e-03
3.7473598209913916e-03
2.5643598209939000e-03
1.9013598210051441e-03
1.8603598209949723e-03
2.4993598210016899e-03
3.8183598209968750e-03
5.7403598210044038e-03
8.1093598209918127e-03
1.0697359820994734e-02
1.3230359820994408e-02
1.5428359821001436e-02
1.7048359821004055e-02
1.7924359820995051e-02
1.7988359821003996e-02
1.7276359820996845e-02
1.5912359821001587e-02
1.4084359820998316e-02
1.2014359820994969e-02
9.9283598210035962e-03
8.0363598209913789e-03
6.5083598209980664e-03
5.4653598210023802e-03
4.9723598209965303e-03
5.0393598209979018e-03
5.6283598210029595e-03
6.6643598210021082e-03
8.0493598210011896e-03
9.6693598210038090e-03
1.1405359820997774e-02
1.3146359820993325e-02
1.4785359821004818e-02
1.6233359821001159e-02
1.7412359820994538e-02
1.8263359820991809e-02
1.8743359821002059e-02
1.8825359820993981e-02
1.8499359820992822e-02
1.7773359820992596e-02
1.6669359820994600e-02
1.5230359821003958e-02
1.3514359821002131e-02
1.1596359820998714e-02
9.5693598210004893e-03
7.5403598209931033e-03
5.6283598210029595e-03
3.9603598209936308e-03
2.6593598209956326e-03
1.8373598209961983e-03
1.5833598209979982e-03
1.9453598209935308e-03
2.9193598209928950e-03
4.4423598209988313e-03
6.3853598209959728e-03
8.5663598210032887e-03
1.0768359821000217e-02
1.2763359820993969e-02
1.4343359820998103e-02
1.5353359820991841e-02
1.5703359821003460e-02
1.5384359820998839e-02
1.4463359820993560e-02
1.3076359820999528e-02
1.1403359821002823e-02
9.6493598209974607e-03
8.0143598210042910e-03
6.6733598209935963e-03
5.7563598209924294e-03
5.3403598209911252e-03
5.4463598209935071e-03
6.0483598209941647e-03
7.0843598209933134e-03
8.4623598209958573e-03
1.0076359820999414e-02
1.1816359820997491e-02
1.3573359820995279e-02
1.5246359820991984e-02
1.6746359820999146e-02
1.7998359820992960e-02
1.8942359820997012e-02
1.9532359820999545e-02
1.9740359821000197e-02
1.9550359820996732e-02
1.8965359820995786e-02
1.8002359820997071e-02
1.6694359821002536e-02
1.5089359821004678e-02
1.3254359821004869e-02
1.1270359820997555e-02
9.2323598209986812e-03
7.2513598209980046e-03
5.4443598209985566e-03
3.9303598209983193e-03
2.8243598209911625e-03
2.2203598209955544e-03
2.1853598209986558e-03
2.7383598209951288e-03
3.8473598209947113e-03
5.4153598210007203e-03
7.2913598209964903e-03
9.2803598209911797e-03
1.1163359820997698e-02
1.2732359821001182e-02
1.3811359820991242e-02
1.4287359820997381e-02
1.4119359820995214e-02
1.3344359821005014e-02
1.2072359821004852e-02
1.0467359820992783e-02
8.7283598209921820e-03
7.0633598210037007e-03
5.6613598210049076e-03
4.6713598210033069e-03
4.1913598209930569e-03
4.2613598210010650e-03
4.8643598209991978e-03
5.9443598210009441e-03
7.4073598210020464e-03
9.1443598209934862e-03
1.1036359820991493e-02
1.2966359820993034e-02
1.4823359820994142e-02
1.6510359820998133e-02
1.7946359820996349e-02
1.9064359821001631e-02
1.9817359821004743e-02
2.0173359821001213e-02
2.0118359820997966e-02
1.9655359821001639e-02
1.8803359820992682e-02
1.7599359820991367e-02
1.6096359820991779e-02
1.4363359821004451e-02
1.2485359820999520e-02
1.0562359820994516e-02
8.7013598210035070e-03
7.0183598210036280e-03
5.6253598209963229e-03
4.6273598210007094e-03
4.1033598210020727e-03
4.1043598209995480e-03
4.6353598209947222e-03
5.6523598209992088e-03
7.0583598210021137e-03
8.7083598210000446e-03
1.0420359820997760e-02
1.1997359820995257e-02
1.3244359821001694e-02
1.3996359820993121e-02
1.4141359820996513e-02
1.3637359821004225e-02
1.2523359821003055e-02
1.0920359821000147e-02
9.0103598210049540e-03
7.0183598210036280e-03
5.1703598209940083e-03
3.6673598209944203e-03
2.6563598210032069e-03
2.2243598209996662e-03
2.3923598210018326e-03
3.1273598209935471e-03
4.3513598210012105e-03
5.9603598210031805e-03
7.8343598210040000e-03
9.8513598209990505e-03
1.1894359820999512e-02
1.3854359820996365e-02
1.5639359820994514e-02
1.7173359821001100e-02
1.8394359821002126e-02
1.9259359820992472e-02
1.9741359820997673e-02
1.9826359820996231e-02
1.9520359821001421e-02
1.8840359820998742e-02
1.7821359820999305e-02
1.6512359820993083e-02
1.4975359820994072e-02
1.3290359820999242e-02
1.1545359820999579e-02
9.8413598209958764e-03
8.2813598209980910e-03
6.9723598209918691e-03
6.0103598210048403e-03
5.4763598210030295e-03
5.4233598209947331e-03
5.8653598210014479e-03
6.7743598209943912e-03
8.0713598210024884e-03
9.6293598209911124e-03
1.1288359820994742e-02
1.2859359820993177e-02
1.4153359820994638e-02
1.4998359820992846e-02
1.5265359821000857e-02
1.4882359821001501e-02
1.3857359821003001e-02
1.2274359820992231e-02
1.0291359820996604e-02
8.1203598209924621e-03
5.9933598210051287e-03
4.1303598210049586e-03
2.7143598209988795e-03
1.8653598209965594e-03
1.6383598210012451e-03
2.0263598210021883e-03
2.9693598209945549e-03
4.3723598210050341e-03
6.1153598209955362e-03
8.0723598209999636e-03
1.0115359821000425e-02
1.2128359820991363e-02
1.4005359820998819e-02
1.5660359820998337e-02
1.7021359821001170e-02
1.8036359820996495e-02
1.8669359821004150e-02
1.8902359820998527e-02
1.8734359820996360e-02
1.8179359821004937e-02
1.7270359820997783e-02
1.6053359821000868e-02
1.4593359820992191e-02
1.2966359820993034e-02
1.1264359820998493e-02
9.5883598209951515e-03
8.0493598210011896e-03
6.7553598209997290e-03
5.8093598210007258e-03
5.3003598209926395e-03
5.2913598210011514e-03
5.8103598209982010e-03
6.8413598209957627e-03
8.3233598209915272e-03
1.0142359821003311e-02
1.2138359820994538e-02
1.4115359820991102e-02
1.5852359820996753e-02
1.7127359821003552e-02
1.7747359821001396e-02
1.7583359821003341e-02
1.6599359821000803e-02
1.4871359821000851e-02
1.2584359820991153e-02
9.9983598209973934e-03
7.4103598209944721e-03
5.0973598209935744e-03
3.2823598210001137e-03
2.1073598209966349e-03
1.6313598210047076e-03
1.8373598209961983e-03
2.6503598210041446e-03
3.9573598210012051e-03
5.6243598209988477e-03
7.5133598210044283e-03
9.4913598209984684e-03
1.1438359820999722e-02
1.3248359820991595e-02
1.4836359821003953e-02
1.6135359820992790e-02
1.7096359820996554e-02
1.7687359820996562e-02
1.7893359821002264e-02
1.7716359820994398e-02
1.7172359821003624e-02
1.6292359820994307e-02
1.5123359821004101e-02
1.3723359821000258e-02
1.2164359820999948e-02
1.0530359821004254e-02
8.9153598210032214e-03
7.4163598209935344e-03
6.1353598210018845e-03
5.1673598210015825e-03
4.5993598210003483e-03
4.4983598209995534e-03
4.9033598210002083e-03
5.8203598210013752e-03
7.2163598210011060e-03
9.0103598210049540e-03
1.1077359821001664e-02
1.3249359821003281e-02
1.5321359821001579e-02
1.7071359821002829e-02
1.8283359820998157e-02
1.8779359820996433e-02
1.8458359820996861e-02
1.7321359820996918e-02
1.5480359820998046e-02
1.3147359821005011e-02
1.0595359820996464e-02
8.1113598210009741e-03
5.9533598209924321e-03
4.3153598209926258e-03
3.3103598210004748e-03
2.9743598209961419e-03
3.2723598209969396e-03
4.1233598209942102e-03
5.4113598209966085e-03
7.0063598209912925e-03
8.7773598209963666e-03
1.0597359820991414e-02
1.2355359821000889e-02
1.3954359820999684e-02
1.5317359820997467e-02
1.6384359821003613e-02
1.7111359821001315e-02
1.7474359820994323e-02
1.7464359820991149e-02
1.7086359820993380e-02
1.6362359821002315e-02
1.5328359820998116e-02
1.4032359821001705e-02
1.2536359820998655e-02
1.0914359821001085e-02
9.2493598209983929e-03
7.6313598210049349e-03
6.1543598209965467e-03
4.9113598209942211e-03
3.9913598210006285e-03
3.4723598210035789e-03
3.4143598209936954e-03
3.8563598210004102e-03
4.8093598209959509e-03
6.2493598209982792e-03
8.1103598210034988e-03
1.0278359821001004e-02
1.2585359821002839e-02
1.4812359820993493e-02
1.6706359821000660e-02
1.8013359820997721e-02
1.8525359820998233e-02
1.8134359821004864e-02
1.6867359820992078e-02
1.4888359821000563e-02
1.2472359821003920e-02
9.9483598209957336e-03
7.6323598210024102e-03
5.7803598210028895e-03
4.5553598209977508e-03
4.0263598209975271e-03
4.1783598209974571e-03
4.9303598210030941e-03
6.1633598210022456e-03
7.7373598209931060e-03
9.5103598209931306e-03
1.1348359820999576e-02
1.3130359820991089e-02
1.4755359820995295e-02
1.6143359821001013e-02
1.7232359820994247e-02
1.7977359821003347e-02
1.8355359821001116e-02
1.8355359821001116e-02
1.7983359821002409e-02
1.7257359821002183e-02
1.6211359820999860e-02
1.4887359821003088e-02
1.3341359820998377e-02
1.1638359820992150e-02
9.8523598209965257e-03
8.0623598209967895e-03
6.3563598209981365e-03
4.8223598209915508e-03
3.5513598210030750e-03
2.6293598210003211e-03
2.1353598209969959e-03
2.1373598209919464e-03
2.6773598209928196e-03
3.7703598210043765e-03
5.3833598209962474e-03
7.4293598210033451e-03
9.7533598210048922e-03
1.2136359820999587e-02
1.4313359821002791e-02
1.6007359821003320e-02
1.6984359820995110e-02
1.7103359820993091e-02
1.6355359820991566e-02
1.4867359820996739e-02
1.2881359820994476e-02
1.0696359820997259e-02
8.6133598209983120e-03
6.8833598210034097e-03
5.6793598210020946e-03
5.0873598210046111e-03
5.1133598209958109e-03
5.7023598210008686e-03
6.7583598209921547e-03
8.1623598210001092e-03
9.7873598210043156e-03
1.1510359821002680e-02
1.3220359820991234e-02
1.4819359821004241e-02
1.6228359820999572e-02
1.7384359820994177e-02
1.8242359821002196e-02
1.8772359820999895e-02
1.8958359820999249e-02
1.8800359821000256e-02
1.8309359821003568e-02
1.7508359820993746e-02
1.6430359821001161e-02
1.5116359820993353e-02
1.3619359820992827e-02
1.1995359821000307e-02
1.0307359820998840e-02
8.6223598210040109e-03
7.0083598210004538e-03
5.5383598210028140e-03
4.2833598210023638e-03
3.3143598210045866e-03
2.7013598210032796e-03
2.5073598209957026e-03
2.7853598210043629e-03
3.5663598209936254e-03
4.8463598210020109e-03
6.5663598209937390e-03
8.6003598210027121e-03
1.0749359820991344e-02
1.2753359821005006e-02
1.4330359821002503e-02
1.5231359821001433e-02
1.5300359820997755e-02
1.4521359821003443e-02
1.3026359820997868e-02
1.1068359820995965e-02
8.9633598209957199e-03
7.0213598209960537e-03
5.4953598209976917e-03
4.5493598209986885e-03
4.2523598209953661e-03
4.5933598210012860e-03
5.4953598209976917e-03
6.8443598210023993e-03
8.5073598209959300e-03
1.0351359821001438e-02
1.2246359820991870e-02
1.4083359821000840e-02
1.5766359821000719e-02
1.7221359820993598e-02
1.8391359820995490e-02
1.9239359821000335e-02
1.9740359821000197e-02
1.9885359821003590e-02
1.9676359820991252e-02
1.9128359820996366e-02
1.8264359821003495e-02
1.7116359821002902e-02
1.5723359820995597e-02
1.4134359820999975e-02
1.2404359821005073e-02
1.0596359820993939e-02
8.7833598209954289e-03
7.0483598209989395e-03
5.4833598209995671e-03
4.1903598209955817e-03
3.2753598210035761e-03
2.8403598209933989e-03
2.9683598209970796e-03
3.7073598209929060e-03
5.0433598210020136e-03
6.8843598210008849e-03
9.0413598209977408e-03
1.1242359820997194e-02
1.3164359821004723e-02
1.4489359820998970e-02
1.4976359820991547e-02
1.4528359820999981e-02
1.3212359820997222e-02
1.1248359820996257e-02
8.9523598209950705e-03
6.6693598210036953e-03
4.6983598209919819e-03
3.2603598209988149e-03
2.4773598210003911e-03
2.3753598210021210e-03
2.9123598209963575e-03
3.9923598209981037e-03
5.4933598210027412e-03
7.2833598210024775e-03
9.2343598209936317e-03
1.1228359821004119e-02
1.3164359821004723e-02
1.4956359820999410e-02
1.6540359820993444e-02
1.7864359821004427e-02
1.8893359820992828e-02
1.9606359820997454e-02
1.9994359820998397e-02
2.0056359820998182e-02
1.9803359820997457e-02
1.9252359820995935e-02
1.8426359820992388e-02
1.7356359820993816e-02
1.6078359820994592e-02
1.4632359820993202e-02
1.3067359820993829e-02
1.1435359820993085e-02
9.7973598209932788e-03
8.2243598209998936e-03
6.7973598209931652e-03
5.6043598209924994e-03
4.7403598209996289e-03
4.3013598209995507e-03
4.3663598209917609e-03
4.9863598210038163e-03
6.1613598209930842e-03
7.8163598209926022e-03
9.7873598210043156e-03
1.1827359820998140e-02
1.3628359820998526e-02
1.4878359820997389e-02
1.5327359821000641e-02
1.4851359820994503e-02
1.3492359821000832e-02
1.1447359820991210e-02
9.0243598209980291e-03
6.5703598209978509e-03
4.4033598209978209e-03
2.7623598209913780e-03
1.7883598209920137e-03
1.5243598210048503e-03
1.9333598209954062e-03
2.9253598209919573e-03
4.3743598209999845e-03
6.1473598210000091e-03
8.1083598209943375e-03
1.0135359820992562e-02
1.2120359820997351e-02
1.3976359821000983e-02
1.5630359821003026e-02
1.7030359820992658e-02
1.8137359820997290e-02
1.8924359820999825e-02
1.9377359820992979e-02
1.9492359821001060e-02
1.9271359821004808e-02
1.8726359821002347e-02
1.7873359820995915e-02
1.6740359821000084e-02
1.5361359821000065e-02
1.3780359820998456e-02
1.2055359821005140e-02
1.0260359821003817e-02
8.4873598210037926e-03
6.8483598209923002e-03
5.4693598209922811e-03
4.4923598210004911e-03
4.0563598209928386e-03
4.2793598209982520e-03
5.2323598209937927e-03
6.9083598209971342e-03
9.1893598209935590e-03
1.1833359820997202e-02
1.4485359820994859e-02
1.6722359821002897e-02
1.8137359820997290e-02
1.8439359821002199e-02
1.7529359820997570e-02
1.5531359820997181e-02
1.2757359820994907e-02
9.6283598209936372e-03
6.5733598210044875e-03
3.9503598210046675e-03
2.0033598210034143e-03
8.5035982100123420e-04
5.0035982100382626e-04
8.8535982099813282e-04
1.8833598209937463e-03
3.3523598209939109e-03
5.1453598210002838e-03
7.1243598209917991e-03
9.1643598209998345e-03
1.1161359821002748e-02
1.3031359820999455e-02
1.4706359820991111e-02
1.6134359820995314e-02
1.7279359821003482e-02
1.8115359820995991e-02
1.8628359820993978e-02
1.8812359820998381e-02
1.8669359821004150e-02
1.8210359820997724e-02
1.7452359820993024e-02
1.6419359821000512e-02
1.5145359820991189e-02
1.3674359820996074e-02
1.2058359820997566e-02
1.0366359820991988e-02
8.6773598209930469e-03
7.0883598209974252e-03
5.7083598209999309e-03
4.6573598209960210e-03
4.0603598209969505e-03
4.0313598209991142e-03
4.6613598210001328e-03
5.9893598210010168e-03
7.9793598209931815e-03
1.0496359821004830e-02
1.3295359821000829e-02
1.6036359821001156e-02
1.8324359820994118e-02
1.9783359820991109e-02
2.0143359820991691e-02
1.9306359821001706e-02
1.7382359820999227e-02
1.4654359820994500e-02
1.1513359820995106e-02
8.3703598210007613e-03
5.5813598209937254e-03
3.4013598209980955e-03
1.9693598210039909e-03
1.3203598209940992e-03
1.4053598209926577e-03
2.1253598209938218e-03
3.3493598210014852e-03
4.9403598209920574e-03
6.7603598210013160e-03
8.6883598209936963e-03
1.0616359821000287e-02
1.2453359820995047e-02
1.4127359821003438e-02
1.5578359820992205e-02
1.6763359820998858e-02
1.7647359820998076e-02
1.8207359820991087e-02
1.8430359820996500e-02
1.8308359820991882e-02
1.7845359820995554e-02
1.7049359821001531e-02
1.5941359820999423e-02
1.4549359821003804e-02
1.2917359821003060e-02
1.1103359820992864e-02
9.1823598209970214e-03
7.2503598210005293e-03
5.4243598209922084e-03
3.8423598209931242e-03
2.6563598210032069e-03
2.0283598209971387e-03
2.1053598210016844e-03
3.0003598210015525e-03
4.7553598210043901e-03
7.3093598209936772e-03
1.0464359821000357e-02
1.3878359820992614e-02
1.7096359820996554e-02
1.9621359821002216e-02
2.1020359820994372e-02
2.1043359820993146e-02
1.9684359820999475e-02
1.7193359820993237e-02
1.3995359820995645e-02
1.0590359820994877e-02
7.4353598210024074e-03
4.8743598210023720e-03
3.1113598209913107e-03
2.2123598210015416e-03
2.1383598210036325e-03
2.7813598210002510e-03
3.9913598210006285e-03
5.6103598209915617e-03
7.4813598209999554e-03
9.4653598209930578e-03
1.1440359820994672e-02
1.3305359821004004e-02
1.4981359820993134e-02
1.6405359820993226e-02
1.7530359820995045e-02
1.8323359820996643e-02
1.8764359820991672e-02
1.8841359820996217e-02
1.8553359820998594e-02
1.7910359821001975e-02
1.6927359820996912e-02
1.5633359820995452e-02
1.4065359821003653e-02
1.2273359820994756e-02
1.0322359821003602e-02
8.2893598209921038e-03
6.2713598209995780e-03
4.3813598209965221e-03
2.7443598209941911e-03
1.5023598210035516e-03
7.9535982099798730e-04
7.5435982100202637e-04
1.4803598210022528e-03
3.0133598209971524e-03
5.3143598209999254e-03
8.2313598209964312e-03
1.1493359821002969e-02
1.4729359821004095e-02
1.7512359820997858e-02
1.9442359820999400e-02
2.0235359821000998e-02
1.9794359820991758e-02
1.8231359821001547e-02
1.5839359821001153e-02
1.3010359820995632e-02
1.0152359820992274e-02
7.6143598210052232e-03
5.6403598210010841e-03
4.3623598210018599e-03
3.8093598209911761e-03
3.9363598209973816e-03
4.6463598209953716e-03
5.8173598209947386e-03
7.3193598209968513e-03
9.0243598209980291e-03
1.0818359821001877e-02
1.2600359820993390e-02
1.4286359820999905e-02
1.5805359821001730e-02
1.7101359820998141e-02
1.8132359820995703e-02
1.8865359820992467e-02
1.9276359820992184e-02
1.9351359821001779e-02
1.9083359820996293e-02
1.8476359820994048e-02
1.7538359821003269e-02
1.6288359821004406e-02
1.4756359820992770e-02
1.2982359820995271e-02
1.1021359821000942e-02
8.9433598210035825e-03
6.8343598209992251e-03
4.8013598210019381e-03
2.9683598209970796e-03
1.4743598210031905e-03
4.6935982099682860e-04
9.5359821003171419e-05
4.7535982099589091e-04
1.6813598209921565e-03
3.7023598209913189e-03
6.4183598209979209e-03
9.5793598210036635e-03
1.2815359821004790e-02
1.5679359820993000e-02
1.7732359820996635e-02
1.8645359820993690e-02
1.8283359820998157e-02
1.6749359820991572e-02
1.4347359821002215e-02
1.1508359820993519e-02
8.6823598209946340e-03
6.2483598210008040e-03
4.4693598210017171e-03
3.4743598209985294e-03
3.2783598209960019e-03
3.8073598209962256e-03
4.9343598209929951e-03
6.5073598210005912e-03
8.3703598210007613e-03
1.0378359821004324e-02
1.2400359821000961e-02
1.4330359821002503e-02
1.6080359821003753e-02
1.7583359821003341e-02
1.8789359820999607e-02
1.9662359820998176e-02
2.0179359821000276e-02
2.0327359820996094e-02
2.0103359820993205e-02
1.9513359821004883e-02
1.8570359820998306e-02
1.7300359820993094e-02
1.5736359820991197e-02
1.3925359821001848e-02
1.1927359821001460e-02
9.8203598209920528e-03
7.6973598209946203e-03
5.6693598209989204e-03
3.8643598209944230e-03
2.4183598209930324e-03
1.4713598209965539e-03
1.1503598209969823e-03
1.5463598209919382e-03
2.6933598209950560e-03
4.5383598209980391e-03
6.9243598209993706e-03
9.5843598210052505e-03
1.2166359820994899e-02
1.4290359821004017e-02
1.5618359821004901e-02
1.5943359820994374e-02
1.5232359820998909e-02
1.3642359820991601e-02
1.1467359820997558e-02
9.0713598209930524e-03
6.8053598210013888e-03
4.9483598210002810e-03
3.6803598210042310e-03
3.0773598209918873e-03
3.1293598210027085e-03
3.7693598209926904e-03
4.8903598210046084e-03
6.3723598210003729e-03
8.0943598210012624e-03
9.9433598209941465e-03
1.1823359820994028e-02
1.3650359820999824e-02
1.5355359821001002e-02
1.6883359820994315e-02
1.8190359820991375e-02
1.9240359820997810e-02
2.0007359820993997e-02
2.0469359820992850e-02
2.0614359820996242e-02
2.0433359820998476e-02
1.9926359820999551e-02
1.9098359821001054e-02
1.7967359821000173e-02
1.6556359820995681e-02
1.4903359820991113e-02
1.3058359821002341e-02
1.1089359820999789e-02
9.0773598209921147e-03
7.1233598209943239e-03
5.3423598210002865e-03
3.8633598209969477e-03
2.8173598209946249e-03
2.3293598210045730e-03
2.4983598210042146e-03
3.3723598210002592e-03
4.9233598209923457e-03
7.0313598209992278e-03
9.4633598209981074e-03
1.1899359821001099e-02
1.3968359820992760e-02
1.5320359821004104e-02
1.5708359821005047e-02
1.5055359821005254e-02
1.3467359820992897e-02
1.1217359821003470e-02
8.6673598210040836e-03
6.1883598209959700e-03
4.0963598209913243e-03
2.6053598210040718e-03
1.8203598209964866e-03
1.7513598210001646e-03
2.3353598210036353e-03
3.4623598210004047e-03
5.0043598210010032e-03
6.8263598210052123e-03
8.8023598210043019e-03
1.0821359820994303e-02
1.2788359821001904e-02
1.4624359820999189e-02
1.6265359820991421e-02
1.7661359820991152e-02
1.8772359820999895e-02
1.9567359820996444e-02
2.0025359820991184e-02
2.0133359821002728e-02
1.9884359820991904e-02
1.9283359821002932e-02
1.8345359820997942e-02
1.7095359820999079e-02
1.5575359820999779e-02
1.3840359821003290e-02
1.1965359821004995e-02
1.0042359820999991e-02
8.1823598209922466e-03
6.5143598209971287e-03
5.1753598209955953e-03
4.3053598210036625e-03
4.0263598209975271e-03
4.4223598209924830e-03
5.5153598210040400e-03
7.2383598210024047e-03
9.4153598209913980e-03
1.1771359820997418e-02
1.3956359820994635e-02
1.5605359820995091e-02
1.6420359820997987e-02
1.6240359820997696e-02
1.5084359821003090e-02
1.3141359820991738e-02
1.0722359821002669e-02
8.1773598210048704e-03
5.8273598209979127e-03
3.9143598209960828e-03
2.5803598209961365e-03
1.8753598209997335e-03
1.7773598209913644e-03
2.2163598209914426e-03
3.1003598210048722e-03
4.3283598210024365e-03
5.8033598210016635e-03
7.4343598210049322e-03
9.1433598209960110e-03
1.0860359820995313e-02
1.2523359821003055e-02
1.4077359821001778e-02
1.5472359821004034e-02
1.6666359821002175e-02
1.7621359820992666e-02
1.8304359821001981e-02
1.8690359820993763e-02
1.8762359820996721e-02
1.8512359821002633e-02
1.7942359820992237e-02
1.7066359821001242e-02
1.5909359820994950e-02
1.4515359821004381e-02
1.2939359821004359e-02
1.1257359821001955e-02
9.5603598209947904e-03
7.9573598209918828e-03
6.5683598210029004e-03
5.5223598210005775e-03
4.9413598210037435e-03
4.9323598209980446e-03
5.5613598210015880e-03
6.8333598210017499e-03
8.6723598209914599e-03
1.0908359821002023e-02
1.3279359820998593e-02
1.5459359820994223e-02
1.7111359821001315e-02
1.7955359821002048e-02
1.7832359820999955e-02
1.6742359820995034e-02
1.4844359820997965e-02
1.2409359820992449e-02
9.7653598210030168e-03
7.2233598209976435e-03
5.0363598209912652e-03
3.3713598210027840e-03
2.3113598209931752e-03
1.8673598209915099e-03
2.0003598209967777e-03
2.6373598209943339e-03
3.6863598210032933e-03
5.0533598210051878e-03
6.6413598210033342e-03
8.3593598210001119e-03
1.0123359820994438e-02
1.1856359820995976e-02
1.3486359821001770e-02
1.4952359820995298e-02
1.6197359820992574e-02
1.7176359820993525e-02
1.7850359820997141e-02
1.8191359821003061e-02
1.8180359821002412e-02
1.7810359820998656e-02
1.7088359821002541e-02
1.6035359821003681e-02
1.4686359820998973e-02
1.3096359820991665e-02
1.1338359820996402e-02
9.5063598210032296e-03
7.7133598209968568e-03
6.0913598209992870e-03
4.7823598209930651e-03
3.9343598210024311e-03
3.6793598209925449e-03
4.1163598209976726e-03
5.2863598209995644e-03
7.1443598209981474e-03
9.5403598210026530e-03
1.2219359821003195e-02
1.4840359820993854e-02
1.7035359820994245e-02
1.8475359820996573e-02
1.8950359821005236e-02
1.8413359820996789e-02
1.6986359821004271e-02
1.4918359820995875e-02
1.2523359821003055e-02
1.0103359821002300e-02
7.9093598209993843e-03
6.1133598210005857e-03
4.8093598209959509e-03
4.0293598210041637e-03
3.7603598210012024e-03
3.9593598209961556e-03
4.5683598209933507e-03
5.5163598210015152e-03
6.7303598209917936e-03
8.1303598209956363e-03
9.6383598209968113e-03
1.1177359821004984e-02
1.2671359820998873e-02
1.4050359820998892e-02
1.5250359820996096e-02
1.6216359821001447e-02
1.6900359820994026e-02
1.7267359820991146e-02
1.7294359820994032e-02
1.6970359821002035e-02
1.6298359820993369e-02
1.5296359820993644e-02
1.3999359820999757e-02
1.2457359820999159e-02
1.0741359820997332e-02
8.9393598209994707e-03
7.1573598209937472e-03
5.5163598210015152e-03
4.1473598210046703e-03
3.1853598210034306e-03
2.7553598209948404e-03
2.9553598210014798e-03
3.8363598209940619e-03
5.3853598209911979e-03
7.5053598209962047e-03
1.0011359820992993e-02
1.2642359821001037e-02
1.5090359821002153e-02
1.7056359820998068e-02
1.8297359820991232e-02
1.8683359820997225e-02
1.8209359821000248e-02
1.6994359820998284e-02
1.5240359820992921e-02
1.3188359821000972e-02
1.1078359820999140e-02
9.1123598210032242e-03
7.4453598209913707e-03
6.1813598209994325e-03
5.3753598210022346e-03
5.0433598210020136e-03
5.1703598209940083e-03
5.7133598210015180e-03
6.6133598210029731e-03
7.7953598210029895e-03
9.1783598209929096e-03
1.0675359820993435e-02
1.2200359820994322e-02
1.3671359821003648e-02
1.5010359821005181e-02
1.6151359820995026e-02
1.7035359820994245e-02
1.7614359820996128e-02
1.7854359821001253e-02
1.7733359820994110e-02
1.7243359820994897e-02
1.6390359821002676e-02
1.5198359820999485e-02
1.3704359820991385e-02
1.1967359820999945e-02
1.0062359820992128e-02
8.0833598210006130e-03
6.1443598209933725e-03
4.3733598210025093e-03
2.9113598209988822e-03
1.8973598210010323e-03
1.4593598209984293e-03
1.6953598209994425e-03
2.6493598209924585e-03
4.2943598210030132e-03
6.5133598209996535e-03
9.0983598209959382e-03
1.1763359821003405e-02
1.4190359821000698e-02
1.6080359821003753e-02
1.7210359820992949e-02
1.7482359821002547e-02
1.6926359820999437e-02
1.5691359820991124e-02
1.3994359820998170e-02
1.2078359821003914e-02
1.0171359821001147e-02
8.4633598209933325e-03
7.0923598210015371e-03
6.1493598209949596e-03
5.6783598210046193e-03
5.6843598210036816e-03
6.1423598209984220e-03
6.9973598209998045e-03
8.1773598210048704e-03
9.5953598209916890e-03
1.1157359820998636e-02
1.2767359820998081e-02
1.4333359820994929e-02
1.5768359820995670e-02
1.6998359821002396e-02
1.7956359820999523e-02
1.8592359820999604e-02
1.8868359820999103e-02
1.8763359820994197e-02
1.8269359821005082e-02
1.7395359820994827e-02
1.6167359820997262e-02
1.4628359821003301e-02
1.2840359820998515e-02
1.0882359820996612e-02
8.8513598209942757e-03
6.8603598210046357e-03
5.0333598209988395e-03
3.5013598210014152e-03
2.3903598209926713e-03
1.8113598210049986e-03
1.8383598209936736e-03
2.5013598209966403e-03
3.7613598209986776e-03
5.5113598209999282e-03
7.5733598209950515e-03
9.7193598209912579e-03
1.1704359820996046e-02
1.3302359820997367e-02
1.4343359820998103e-02
1.4744359820994646e-02
1.4508359820993633e-02
1.3718359820998671e-02
1.2513359820999881e-02
1.1062359820996903e-02
9.5413598210001282e-03
8.1133598209959246e-03
6.9203598209952588e-03
6.0703598209954635e-03
5.6313598209953852e-03
5.6373598209944475e-03
6.0823598209935881e-03
6.9283598210034825e-03
8.1133598209959246e-03
9.5573598210023647e-03
1.1166359821004335e-02
1.2847359820995052e-02
1.4506359820998682e-02
1.6056359820993293e-02
1.7417359820996126e-02
1.8525359820998233e-02
1.9324359820998893e-02
1.9774359820999621e-02
1.9849359820995005e-02
1.9537359821001132e-02
1.8841359820996217e-02
1.7779359820991658e-02
1.6385359821001089e-02
1.4711359820992698e-02
1.2824359820996278e-02
1.0809359820996178e-02
8.7673598209931924e-03
6.8133598209954016e-03
5.0703598210048995e-03
3.6653598209994698e-03
2.7143598209988795e-03
2.3143598209998117e-03
2.5233598209979391e-03
3.3443598209998981e-03
4.7153598209916936e-03
6.5023598209990041e-03
8.5053598210009795e-03
1.0485359821004181e-02
1.2193359820997784e-02
1.3419359821000398e-02
1.4019359820991895e-02
1.3945359820993986e-02
1.3240359820997583e-02
1.2027359821004779e-02
1.0480359821002594e-02
8.7943598209960783e-03
7.1623598209953343e-03
5.7553598209949541e-03
4.7083598209951560e-03
4.1113598209960855e-03
4.0113598209927659e-03
4.4093598209968832e-03
5.2713598209948032e-03
6.5293598210018899e-03
8.0963598209962129e-03
9.8693598209962374e-03
1.1743359820997057e-02
1.3613359820993765e-02
1.5381359820992202e-02
1.6961359820996336e-02
1.8278359820996570e-02
1.9273359820999758e-02
1.9902359821003301e-02
2.0136359820995153e-02
1.9964359821003086e-02
1.9389359820991103e-02
1.8434359821000612e-02
1.7136359820995040e-02
1.5554359820995955e-02
1.3761359821003794e-02
1.1848359821001964e-02
9.9223598210045338e-03
8.1023598209952752e-03
6.5123598210021783e-03
5.2743598210014397e-03
4.4943598209954416e-03
4.2513598209978909e-03
4.5813598210031614e-03
5.4623598209957436e-03
6.8093598209912898e-03
8.4733598209965066e-03
1.0257359820997181e-02
1.1937359821004634e-02
1.3299359821004941e-02
1.4164359820995287e-02
1.4421359821000124e-02
1.4034359820996656e-02
1.3048359820999167e-02
1.1573359820999940e-02
9.7733598209970296e-03
7.8403598210030623e-03
5.9713598210038299e-03
4.3493598209920492e-03
3.1243598210011214e-03
2.3993598209983702e-03
2.2253598209971415e-03
2.6013598209999600e-03
3.4863598209966540e-03
4.8023598209994134e-03
6.4523598209973443e-03
8.3233598209915272e-03
1.0304359820992204e-02
1.2285359820992880e-02
1.4167359821001924e-02
1.5862359820999927e-02
1.7298359820998144e-02
1.8417359821000900e-02
1.9177359821000550e-02
1.9552359820991683e-02
1.9530359821004595e-02
1.9117359820995716e-02
1.8333359820999817e-02
1.7214359820997061e-02
1.5812359820998267e-02
1.4196359820999760e-02
1.2449359821005146e-02
1.0669359820994373e-02
8.9663598210023565e-03
7.4573598210037062e-03
6.2573598209922920e-03
5.4733598209963930e-03
5.1893598210028813e-03
5.4553598209992060e-03
6.2703598210021028e-03
7.5753598210042128e-03
9.2483598210009177e-03
1.1111359821001088e-02
1.2946359821000897e-02
1.4525359820993344e-02
1.5641359821003675e-02
1.6140359820994377e-02
1.5940359821001948e-02
1.5049359820991981e-02
1.3552359820991455e-02
1.1605359821004413e-02
9.4083598209948605e-03
7.1813598210042073e-03
5.1383598210037462e-03
3.4613598210029295e-03
2.2863598209994507e-03
1.6943598210019672e-03
1.7063598210000919e-03
2.2933598209959882e-03
3.3873598210050204e-03
4.8893598209929223e-03
6.6843598209942456e-03
8.6513598210018472e-03
1.0670359820991848e-02
1.2631359821000387e-02
1.4436359821004885e-02
1.6002359821001733e-02
1.7260359820994609e-02
1.8161359820993539e-02
1.8670359821001625e-02
1.8771359821002420e-02
1.8463359820998448e-02
1.7762359820991946e-02
1.6703359820994024e-02
1.5336359820992129e-02
1.3731359820994271e-02
1.1973359820999008e-02
1.0166359820999560e-02
8.4243598209923221e-03
6.8723598210027603e-03
5.6363598209969723e-03
4.8353598210013615e-03
4.5653598210009250e-03
4.8873598209979718e-03
5.8143598210023129e-03
7.2943598210031269e-03
9.2123598209923330e-03
1.1391359821004698e-02
1.3607359820994702e-02
1.5614359821000789e-02
1.7179359821000162e-02
1.8105359820992817e-02
1.8266359820998446e-02
1.7621359820992666e-02
1.6225359820992935e-02
1.4220359820996009e-02
1.1821359820999078e-02
9.2813598210028658e-03
6.8613598210021109e-03
4.7913598209987640e-03
3.2453598209940537e-03
2.3283598209928869e-03
2.0743598209946867e-03
2.4523598209924558e-03
3.3853598209958591e-03
4.7633598209984029e-03
6.4583598209964066e-03
8.3393598209937636e-03
1.0280359820995955e-02
1.2164359820999948e-02
1.3891359821002425e-02
1.5377359821002301e-02
1.6558359821004842e-02
1.7384359820994177e-02
1.7825359821003417e-02
1.7867359820996853e-02
1.7513359820995333e-02
1.6780359820998569e-02
1.5705359820998410e-02
1.4337359820999040e-02
1.2744359820999307e-02
1.1008359820991132e-02
9.2253598210021437e-03
7.5033598210012542e-03
5.9593598209914944e-03
4.7093598209926313e-03
3.8653598209918982e-03
3.5223598210052387e-03
3.7463598209939164e-03
4.5613598209968131e-03
5.9443598210009441e-03
7.8113598210052260e-03
1.0021359820996167e-02
1.2384359820998725e-02
1.4677359820993274e-02
1.6665359821004699e-02
1.8132359820995703e-02
1.8907359821000114e-02
1.8889359821002927e-02
1.8070359820995918e-02
1.6532359820999432e-02
1.4449359821000485e-02
1.2051359821001029e-02
9.6003598209932761e-03
7.3463598209997372e-03
5.4973598209926422e-03
4.1993598210012806e-03
3.5263598209951397e-03
3.4843598210017035e-03
4.0263598209975271e-03
5.0613598209992006e-03
6.4753598209961183e-03
8.1433598209912361e-03
9.9373598209950842e-03
1.1738359820995470e-02
1.3439359820992536e-02
1.4950359821000347e-02
1.6195359820997624e-02
1.7116359821002902e-02
1.7673359821003487e-02
1.7843359821000604e-02
1.7619359820997715e-02
1.7008359820991359e-02
1.6038359820996106e-02
1.4747359821001282e-02
1.3195359820997510e-02
1.1454359821001958e-02
9.6123598209914007e-03
7.7693598209975789e-03
6.0363598209960401e-03
4.5303598210040263e-03
3.3643598209920356e-03
2.6433598209933962e-03
2.4493598210000300e-03
2.8333598209968613e-03
3.8033598209921138e-03
5.3173598209923512e-03
7.2783598210008904e-03
9.5373598209960164e-03
1.1904359821002686e-02
1.4157359820998749e-02
1.6070359821000579e-02
1.7432359821000887e-02
1.8079359821001617e-02
1.7922359821000100e-02
1.6971359820999510e-02
1.5341359820993716e-02
1.3239359821000107e-02
1.0928359820994160e-02
8.6893598209911715e-03
6.7733598209969159e-03
5.3683598209914862e-03
4.5833598209981119e-03
4.4493598209953689e-03
4.9293598209914080e-03
5.9343598209977699e-03
7.3463598209997372e-03
9.0313598209945667e-03
1.0854359820996251e-02
1.2687359821001110e-02
1.4418359820993487e-02
1.5949359820993436e-02
1.7205359820991362e-02
1.8126359820996640e-02
1.8673359820994051e-02
1.8823359820999030e-02
1.8571359820995781e-02
1.7928359820999162e-02
1.6919359821002899e-02
1.5587359820997904e-02
1.3987359821001633e-02
1.2191359821002834e-02
1.0281359820993430e-02
8.3513598209918882e-03
6.5033598209964794e-03
4.8433598209953743e-03
3.4753598209960046e-03
2.4963598209950533e-03
1.9863598210037026e-03
2.0023598209917282e-03
2.5683598209980119e-03
3.6693598210035816e-03
5.2453598210036034e-03
7.1863598209915835e-03
9.3383598210010632e-03
1.1503359820991932e-02
1.3462359820991310e-02
1.4994359821002945e-02
1.5914359820996538e-02
1.6102359821005052e-02
1.5538359820993719e-02
1.4306359820992043e-02
1.2590359821004427e-02
1.0632359821002524e-02
8.6973598209993952e-03
7.0243598210026903e-03
5.7953598209934398e-03
5.1203598209923484e-03
5.0373598210029513e-03
5.5183598209964657e-03
6.4913598209983547e-03
7.8493598209945503e-03
9.4733598210012815e-03
1.1240359821002244e-02
1.3032359820996930e-02
1.4744359820994646e-02
1.6284359821000294e-02
1.7579359820999230e-02
1.8570359820998306e-02
1.9216359821001561e-02
1.9493359820998535e-02
1.9391359821000265e-02
1.8916359820991602e-02
1.8086359820998155e-02
1.6937359821000086e-02
1.5515359820994945e-02
1.3879359821004300e-02
1.2102359821000164e-02
1.0263359820996243e-02
8.4503598209977326e-03
6.7563598209972042e-03
5.2723598209922784e-03
4.0833598209957245e-03
3.2643598210029268e-03
2.8723598209978718e-03
2.9403598209967186e-03
3.4743598209985294e-03
4.4483598209978936e-03
5.8013598209925021e-03
7.4353598210024074e-03
9.2163598209964448e-03
1.0972359820996758e-02
1.2513359820999881e-02
1.3646359820995713e-02
1.4206359821002934e-02
1.4097359820993915e-02
1.3314359820995492e-02
1.1961359821000883e-02
1.0229359820996820e-02
8.3703598210007613e-03
6.6393598209941729e-03
5.2613598209916290e-03
4.3943598209921220e-03
4.1213598209992597e-03
4.4473598210004184e-03
5.3213598209964630e-03
6.6463598210049213e-03
8.3013598210044393e-03
1.0156359820996386e-02
1.2085359821000452e-02
1.3969359821004446e-02
1.5708359821005047e-02
1.7218359821001172e-02
1.8433359821003137e-02
1.9308359820996657e-02
1.9813359821000631e-02
1.9935359821005250e-02
1.9677359821002938e-02
1.9057359821005093e-02
1.8106359821004503e-02
1.6867359820992078e-02
1.5396359820996963e-02
1.3758359820997157e-02
1.2027359821004779e-02
1.0284359821000066e-02
8.6123598210008367e-03
7.0983598210005994e-03
5.8263598210004375e-03
4.8743598210023720e-03
4.3113598210027249e-03
4.1913598209930569e-03
4.5443598209971015e-03
5.3693598210031723e-03
6.6213598209969859e-03
8.2063598210027067e-03
9.9673598210046066e-03
1.1695359821004558e-02
1.3147359821005011e-02
1.4085359820995791e-02
1.4324359821003441e-02
1.3783359821005092e-02
1.2507359821000819e-02
1.0665359821004472e-02
8.5183598209965794e-03
6.3613598209997235e-03
4.4703598209991924e-03
3.0583598209972251e-03
2.2573598210016144e-03
2.1143598209931724e-03
2.6033598209949105e-03
3.6443598209956463e-03
5.1253598209939355e-03
6.9173598210028331e-03
8.8893598209978109e-03
1.0917359820993511e-02
1.2892359820995125e-02
1.4720359820998397e-02
1.6326359820993730e-02
1.7652359820999663e-02
1.8656359820994339e-02
1.9315359820993194e-02
1.9616359821000628e-02
1.9564359821004018e-02
1.9174359820993914e-02
1.8474359820999098e-02
1.7501359820997209e-02
1.6304359820992431e-02
1.4938359821002223e-02
1.3465359820997946e-02
1.1952359820995184e-02
1.0471359820996895e-02
9.0913598209994007e-03
7.8813598209990232e-03
6.9073598209996590e-03
6.2283598209944557e-03
5.8933598210018090e-03
5.9413598209943075e-03
6.3893598210000846e-03
7.2313598209916563e-03
8.4233598209948468e-03
9.8743598209978245e-03
1.1442359821003834e-02
1.2934359821002772e-02
1.4126359820991752e-02
1.4798359821000417e-02
1.4786359821002293e-02
1.4018359820994419e-02
1.2551359821003416e-02
1.0557359820992929e-02
8.2963598210028522e-03
6.0613598210039754e-03
4.1213598209992597e-03
2.6843598210035680e-03
1.8753598209997335e-03
1.7343598210004529e-03
2.2273598209920920e-03
3.2703598210019891e-03
4.7453598210012160e-03
6.5203598209961910e-03
8.4613598209983820e-03
1.0446359821003171e-02
1.2363359820994901e-02
1.4122359821001851e-02
1.5650359820995163e-02
1.6893359820997489e-02
1.7813359820991082e-02
1.8389359821000539e-02
1.8615359820998378e-02
1.8498359820995347e-02
1.8057359821000318e-02
1.7320359820999442e-02
1.6327359820991205e-02
1.5123359821004101e-02
1.3763359820998744e-02
1.2307359820994179e-02
1.0819359820999352e-02
9.3693598209938500e-03
8.0343598209964284e-03
6.8943598210040591e-03
6.0333598210036143e-03
5.5393598210002892e-03
5.4943598210002165e-03
5.9643598209930815e-03
6.9843598210042046e-03
8.5323598210038654e-03
1.0511359820995381e-02
1.2731359821003707e-02
1.4912359820996812e-02
1.6721359820991211e-02
1.7828359820995843e-02
1.7988359821003996e-02
1.7105359821002253e-02
1.5268359820993282e-02
1.2731359821003707e-02
9.8523598209965257e-03
7.0153598209969914e-03
4.5523598209911142e-03
2.7043598209957054e-03
1.5953598209961228e-03
1.2503598210003020e-03
1.6123598209958345e-03
2.5723598210021237e-03
3.9933598209955790e-03
5.7293598210037544e-03
7.6383598210014725e-03
9.5943598209942138e-03
1.1489359820998857e-02
1.3233359821001045e-02
1.4756359820992770e-02
1.6008359821000795e-02
1.6953359821002323e-02
1.7571359821005217e-02
1.7856359820996204e-02
1.7812359820993606e-02
1.7453359821004710e-02
1.6805359820992294e-02
1.5898359820994301e-02
1.4773359820992482e-02
1.3475359821001121e-02
1.2059359820995041e-02
1.0582359821000864e-02
9.1133598210006994e-03
7.7223598210025557e-03
6.4913598209983547e-03
5.5053598210008658e-03
4.8553598209934989e-03
4.6303598209931351e-03
4.9073598210043201e-03
5.7443598209943048e-03
7.1513598209946849e-03
9.0793598210012760e-03
1.1396359820992075e-02
1.3883359820994201e-02
1.6245359820999283e-02
1.8147359821000464e-02
1.9280359820996296e-02
1.9428359820992114e-02
1.8529359821002345e-02
1.6691359820995899e-02
1.4173359821000986e-02
1.1324359821003327e-02
8.5083598209934053e-03
6.0433598209925776e-03
4.1523598209920465e-03
2.9583598209939055e-03
2.4873598210035652e-03
2.6913598210001055e-03
3.4713598209918928e-03
4.7013598209986185e-03
6.2443598209966922e-03
7.9683598209925321e-03
9.7533598210048922e-03
1.1495359820997919e-02
1.3109359821001476e-02
1.4527359821002506e-02
1.5698359821001873e-02
1.6586359821005203e-02
1.7171359820991938e-02
1.7442359821004061e-02
1.7400359820996414e-02
1.7053359820991432e-02
1.6419359821000512e-02
1.5520359820996532e-02
1.4388359820998176e-02
1.3056359820993180e-02
1.1570359820993303e-02
9.9803598210002065e-03
8.3483598209994625e-03
6.7503598209981419e-03
5.2763598209963902e-03
4.0323598209965894e-03
3.1393598209916718e-03
2.7233598210045784e-03
2.9073598209947704e-03
3.7843598209974516e-03
5.3933598209994216e-03
7.6833598210015452e-03
1.0488359820996607e-02
1.3519359821003718e-02
1.6380359820999502e-02
1.8639359820994628e-02
1.9914359821001426e-02
1.9974359820992049e-02
1.8803359820992682e-02
1.6607359820994816e-02
1.3761359821003794e-02
1.0707359820997908e-02
7.8643598209993115e-03
5.5543598210050504e-03
3.9713598209942802e-03
3.1873598209983811e-03
3.1713598209961447e-03
3.8243598209959373e-03
5.0103598210000655e-03
6.5753598209994379e-03
8.3703598210007613e-03
1.0260359821003817e-02
1.2127359820993888e-02
1.3873359821005238e-02
1.5422359821002374e-02
1.6715359820992148e-02
1.7708359821000386e-02
1.8372359821000828e-02
1.8691359820991238e-02
1.8657359820991815e-02
1.8273359820994983e-02
1.7551359820998869e-02
1.6510359820998133e-02
1.5179359821004823e-02
1.3596359820994053e-02
1.1809359821000953e-02
9.8833598210035234e-03
7.8933598209971478e-03
5.9303598209936581e-03
4.1053598209970232e-03
2.5403598209976508e-03
1.3703598209957590e-03
7.2935982099409102e-04
7.4235982100390174e-04
1.4983598209994398e-03
3.0313598209943393e-03
5.2893598209919901e-03
8.1113598210009741e-03
1.1227359820992433e-02
1.4271359820995144e-02
1.6837359820996767e-02
1.8558359821000181e-02
1.9183359820999613e-02
1.8649359820997802e-02
1.7089359821000016e-02
1.4796359820991256e-02
1.2152359821001824e-02
9.5393598210051778e-03
7.2773598210034152e-03
5.5843598210003620e-03
4.5703598210025120e-03
4.2503598210004156e-03
4.5693598210050368e-03
5.4263598210013697e-03
6.6983598210015316e-03
8.2553598209926804e-03
9.9743598210011442e-03
1.1744359820994532e-02
1.3469359821002058e-02
1.5071359820993280e-02
1.6485359821004408e-02
1.7662359821002838e-02
1.8564359820999243e-02
1.9167359820997376e-02
1.9453359821000049e-02
1.9413359821001563e-02
1.9046359821004444e-02
1.8359359821005228e-02
1.7363359821004565e-02
1.6078359820994592e-02
1.4535359820996518e-02
1.2772359820999668e-02
1.0840359821003176e-02
8.8073598209916781e-03
6.7543598210022537e-03
4.7823598209930651e-03
3.0123598209996771e-03
1.5763598210014607e-03
6.1735982099264675e-04
2.7535982100346246e-04
6.6335982100440560e-04
1.8463598210018972e-03
3.8073598209962256e-03
6.4223598210020327e-03
9.4413598209968086e-03
1.2502359820999231e-02
1.5176359820998186e-02
1.7050359820999006e-02
1.7821359820999305e-02
1.7379359820992590e-02
1.5835359820997041e-02
1.3491359821003357e-02
1.0761359821003680e-02
8.0713598210024884e-03
5.7793598209912034e-03
4.1323598209999091e-03
3.2493598209981656e-03
3.1423598209983084e-03
3.7423598210040154e-03
4.9273598209964575e-03
6.5533598209981392e-03
8.4713598210015562e-03
1.0537359821000791e-02
1.2626359820998800e-02
1.4627359820991614e-02
1.6453359820999935e-02
1.8030359820997433e-02
1.9304359820992545e-02
2.0231359820996886e-02
2.0784359820993359e-02
2.0946359820996463e-02
2.0710359820995450e-02
2.0079359820996956e-02
1.9070359821000693e-02
1.7708359821000386e-02
1.6031359820999569e-02
1.4094359821001490e-02
1.1965359821004995e-02
9.7303598209919073e-03
7.4933598209980801e-03
5.3773598209971851e-03
3.5203598209960774e-03
2.0713598210022610e-03
1.1763598210023929e-03
9.6535982099510420e-04
1.5283598209947513e-03
2.8853598209934717e-03
4.9613598209958809e-03
7.5663598209985139e-03
1.0394359820992349e-02
1.3053359821000754e-02
1.5133359820993064e-02
1.6288359821004406e-02
1.6326359820993730e-02
1.5255359820997683e-02
1.3280359820996068e-02
1.0748359820993869e-02
8.0603598210018390e-03
5.5913598209968995e-03
3.6263598209984593e-03
2.3403598210052223e-03
1.7973598209977126e-03
1.9733598209938918e-03
2.7853598210043629e-03
4.1123598209935608e-03
5.8213598209988504e-03
7.7763598209941165e-03
9.8563598210006376e-03
1.1951359820997709e-02
1.3967359820995284e-02
1.5830359820995454e-02
1.7478359820998435e-02
1.8863359820997516e-02
1.9950359820995800e-02
2.0711359820992925e-02
2.1132359820995816e-02
2.1202359821003824e-02
2.0921359821002738e-02
2.0297359821000782e-02
1.9343359820993555e-02
1.8083359820991518e-02
1.6550359820996619e-02
1.4789359820994719e-02
1.2857359820998226e-02
1.0826359820995890e-02
8.7833598209954289e-03
6.8323598210042746e-03
5.0923598209919874e-03
3.6933598209998308e-03
2.7673598209929651e-03
2.4363598210044302e-03
2.7963598210050122e-03
3.8833598210032960e-03
5.6573598210007958e-03
7.9733598209941192e-03
1.0572359820997690e-02
1.3105359820997364e-02
1.5172359820994075e-02
1.6412359821003975e-02
1.6580359820991930e-02
1.5617359820993215e-02
1.3668359820997011e-02
1.1045359820997191e-02
8.1503598210019845e-03
5.3853598209911979e-03
3.0823598209934744e-03
1.4633598210025411e-03
6.3335982099488319e-04
5.9635982100303409e-04
1.2773598210031878e-03
2.5583598209948377e-03
4.2943598210030132e-03
6.3373598210034743e-03
8.5463598209969405e-03
1.0793359820993942e-02
1.2971359820994621e-02
1.4986359820994721e-02
1.6767359821002970e-02
1.8255359820997796e-02
1.9408359820999976e-02
2.0195359821002512e-02
2.0598359820994006e-02
2.0609359820994655e-02
2.0229359821001935e-02
1.9473359820992187e-02
1.8362359820997654e-02
1.6933359820995975e-02
1.5236359821003020e-02
1.3334359821001840e-02
1.1311359820993516e-02
9.2683598209930551e-03
7.3243598209984384e-03
5.6183598209997854e-03
4.2973598209954389e-03
3.5123598210020646e-03
3.3963598209965085e-03
4.0423598209997635e-03
5.4743598209938682e-03
7.6113598209985867e-03
1.0253359820993069e-02
1.3074359821004577e-02
1.5656359820994226e-02
1.7564359820994468e-02
1.8438359821004724e-02
1.8087359820995630e-02
1.6544359820997556e-02
1.4055359821000479e-02
1.1012359820995243e-02
7.8583598210002492e-03
4.9923598210028786e-03
2.7103598209947677e-03
1.1813598210039800e-03
4.5835982099617922e-04
4.9735982099718967e-04
1.1983598210036916e-03
2.4273598209987313e-03
4.0393598209931270e-03
5.8963598209942347e-03
7.8753598209999609e-03
9.8693598209962374e-03
1.1790359820992080e-02
1.3569359820991167e-02
1.5149359820995301e-02
1.6490359820991785e-02
1.7558359820995406e-02
1.8331359821004867e-02
1.8793359821003719e-02
1.8936359820997950e-02
1.8757359820995134e-02
1.8263359820991809e-02
1.7466359821000310e-02
1.6388359820993514e-02
1.5065359820994217e-02
1.3539359820995855e-02
1.1872359820998213e-02
1.0139359820996674e-02
8.4313598210030705e-03
6.8563598210005239e-03
5.5353598209961774e-03
4.5983598210028731e-03
4.1733598209958700e-03
4.3673598210034470e-03
5.2533598209976162e-03
6.8353598209967004e-03
9.0313598209945667e-03
1.1651359821001961e-02
1.4401359820993775e-02
1.6907359821004775e-02
1.8779359820996433e-02
1.9691359820996013e-02
1.9456359820992475e-02
1.8083359820991518e-02
1.5769359820993145e-02
1.2852359820996639e-02
9.7323598210010687e-03
6.7893598209991524e-03
4.3233598210008495e-03
2.5233598209979391e-03
1.4743598210031905e-03
1.1663598209992188e-03
1.5283598209947513e-03
2.4493598210000300e-03
3.8013598209971633e-03
5.4523598209925694e-03
7.2813598209933161e-03
9.1783598209929096e-03
1.1050359820998779e-02
1.2818359820997216e-02
1.4415359821001061e-02
1.5790359820996969e-02
1.6900359820994026e-02
1.7713359821001973e-02
1.8204359820998661e-02
1.8358359820993542e-02
1.8167359820992601e-02
1.7633359821005001e-02
1.6766359820991283e-02
1.5591359821002015e-02
1.4141359820996513e-02
1.2470359820994759e-02
1.0646359820995599e-02
8.7573598210042292e-03
6.9123598210012460e-03
5.2403598210020164e-03
3.8843598210007713e-03
2.9983598209923912e-03
2.7283598209919546e-03
3.1933598209974434e-03
4.4563598209919064e-03
6.4953598210024666e-03
9.1713598209963720e-03
1.2216359820996558e-02
1.5252359821005257e-02
1.7837359821001542e-02
1.9557359820993270e-02
2.0126359820991979e-02
1.9458359821001636e-02
1.7689359820991513e-02
1.5142359820998763e-02
1.2232359820998795e-02
9.3713598210030113e-03
6.8943598210040591e-03
5.0193598209915535e-03
3.8413598209956490e-03
