0.0 1.0
0.1 1.0
0.2 1.0
0.3 1.0
0.4 1.0
0.5 1.0
0.6 1.0
0.7 1.0
0.8 1.0
0.9 1.0
1.0 1.0
1.1 1.0
1.2 1.0
1.3 1.0
1.4 1.0
1.5 1.0
1.6 1.0
1.7 1.0
1.8 1.0
1.9 1.0
2.0 1.0
2.1 1.0
2.2 1.0
2.3 1.0
2.4 1.0
2.5 1.0
2.6 1.0
2.7 1.0
2.8 1.0
2.9 1.0
3.0 1.0
3.1 1.0
3.2 1.0
3.3 1.0
3.4 1.0
3.5 1.0
3.6 1.0
3.7 1.0
3.8 1.0
3.9 1.0
4.0 1.0
4.1 1.0
4.2 1.0
4.3 1.0
4.4 1.0
4.5 1.0
4.6 1.0
4.7 1.0
4.8 1.0
4.9 1.0
5.0 1.0
5.1 1.0
5.2 1.0
5.3 1.0
5.4 1.0
5.5 1.0
5.6 1.0
5.7 1.0
5.8 1.0
5.9 1.0
6.0 1.0
6.1 1.0
6.2 1.0
6.3 1.0
6.4 1.0
6.5 1.0
6.6 1.0
6.7 1.0
6.8 1.0
6.9 1.0
7.0 1.0
7.1 1.0
7.2 1.0
7.3 1.0
7.4 1.0
7.5 1.0
7.6 1.0
7.7 1.0
7.8 1.0
7.9 1.0
8.0 1.0
8.1 1.0
8.2 1.0
8.3 1.0
8.4 1.0
8.5 1.0
8.6 1.0
8.7 1.0
8.8 1.0
8.9 1.0
9.0 1.0
9.1 1.0
9.2 1.0
9.3 1.0
9.4 1.0
9.5 1.0
9.6 1.0
9.7 1.0
9.8 1.0
9.9 1.0
10.0 1.0
10.1 1.0
10.2 1.0
10.3 1.0
10.4 1.0
10.5 1.0
10.6 1.0
10.7 1.0
10.8 1.0
10.9 1.0
11.0 1.0
11.1 1.0
11.2 1.0
11.3 1.0
11.4 1.0
11.5 1.0
11.6 1.0
11.7 1.0
11.8 1.0
11.9 1.0
12.0 1.0
12.1 1.0
12.2 1.0
12.3 1.0
12.4 1.0
12.5 1.0
12.6 1.0
12.7 1.0
12.8 1.0
12.9 1.0
13.0 1.0
13.1 1.0
13.2 1.0
13.3 1.0
13.4 1.0
13.5 1.0
13.6 1.0
13.7 1.0
13.8 1.0
13.9 1.0
14.0 1.0
14.1 1.0
14.2 1.0
14.3 1.0
14.4 1.0
14.5 1.0
14.6 1.0
14.7 1.0
14.8 1.0
14.9 1.0
15.0 1.0
15.1 1.0
15.2 1.0
15.3 1.0
15.4 0.999729338766
15.5 0.998878525764
15.6 0.997396970171
15.7 0.995277522088
15.8 0.99262157286
15.9 0.989381742574
16.0 0.985602162518
16.1 0.981342773166
16.2 0.976678947278
16.3 0.971737695357
16.4 0.966602801619
16.5 0.961408665046
16.6 0.956287208813
16.7 0.951374491626
16.8 0.946796431069
16.9 0.942717847347
17.0 0.939221255226
17.1 0.936478260876
17.2 0.934551748214
17.3 0.933535716968
17.4 0.933480359181
17.5 0.934398187277
17.6 0.936228956596
17.7 0.938869770293
17.8 0.942115877776
17.9 0.945749217398
18.0 0.949484875133
18.1 0.953084769018
18.2 0.956345650485
18.3 0.963237575332
18.4 0.969956520926
18.5 0.974827654237
18.6 0.976788227891
18.7 0.975482555747
18.8 0.971238763388
18.9 0.964782700449
19.0 0.95701157288
19.1 0.948846284241
19.2 0.941066627466
19.3 0.934270416819
19.4 0.928858832624
19.5 0.925039450758
19.6 0.922864420767
19.7 0.922259140231
19.8 0.923060531493
19.9 0.925055267136
20.0 0.928006959202
20.1 0.931680127459
20.2 0.93585123721
20.3 0.940305847535
20.4 0.944823673776
20.5 0.949150734455
20.6 0.952975277792
20.7 0.955936554578
20.8 0.957704602737
20.9 0.958129706738
21.0 0.95738451623
21.1 0.955957425448
21.2 0.954447609906
21.3 0.953292559859
21.4 0.952631689025
21.5 0.952367543461
21.6 0.952321336044
21.7 0.952351904743
21.8 0.952389725727
21.9 0.952415416448
22.0 0.952429777875
22.1 0.950990028948
22.2 0.936852474719
22.3 0.923156266937
22.4 0.912611892986
22.5 0.904017322495
22.6 0.895938931984
22.7 0.886855519995
22.8 0.874468104036
22.9 0.853988618032
23.0 0.813354283438
23.1 0.784042925378
23.2 0.78392682703
23.3 0.783674167299
23.4 0.783140849726
23.5 0.782120734485
23.6 0.780402689991
23.7 0.777886764902
23.8 0.774682443733
23.9 0.771101655686
24.0 0.767536009427
24.1 0.764298433303
24.2 0.761528853067
24.3 0.759202228357
24.4 0.757201288902
24.5 0.755392497385
24.6 0.753670034144
24.7 0.751967177867
24.8 0.750249742683
24.9 0.748504521976
25.0 0.746729406196
25.1 0.744926996626
25.2 0.743101164518
25.3 0.741255545442
25.4 0.739393154669
25.5 0.737516450461
25.6 0.735627587067
25.7 0.733728721089
25.8 0.731822227993
25.9 0.729910837679
26.0 0.727997830117
26.1 0.726086925206
26.2 0.724182338747
26.3 0.722288748103
26.4 0.720411182617
26.5 0.718554894913
26.6 0.716725305882
26.7 0.714927887992
26.8 0.713168009881
26.9 0.711450821396
27.0 0.70978115576
27.1 0.708163445664
27.2 0.706601621991
27.3 0.705099071122
27.4 0.70365860346
27.5 0.702282396651
27.6 0.700971999215
27.7 0.699728327784
27.8 0.698551675124
27.9 0.69744175871
28.0 0.69639780451
28.1 0.695418539913
28.2 0.694502322954
28.3 0.693647233995
28.4 0.692851119297
28.5 0.692111684335
28.6 0.691426537826
28.7 0.690793252962
28.8 0.690209330839
28.9 0.689672124989
29.0 0.689178665541
29.1 0.68872532819
29.2 0.688307348351
29.3 0.687918240232
29.4 0.687549321496
29.5 0.687189866809
29.6 0.686828781344
29.7 0.686458868987
29.8 0.686083826132
29.9 0.685726057146
30.0 0.685428947858
30.1 0.685245510649
30.2 0.685212041457
30.3 0.685321073331
30.4 0.685517591564
30.5 0.685727328816
30.6 0.656478404676
30.7 0.614909882789
30.8 0.598314257582
30.9 0.592915617772
31.0 0.591436182988
31.1 0.591106377872
31.2 0.591061648584
31.3 0.591072412481
31.4 0.591087583388
31.5 0.59109909047
31.6 0.591107314912
31.7 0.591113569009
31.8 0.591118881215
31.9 0.59112402049
32.0 0.591129697165
32.1 0.59113678991
32.2 0.591146634618
32.3 0.591161436514
32.4 0.59118480408
32.5 0.59122216355
32.6 0.591280300534
32.7 0.591364805771
32.8 0.591475041272
32.9 0.591599556333
33.0 0.591717876009
33.1 0.591810592884
33.2 0.591869879661
33.3 0.591900722031
33.4 0.591913727867
33.5 0.591918020356
33.6 0.591918882292
33.7 0.591918645925
33.8 0.59191813826
33.9 0.591917586909
34.0 0.591917013786
34.1 0.591916365177
34.2 0.591915529949
34.3 0.59191429706
34.4 0.591912240462
34.5 0.591908466083
34.6 0.591901081854
34.7 0.591886118099
34.8 0.591855307902
34.9 0.591791207986
35.0 0.591655926861
35.1 0.591366699235
35.2 0.590753536302
35.3 0.589510700615
35.4 0.587185250856
35.5 0.583258148252
35.6 0.577323422826
35.7 0.569277251432
35.8 0.559392114806
35.9 0.548229808285
36.0 0.536459568223
36.1 0.524686443597
36.2 0.513354388766
36.3 0.502727874946
36.4 0.492920802909
36.5 0.483941443324
36.6 0.475734450072
36.7 0.468212234585
36.8 0.461275088695
36.9 0.454822786813
37.0 0.448760336522
37.1 0.442999927641
37.2 0.437460797528
37.3 0.432068002418
37.4 0.426750685518
37.5 0.421440171335
37.6 0.416068136837
37.7 0.410565188857
37.8 0.404860193603
37.9 0.398880995772
38.0 0.392557745694
38.1 0.385830847385
38.2 0.378666587337
38.3 0.371084637632
38.4 0.36320191175
38.5 0.355294238497
38.6 0.347866691798
38.7 0.341701109399
38.8 0.337817535493
38.9 0.337269439397
39.0 0.340743466351
39.1 0.34809193204
39.2 0.358108774503
39.3 0.368836737593
39.4 0.37833626663
39.5 0.385434178285
39.6 0.389966819089
39.7 0.392472552758
39.8 0.393691175083
39.9 0.39422335704
40.0 0.394437271889
40.1 0.394518641074
40.2 0.394548793887
40.3 0.394559993746
40.4 0.39456427482
40.5 0.394565998263
40.6 0.39456674333
40.7 0.39456709474
40.8 0.394567277848
40.9 0.394567384306
41.0 0.394567453907
41.1 0.394567505398
41.2 0.39456754872
41.3 0.394567590334
41.4 0.394567636099
41.5 0.394567693795
41.6 0.394567777128
41.7 0.394567914555
41.8 0.394568171459
41.9 0.394568709331
42.0 0.394569948191
42.1 0.394573011747
42.2 0.394580899805
42.3 0.394601303215
42.4 0.394652316383
42.5 0.39477101453
42.6 0.395019575805
42.7 0.395476066854
42.8 0.396199600275
42.9 0.397183705016
43.0 0.398337088642
43.1 0.399516645907
43.2 0.400589559993
43.3 0.401477904476
43.4 0.402164177465
43.5 0.40267078649
43.6 0.403035824494
43.7 0.40329713531
43.8 0.403485537538
43.9 0.40362371424
44.0 0.403727482902
44.1 0.403807582468
44.2 0.403871231334
44.3 0.403923280283
44.4 0.403967000069
44.5 0.404004592652
44.6 0.40403750802
44.7 0.404066624417
44.8 0.40409232424
44.9 0.404114478632
45.0 0.404132339426
45.1 0.404144326829
45.2 0.4041477005
45.3 0.404138127298
45.4 0.404109234257
45.5 0.404052391976
45.6 0.403957230269
45.7 0.403813640066
45.8 0.403615944911
45.9 0.403368921527
46.0 0.403093091276
46.1 0.402824321718
46.2 0.402603570075
46.3 0.402459300515
46.4 0.402393833392
46.5 0.402385032569
46.6 0.402402171272
46.7 0.402422342172
46.8 0.402436047242
46.9 0.402442982714
47.0 0.402445816496
47.1 0.402446797169
47.2 0.402447096186
47.3 0.402447179563
47.4 0.4024472016
47.5 0.402447207309
47.6 0.402447208802
47.7 0.402447209206
47.8 0.402447209321
47.9 0.402447209347
48.0 0.402447209347
48.1 0.402447209347
48.2 0.402447209347
48.3 0.402447209347
48.4 0.402447209347
48.5 0.402447209347
48.6 0.402447209347
48.7 0.402447209347
48.8 0.402447209347
48.9 0.402447209347
49.0 0.402447209347
49.1 0.402447209347
49.2 0.402447209347
49.3 0.402447209347
49.4 0.402447209347
49.5 0.402447209347
49.6 0.402447209347
49.7 0.402447209348
49.8 0.402447209349
49.9 0.402447209353
50.0 0.402447209367
