0.0 0.0
0.1 0.0
0.2 0.0
0.3 0.0
0.4 0.0
0.5 0.0
0.6 0.0
0.7 0.0
0.8 0.0
0.9 0.0
1.0 0.0
1.1 0.0
1.2 0.0
1.3 0.0
1.4 0.0
1.5 0.0
1.6 0.0
1.7 0.0
1.8 0.0
1.9 0.0
2.0 0.0
2.1 0.0
2.2 0.0
2.3 0.0
2.4 0.0
2.5 0.0
2.6 0.0
2.7 0.0
2.8 0.0
2.9 0.0
3.0 0.0
3.1 0.0
3.2 0.0
3.3 0.0
3.4 0.0
3.5 0.0
3.6 0.0
3.7 0.0
3.8 0.0
3.9 0.0
4.0 0.0
4.1 0.0
4.2 0.0
4.3 0.0
4.4 0.0
4.5 0.0
4.6 0.0
4.7 0.0
4.8 0.0
4.9 0.0
5.0 0.0
5.1 0.0
5.2 0.0
5.3 0.0
5.4 0.0
5.5 0.0
5.6 0.0
5.7 0.0
5.8 0.0
5.9 0.0
6.0 0.0
6.1 0.0
6.2 0.0
6.3 0.0
6.4 0.0
6.5 0.0
6.6 0.0
6.7 0.0
6.8 0.0
6.9 0.0
7.0 0.0
7.1 0.0
7.2 0.0
7.3 0.0
7.4 0.0
7.5 0.0
7.6 0.0
7.7 0.0
7.8 0.0
7.9 0.0
8.0 0.0
8.1 0.0
8.2 0.0
8.3 0.0
8.4 0.0
8.5 0.0
8.6 0.0
8.7 0.0
8.8 0.0
8.9 0.0
9.0 0.0
9.1 0.0
9.2 0.0
9.3 0.0
9.4 0.0
9.5 0.0
9.6 0.0
9.7 0.0
9.8 0.0
9.9 0.0
10.0 0.0
10.1 0.0
10.2 0.0
10.3 0.0
10.4 0.0
10.5 0.0
10.6 0.0
10.7 0.0
10.8 0.0
10.9 0.0
11.0 0.0
11.1 0.0
11.2 0.0
11.3 0.0
11.4 0.0
11.5 0.0
11.6 0.0
11.7 0.0
11.8 0.0
11.9 0.0
12.0 0.0
12.1 0.0
12.2 0.0
12.3 0.0
12.4 0.0
12.5 0.0
12.6 0.0
12.7 0.0
12.8 0.0
12.9 0.0
13.0 0.0
13.1 0.0
13.2 0.0
13.3 0.0
13.4 0.0
13.5 0.0
13.6 0.0
13.7 0.0
13.8 0.0
13.9 0.0
14.0 0.0
14.1 0.0
14.2 0.0
14.3 0.0
14.4 0.0
14.5 0.0
14.6 0.0
14.7 0.0
14.8 0.0
14.9 0.0
15.0 0.0
15.1 0.0
15.2 0.0
15.3 0.0
15.4 0.000270661233734
15.5 0.00112147423579
15.6 0.00260302982952
15.7 0.0047224779125
15.8 0.00737842714042
15.9 0.0106182574256
16.0 0.014397837482
16.1 0.0186572268341
16.2 0.0233210527224
16.3 0.0282623046433
16.4 0.0333971983808
16.5 0.0385913349538
16.6 0.0437127911866
16.7 0.0486255083741
16.8 0.053203568931
16.9 0.0572821526532
17.0 0.060778744774
17.1 0.0635217391242
17.2 0.0654482517866
17.3 0.0664642830325
17.4 0.0665196408193
17.5 0.0656018127229
17.6 0.0637710434043
17.7 0.0611302297067
17.8 0.0578841222242
17.9 0.0542507826024
18.0 0.0505151248675
18.1 0.0469152309821
18.2 0.0436543495146
18.3 0.0409018730855
18.4 0.0388113214986
18.5 0.0374184648613
18.6 0.0366754279675
18.7 0.0365084649552
18.8 0.0368017625358
18.9 0.037441414848
19.0 0.0383336292545
19.1 0.0393559218581
19.2 0.0404197158133
19.3 0.0414568656602
19.4 0.0424160536219
19.5 0.0432730169521
19.6 0.0440136216494
19.7 0.044639363734
19.8 0.0451598856491
19.9 0.0455872299375
20.0 0.0459363022616
20.1 0.0462218031147
20.2 0.0464562139557
20.3 0.0466513301954
20.4 0.0468162338864
20.5 0.0469578145409
20.6 0.0470810065038
20.7 0.0471888564046
20.8 0.0472819401312
20.9 0.0473604067145
21.0 0.0474237520015
21.1 0.0474721365321
21.2 0.0475063186984
21.3 0.0475284329095
21.4 0.0475412336182
21.5 0.0475475811311
21.6 0.0475498962849
21.7 0.0475498930745
21.8 0.047548635222
21.9 0.0475466889259
22.0 0.0475443345166
22.1 0.0475446046736
22.2 0.0475642149868
22.3 0.0475968509796
22.4 0.0476364295151
22.5 0.0476797709092
22.6 0.0477249825933
22.7 0.0477708482201
22.8 0.0478165244422
22.9 0.047862023935
23.0 0.0479078332434
23.1 0.047953784657
23.2 0.0479946885663
23.3 0.0480220390611
23.4 0.0480412271242
23.5 0.0480528520377
23.6 0.0480575502982
23.7 0.0480558585085
23.8 0.0480482219556
23.9 0.0480351644829
24.0 0.0480174694759
24.1 0.0479961978814
24.2 0.0479725813694
24.3 0.0479478310049
24.4 0.0479229922392
24.5 0.0478989259443
24.6 0.0478762762172
24.7 0.0478554942563
24.8 0.0478368668406
24.9 0.0478205693143
25.0 0.0478066535743
25.1 0.0477950948271
25.2 0.0477858216372
25.3 0.0477787204382
25.4 0.0477736463873
25.5 0.0477704351655
25.6 0.047768907802
25.7 0.0477688737605
25.8 0.0477701340426
25.9 0.0477725047525
26.0 0.0477757231271
26.1 0.0477795863651
26.2 0.0477838951135
26.3 0.047788456993
26.4 0.0477930904772
26.5 0.0477976288211
26.6 0.0478019251969
26.7 0.0478058557143
26.8 0.0478093223171
26.9 0.0478122424858
27.0 0.0478145720157
27.1 0.0478162873694
27.2 0.0478173932866
27.3 0.0478179140257
27.4 0.0478178967983
27.5 0.0478174044712
27.6 0.047816512103
27.7 0.0478153072724
27.8 0.0478138773275
27.9 0.0478123150231
28.0 0.0478107070075
28.1 0.0478091347869
28.2 0.0478076676098
28.3 0.0478062724008
28.4 0.0478051017804
28.5 0.0478041869496
28.6 0.0478035448626
28.7 0.0478031762973
28.8 0.0478030676143
28.9 0.0478031927412
29.0 0.0478035152282
29.1 0.0478039921558
29.2 0.0478045764394
29.3 0.0478052190015
29.4 0.0478058723288
29.5 0.0478064961846
29.6 0.0478070539522
29.7 0.0478075180405
29.8 0.0478078705398
29.9 0.0478081040832
30.0 0.0478082196827
30.1 0.0478082267232
30.2 0.0478081411846
30.3 0.047807983741
30.4 0.0478077775112
30.5 0.0478075463356
30.6 0.0478073097537
30.7 0.0478070728857
30.8 0.0478068470885
30.9 0.0478066467589
31.0 0.0478064837516
31.1 0.0478063650149
31.2 0.0478062922889
31.3 0.0478062627161
31.4 0.0478062627161
31.5 0.0478062627161
31.6 0.0478062627161
31.7 0.0478062627161
31.8 0.0478062627161
31.9 0.0478062627161
32.0 0.0478062627161
32.1 0.0478062627161
32.2 0.0478062627161
32.3 0.0478062627161
32.4 0.0478062627161
32.5 0.0478062627161
32.6 0.0478062627161
32.7 0.0478062627161
32.8 0.0478062627161
32.9 0.0478062627161
33.0 0.0478062627161
33.1 0.0478062627161
33.2 0.0478062627161
33.3 0.0478062627161
33.4 0.0478062627161
33.5 0.0478062627161
33.6 0.0478062627161
33.7 0.0478062627161
33.8 0.0478062627161
33.9 0.0478062627161
34.0 0.0478062627161
34.1 0.0478062627161
34.2 0.0478062627161
34.3 0.0478062627161
34.4 0.0478062627161
34.5 0.0478062627161
34.6 0.0478062627161
34.7 0.0478062627161
34.8 0.0478062627161
34.9 0.0478062627161
35.0 0.0478062627161
35.1 0.0478062627161
35.2 0.0478062627161
35.3 0.0478062627161
35.4 0.0478062627161
35.5 0.0478062627161
35.6 0.0478062627161
35.7 0.0478062627161
35.8 0.0478062627161
35.9 0.0478062627161
36.0 0.0478062627161
36.1 0.0478062627161
36.2 0.0478062627161
36.3 0.0478062627161
36.4 0.0478062627161
36.5 0.0478062627161
36.6 0.0478062627161
36.7 0.0478062627161
36.8 0.0478062627161
36.9 0.0478062627161
37.0 0.0478062627161
37.1 0.0478062627161
37.2 0.0478062627161
37.3 0.0478062627161
37.4 0.0478062627161
37.5 0.0478062627161
37.6 0.0478062627161
37.7 0.0478062627161
37.8 0.0478062627161
37.9 0.0478062627161
38.0 0.0478062627161
38.1 0.0478062627161
38.2 0.0478062627161
38.3 0.0478062627161
38.4 0.0478062627161
38.5 0.0478062627161
38.6 0.0478062627161
38.7 0.0478062627161
38.8 0.0478062627161
38.9 0.0478062627161
39.0 0.0478062627161
39.1 0.0478062627161
39.2 0.0478062627161
39.3 0.0478062627161
39.4 0.0478062627161
39.5 0.0478062627161
39.6 0.0478062627161
39.7 0.0478062627161
39.8 0.0478062627161
39.9 0.0478062627161
40.0 0.0478062627161
40.1 0.0478062627161
40.2 0.0478062627161
40.3 0.0478062627161
40.4 0.0478062627161
40.5 0.0478062627161
40.6 0.0478062627161
40.7 0.0478062627161
40.8 0.0478062627161
40.9 0.0478062627161
41.0 0.0478062627161
41.1 0.0478062627161
41.2 0.0478062627161
41.3 0.0478062627161
41.4 0.0478062627161
41.5 0.0478062627161
41.6 0.0478062627161
41.7 0.0478062627161
41.8 0.0478062627161
41.9 0.0478062627161
42.0 0.0478062627161
42.1 0.0478062627161
42.2 0.0478062627161
42.3 0.0478062627161
42.4 0.0478062627161
42.5 0.0478062627161
42.6 0.0478062627161
42.7 0.0478062627161
42.8 0.0478062627161
42.9 0.0478062627161
43.0 0.0478062627161
43.1 0.0478062627161
43.2 0.0478062627161
43.3 0.0478062627161
43.4 0.0478062627161
43.5 0.0478062627161
43.6 0.0478062627161
43.7 0.0478062627161
43.8 0.0478062627161
43.9 0.0478062627161
44.0 0.0478062627161
44.1 0.0478062627161
44.2 0.0478062627161
44.3 0.0478062627161
44.4 0.0478062627161
44.5 0.0478062627161
44.6 0.0478062627161
44.7 0.0478062627161
44.8 0.0478062627161
44.9 0.0478062627161
45.0 0.0478062627161
45.1 0.0478062627161
45.2 0.0478062627161
45.3 0.0478062627161
45.4 0.0478062627161
45.5 0.0478062627161
45.6 0.0478062627161
45.7 0.0478062627161
45.8 0.0478062627161
45.9 0.0478062627161
46.0 0.0478062627161
46.1 0.0478062627161
46.2 0.0478062627161
46.3 0.0478062627161
46.4 0.0478062627161
46.5 0.0478062627161
46.6 0.0478062627161
46.7 0.0478062627161
46.8 0.0478062627161
46.9 0.0478062627161
47.0 0.0478062627161
47.1 0.0478062627161
47.2 0.0478062627161
47.3 0.0478062627161
47.4 0.0478062627161
47.5 0.0478062627161
47.6 0.0478062627161
47.7 0.0478062627161
47.8 0.0478062627161
47.9 0.0478062627161
48.0 0.0478062627161
48.1 0.0478062627161
48.2 0.0478062627161
48.3 0.0478062627161
48.4 0.0478062627161
48.5 0.0478062627161
48.6 0.0478062627161
48.7 0.0478062627161
48.8 0.0478062627161
48.9 0.0478062627161
49.0 0.0478062627161
49.1 0.0478062627161
49.2 0.0478062627161
49.3 0.0478062627161
49.4 0.0478062627161
49.5 0.0478062627161
49.6 0.0478062627161
49.7 0.0478062627161
49.8 0.0478062627161
49.9 0.0478062627161
50.0 0.0478062627161
