0.0 1.0
0.1 1.0
0.2 1.0
0.3 1.0
0.4 1.0
0.5 1.0
0.6 1.0
0.7 1.0
0.8 1.0
0.9 1.0
1.0 1.0
1.1 1.0
1.2 1.0
1.3 1.0
1.4 1.0
1.5 1.0
1.6 1.0
1.7 1.0
1.8 1.0
1.9 1.0
2.0 1.0
2.1 1.0
2.2 1.0
2.3 1.0
2.4 1.0
2.5 1.0
2.6 1.0
2.7 1.0
2.8 1.0
2.9 1.0
3.0 1.0
3.1 1.0
3.2 1.0
3.3 1.0
3.4 1.0
3.5 1.0
3.6 1.0
3.7 1.0
3.8 1.0
3.9 1.0
4.0 1.0
4.1 1.0
4.2 1.0
4.3 1.0
4.4 1.0
4.5 1.0
4.6 1.0
4.7 1.0
4.8 1.0
4.9 1.0
5.0 1.0
5.1 1.0
5.2 1.0
5.3 1.0
5.4 1.0
5.5 1.0
5.6 1.0
5.7 1.0
5.8 1.0
5.9 1.0
6.0 1.0
6.1 1.0
6.2 1.0
6.3 1.0
6.4 1.0
6.5 1.0
6.6 1.0
6.7 1.0
6.8 1.0
6.9 1.0
7.0 1.0
7.1 1.0
7.2 1.0
7.3 1.0
7.4 1.0
7.5 1.0
7.6 1.0
7.7 1.0
7.8 1.0
7.9 1.0
8.0 1.0
8.1 1.0
8.2 1.0
8.3 1.0
8.4 1.0
8.5 1.0
8.6 1.0
8.7 1.0
8.8 1.0
8.9 1.0
9.0 1.0
9.1 1.0
9.2 1.0
9.3 1.0
9.4 1.0
9.5 1.0
9.6 1.0
9.7 1.0
9.8 1.0
9.9 1.0
10.0 1.0
10.1 1.0
10.2 1.0
10.3 1.0
10.4 1.0
10.5 1.0
10.6 1.0
10.7 1.0
10.8 1.0
10.9 1.0
11.0 1.0
11.1 1.0
11.2 1.0
11.3 1.0
11.4 1.0
11.5 1.0
11.6 1.0
11.7 1.0
11.8 1.0
11.9 1.0
12.0 0.998553962402
12.1 0.986167944859
12.2 0.903262606583
12.3 0.548700629975
12.4 0.262675709703
12.5 0.172375239899
12.6 0.13837176401
12.7 0.122892603308
12.8 0.115221761375
12.9 0.111382516424
13.0 0.109622613274
13.1 0.108972763791
13.2 0.108908308074
13.3 0.109104103204
13.4 0.109372933375
13.5 0.109618031248
13.6 0.109797703774
13.7 0.109908990813
13.8 0.109965820774
13.9 0.109987254795
14.0 0.109989841553
14.1 0.109985303472
14.2 0.109979965999
14.3 0.109976258582
14.4 0.109974412833
14.5 0.109974412833
14.6 0.109974412833
14.7 0.109974412833
14.8 0.109974412833
14.9 0.109974412833
15.0 0.109974412833
15.1 0.109974412833
15.2 0.109974412833
15.3 0.109974412833
15.4 0.109974412833
15.5 0.109974412833
15.6 0.109974412833
15.7 0.109974412833
15.8 0.109974412833
15.9 0.109974412833
16.0 0.109974412833
16.1 0.109974412833
16.2 0.109974412833
16.3 0.109974412833
16.4 0.109974412833
16.5 0.109974412833
16.6 0.109974412833
16.7 0.109974412833
16.8 0.109974412833
16.9 0.109974412833
17.0 0.109974412833
17.1 0.109974412833
17.2 0.109974412833
17.3 0.109974412833
17.4 0.109974412833
17.5 0.109974412833
17.6 0.109974412833
17.7 0.109974412833
17.8 0.109974412833
17.9 0.109974412833
18.0 0.109974412833
18.1 0.109974412833
18.2 0.109974412833
18.3 0.109974412833
18.4 0.109974412833
18.5 0.109974412833
18.6 0.109974412833
18.7 0.109974412833
18.8 0.109974412833
18.9 0.109974412833
19.0 0.109974412833
19.1 0.109974412833
19.2 0.109974412833
19.3 0.109974412833
19.4 0.109974412833
19.5 0.109974412833
19.6 0.109974412833
19.7 0.109974412833
19.8 0.109974412833
19.9 0.109974412833
20.0 0.109974412833
20.1 0.109974412833
20.2 0.109974412833
20.3 0.109974412833
20.4 0.109974412833
20.5 0.109974412833
20.6 0.109974412833
20.7 0.109974412833
20.8 0.109974412833
20.9 0.109974412833
21.0 0.109974412833
21.1 0.109974412833
21.2 0.109974412833
21.3 0.109974412833
21.4 0.109974412833
21.5 0.109974412833
21.6 0.109974412833
21.7 0.109974412833
21.8 0.109974412833
21.9 0.109974412833
22.0 0.109974412833
22.1 0.109974412833
22.2 0.109974412833
22.3 0.109974412833
22.4 0.109974412833
22.5 0.109974412833
22.6 0.109974412833
22.7 0.109974412833
22.8 0.109974412833
22.9 0.109974412833
23.0 0.109974412833
23.1 0.109974412833
23.2 0.109974412833
23.3 0.109974412833
23.4 0.109974412833
23.5 0.109974412833
23.6 0.109974412833
0.0 1.0
0.1 1.0
0.2 1.0
0.3 1.0
0.4 1.0
0.5 1.0
0.6 1.0
0.7 1.0
0.8 1.0
0.9 1.0
1.0 1.0
1.1 1.0
1.2 1.0
1.3 1.0
1.4 1.0
1.5 1.0
1.6 1.0
1.7 1.0
1.8 1.0
1.9 1.0
2.0 1.0
2.1 1.0
2.2 1.0
2.3 1.0
2.4 1.0
2.5 1.0
2.6 1.0
2.7 1.0
2.8 1.0
2.9 1.0
3.0 1.0
3.1 1.0
3.2 1.0
3.3 1.0
3.4 1.0
3.5 1.0
3.6 1.0
3.7 1.0
3.8 1.0
3.9 1.0
4.0 1.0
4.1 1.0
4.2 1.0
4.3 1.0
4.4 1.0
4.5 1.0
4.6 1.0
4.7 1.0
4.8 1.0
4.9 1.0
5.0 1.0
5.1 1.0
5.2 1.0
5.3 1.0
5.4 1.0
5.5 1.0
5.6 1.0
5.7 1.0
5.8 1.0
5.9 1.0
6.0 1.0
6.1 1.0
6.2 1.0
6.3 1.0
6.4 1.0
6.5 1.0
6.6 1.0
6.7 1.0
6.8 1.0
6.9 1.0
7.0 1.0
7.1 1.0
7.2 1.0
7.3 1.0
7.4 1.0
7.5 1.0
7.6 1.0
7.7 1.0
7.8 1.0
7.9 1.0
8.0 1.0
8.1 1.0
8.2 1.0
8.3 1.0
8.4 1.0
8.5 1.0
8.6 1.0
8.7 1.0
8.8 1.0
8.9 1.0
9.0 1.0
9.1 1.0
9.2 1.0
9.3 1.0
9.4 1.0
9.5 1.0
9.6 1.0
9.7 1.0
9.8 1.0
9.9 1.0
10.0 1.0
10.1 1.0
10.2 1.0
10.3 1.0
10.4 1.0
10.5 1.0
10.6 1.0
10.7 1.0
10.8 1.0
10.9 1.0
11.0 1.0
11.1 1.0
11.2 1.0
11.3 1.0
11.4 1.0
11.5 1.0
11.6 1.0
11.7 1.0
11.8 1.0
11.9 1.0
12.0 0.998553962402
12.1 0.986167944859
12.2 0.903262606583
12.3 0.548700629975
12.4 0.262675709703
12.5 0.172375239899
12.6 0.13837176401
12.7 0.122892603308
12.8 0.115221761375
12.9 0.111382516424
13.0 0.109622613274
13.1 0.108972763791
13.2 0.108908308074
13.3 0.109104103204
13.4 0.109372933375
13.5 0.109618031248
13.6 0.109797703774
13.7 0.109908990813
13.8 0.109965820774
13.9 0.109987254795
14.0 0.109989841553
14.1 0.109985303472
14.2 0.109979965999
14.3 0.109976258582
14.4 0.109974412833
14.5 0.109974412833
14.6 0.109974412833
14.7 0.109974412833
14.8 0.109974412833
14.9 0.109974412833
15.0 0.109974412833
15.1 0.109974412833
15.2 0.109974412833
15.3 0.109974412833
15.4 0.109974412833
15.5 0.109974412833
15.6 0.109974412833
15.7 0.109974412833
15.8 0.109974412833
15.9 0.109974412833
16.0 0.109974412833
16.1 0.109974412833
16.2 0.109974412833
16.3 0.109974412833
16.4 0.109974412833
16.5 0.109974412833
16.6 0.109974412833
16.7 0.109974412833
16.8 0.109974412833
16.9 0.109974412833
17.0 0.109974412833
17.1 0.109974412833
17.2 0.109974412833
17.3 0.109974412833
17.4 0.109974412833
17.5 0.109974412833
17.6 0.109974412833
17.7 0.109974412833
17.8 0.109974412833
17.9 0.109974412833
18.0 0.109974412833
18.1 0.109974412833
18.2 0.109974412833
18.3 0.109974412833
18.4 0.109974412833
18.5 0.109974412833
18.6 0.109974412833
18.7 0.109974412833
18.8 0.109974412833
18.9 0.109974412833
19.0 0.109974412833
19.1 0.109974412833
19.2 0.109974412833
19.3 0.109974412833
19.4 0.109974412833
19.5 0.109974412833
19.6 0.109974412833
19.7 0.109974412833
19.8 0.109974412833
19.9 0.109974412833
20.0 0.109974412833
20.1 0.109974412833
20.2 0.109974412833
20.3 0.109974412833
20.4 0.109974412833
20.5 0.109974412833
20.6 0.109974412833
20.7 0.109974412833
20.8 0.109974412833
20.9 0.109974412833
21.0 0.109974412833
21.1 0.109974412833
21.2 0.109974412833
21.3 0.109974412833
21.4 0.109974412833
21.5 0.109974412833
21.6 0.109974412833
21.7 0.109974412833
21.8 0.109974412833
21.9 0.109974412833
22.0 0.109974412833
22.1 0.109974412833
22.2 0.109974412833
22.3 0.109974412833
22.4 0.109974412833
22.5 0.109974412833
22.6 0.109974412833
22.7 0.109974412833
22.8 0.109974412833
22.9 0.109974412833
23.0 0.109974412833
23.1 0.109974412833
23.2 0.109974412833
23.3 0.109974412833
23.4 0.109974412833
23.5 0.109974412833
23.6 0.109974412833
23.7 0.109974412833
23.8 0.109974412833
23.9 0.109974412833
24.0 0.109974412833
24.1 0.109974412833
24.2 0.109974412833
24.3 0.109974412833
24.4 0.109974412833
24.5 0.109974412833
24.6 0.109974412833
24.7 0.109974412833
24.8 0.109974412833
24.9 0.109974412833
25.0 0.109974412833
25.1 0.109706703529
25.2 0.107221360599
25.3 0.0884540713987
25.4 0.0382004679147
25.5 0.0174750297365
25.6 0.0111912139836
25.7 0.00856834250491
25.8 0.0072196679677
25.9 0.00643810862026
26.0 0.00595408115885
26.1 0.00564595720687
26.2 0.00544980952511
26.3 0.00532885129903
26.4 0.00525959665398
26.5 0.00522570640327
26.6 0.00521509542556
26.7 0.00521812016827
26.8 0.00522683930568
26.9 0.00523454912886
27.0 0.005235905649
27.1 0.00522863656916
27.2 0.00521147736196
27.3 0.00518530057023
27.4 0.00516102143777
27.5 0.00513063480457
27.6 0.00509595151397
27.7 0.00505887352894
27.8 0.00502078828038
27.9 0.00498322971053
28.0 0.00494768953852
28.1 0.00491570655694
28.2 0.00488874053791
28.3 0.00486792001798
28.4 0.00485399395077
28.5 0.00484727476554
28.6 0.00484751912177
28.7 0.0048540180683
28.8 0.00486566363948
28.9 0.00488105711553
29.0 0.00489871384825
29.1 0.0049171206944
29.2 0.00493493832788
29.3 0.00495109249967
29.4 0.00496483597484
29.5 0.00497577118469
29.6 0.00498383050267
29.7 0.00498921620872
29.8 0.00499232399987
29.9 0.00499365731088
30.0 0.00499374481242
30.1 0.00499307531886
30.2 0.00499205143126
30.3 0.00499096770846
30.4 0.00499000870175
30.5 0.00498926322448
30.6 0.00498874857902
30.7 0.00498874857902
30.8 0.00498874857902
30.9 0.00498874857902
31.0 0.00498874857902
31.1 0.00498874857902
31.2 0.00498874857902
31.3 0.00498874857902
31.4 0.00498874857902
31.5 0.00498874857902
31.6 0.00498874857902
31.7 0.00498874857902
31.8 0.00498874857902
31.9 0.00498874857902
32.0 0.00498874857902
32.1 0.00498874857902
32.2 0.00498874857902
32.3 0.00498874857902
32.4 0.00498874857902
32.5 0.00498874857902
32.6 0.00498874857902
32.7 0.00498874857902
32.8 0.00498874857902
32.9 0.00498874857902
33.0 0.00498874857902
33.1 0.00498874857902
33.2 0.00498874857902
33.3 0.00498874857902
33.4 0.00498874857902
33.5 0.00498874857902
33.6 0.00498874857902
33.7 0.00498874857902
33.8 0.00498874857902
33.9 0.00498874857902
34.0 0.00498874857902
34.1 0.00498874857902
34.2 0.00498874857902
34.3 0.00498874857902
34.4 0.00498874857902
34.5 0.00498874857902
34.6 0.00498874857902
34.7 0.00498874857902
34.8 0.00498874857902
34.9 0.00498874857902
35.0 0.00498874857902
35.1 0.00498874857902
35.2 0.00498874857902
35.3 0.00498874857902
35.4 0.00498874857902
35.5 0.00498874857902
35.6 0.00498874857902
35.7 0.00498874857902
35.8 0.00498874857902
35.9 0.00498874857902
36.0 0.00498874857902
36.1 0.00498874857902
36.2 0.00498874857902
36.3 0.00498874857902
36.4 0.00498874857902
36.5 0.00498874857902
36.6 0.00498874857902
36.7 0.00498874857902
36.8 0.00498874857902
36.9 0.00498874857902
37.0 0.00498874857902
37.1 0.00498874857902
37.2 0.00498874857902
37.3 0.00498874857902
37.4 0.00498874857902
37.5 0.00498874857902
37.6 0.00498874857902
37.7 0.00498874857902
37.8 0.00498874857902
37.9 0.00498874857902
38.0 0.00498874857902
38.1 0.00498874857902
38.2 0.00498874857902
38.3 0.00498874857902
38.4 0.00498874857902
38.5 0.00498874857902
38.6 0.00498874857902
38.7 0.00498874857902
38.8 0.00498874857902
38.9 0.00498874857902
39.0 0.00498874857902
39.1 0.00498874857902
39.2 0.00498874857902
39.3 0.00498874857902
39.4 0.00498874857902
39.5 0.00498874857902
39.6 0.00498874857902
39.7 0.00498874857902
39.8 0.00498874857902
39.9 0.00498874857902
40.0 0.00498874857902
40.1 0.00498874857902
40.2 0.00498874857902
40.3 0.00498874857902
40.4 0.0049838605448
40.5 0.00496257100103
40.6 0.00490799307046
40.7 0.00479587070415
40.8 0.00459508389454
40.9 0.00428403820474
41.0 0.00388237986794
41.1 0.00344200988447
41.2 0.00302786287736
41.3 0.00267855706259
41.4 0.00240187160598
41.5 0.00218918996614
41.6 0.00202763175145
41.7 0.00190526953412
41.8 0.00181260267803
41.9 0.00174247564065
42.0 0.00168957021178
42.1 0.00164994931081
42.2 0.00162064351332
42.3 0.00159940381005
42.4 0.00158448108287
42.5 0.00157450769388
42.6 0.00156836018026
42.7 0.00156516151142
42.8 0.00156418381544
42.9 0.0015648328327
43.0 0.00156662206661
43.1 0.00156915433455
43.2 0.00157211019386
43.3 0.00157523788751
43.4 0.00157834067212
43.5 0.00158127534719
43.6 0.0015839418196
43.7 0.0015862773936
43.8 0.00158824975902
43.9 0.00158985434234
44.0 0.00159110374085
44.1 0.00159202750212
44.2 0.00159266438563
44.3 0.00159305967828
44.4 0.00159325998403
44.5 0.00159331177373
44.6 0.00159325769465
44.7 0.00159313545589
44.8 0.00159297665008
44.9 0.00159280631829
45.0 0.00159264263668
45.1 0.0015924977808
45.2 0.00159237889644
45.3 0.00159228832181
45.4 0.00159222518182
45.5 0.00159218637416
45.6 0.00159216731799
45.7 0.00159216307099
45.8 0.00159216878459
45.9 0.00159218021863
46.0 0.00159219388184
46.1 0.00159220736297
46.2 0.00159221906167
46.3 0.00159222819487
46.4 0.00159222819487
46.5 0.00159222819487
46.6 0.00159222819487
46.7 0.00159222819487
46.8 0.00159222819487
46.9 0.00159222819487
47.0 0.00159222819487
47.1 0.00159222819487
47.2 0.00159222819487
47.3 0.00159222819487
47.4 0.00159222819487
47.5 0.00159222819487
47.6 0.00159222819487
47.7 0.00159222819487
47.8 0.00159222819487
47.9 0.00159222819487
48.0 0.00159222819487
48.1 0.00159222819487
48.2 0.00159222819487
48.3 0.00159222819487
48.4 0.00159222819487
48.5 0.00159222819487
48.6 0.00159222819487
48.7 0.00159222819487
48.8 0.00159222819487
48.9 0.00159222819487
49.0 0.00159222819487
49.1 0.00159222819487
49.2 0.00159222819487
49.3 0.00159222819487
49.4 0.00159222819487
49.5 0.00159222819487
49.6 0.00159222819487
49.7 0.00159222819487
49.8 0.00159222819487
49.9 0.00159222819487
50.0 0.00159222819487
