0.0 0.0 1.0 1.0 
4.134137 0.0 0.9999999999999998 0.9999999999999998 
8.268274 0.0 0.9999999999999998 0.9999999999999998 
12.402411 0.0 0.9999999999999997 0.9999999999999997 
16.536548 0.0 0.9999999999999996 0.9999999999999996 
20.670685 0.0 0.9999999999999996 0.9999999999999996 
24.804821999999998 0.0 1.0 1.0 
28.938958999999997 0.0 0.9999999999999999 0.9999999999999999 
33.073096 0.0 0.9999999999999998 0.9999999999999998 
37.207233 0.0 1.0 1.0 
41.341370000000005 0.0 1.0 1.0 
45.47550700000001 0.0 0.9999999999999999 0.9999999999999999 
49.60964400000001 0.0 1.0000000000000002 1.0000000000000002 
53.74378100000001 0.0 1.0000000000000002 1.0000000000000002 
57.877918000000015 0.0 1.0 1.0 
62.01205500000002 0.0 1.0 1.0 
66.14619200000001 0.0 1.0000000000000002 1.0000000000000002 
70.28032900000001 0.0 1.0000000000000002 1.0000000000000002 
74.414466 0.0 1.0 1.0 
78.548603 0.0 0.9999999999999999 0.9999999999999999 
82.68274 0.0 0.9999999999999998 0.9999999999999998 
86.81687699999999 0.0 0.9999999999999996 0.9999999999999996 
90.95101399999999 0.0 0.9999999999999998 0.9999999999999998 
95.08515099999998 0.0 0.9999999999999999 0.9999999999999999 
99.21928799999998 0.0 1.0 1.0 
103.35342499999997 0.0 1.0000000000000002 1.0000000000000002 
107.48756199999997 0.0 1.0000000000000002 1.0000000000000002 
111.62169899999996 0.0 1.0000000000000002 1.0000000000000002 
115.75583599999996 0.0 0.9999999999999999 0.9999999999999999 
119.88997299999996 0.0 1.0 1.0 
124.02410999999995 0.0 0.9999999999999999 0.9999999999999999 
128.15824699999996 0.0 1.0 1.0 
132.29238399999997 0.0 0.9999999999999999 0.9999999999999999 
136.42652099999998 0.0 1.0 1.0 
140.560658 0.0 0.9999999999999999 0.9999999999999999 
144.694795 0.0 1.0000000000000002 1.0000000000000002 
148.828932 0.0 1.0000000000000002 1.0000000000000002 
152.96306900000002 0.0 1.0 1.0 
157.09720600000003 0.0 0.9999999999999998 0.9999999999999998 
161.23134300000004 0.0 0.9999999999999997 0.9999999999999997 
165.36548000000005 0.0 0.9999999999999996 0.9999999999999996 
169.49961700000006 0.0 0.9999999999999993 0.9999999999999993 
173.63375400000007 0.0 0.9999999999999989 0.9999999999999989 
177.76789100000008 0.0 0.9999999999999991 0.9999999999999991 
181.9020280000001 0.0 0.9999999999999992 0.9999999999999992 
186.0361650000001 0.0 0.9999999999999993 0.9999999999999993 
190.1703020000001 0.0 0.9999999999999992 0.9999999999999992 
194.30443900000012 0.0 0.9999999999999993 0.9999999999999993 
198.43857600000013 0.0 0.9999999999999992 0.9999999999999992 
202.57271300000014 0.0 0.9999999999999994 0.9999999999999994 
206.70685000000014 0.0 0.9999999999999998 0.9999999999999998 
210.84098700000015 0.0 0.9999999999999997 0.9999999999999997 
214.97512400000016 0.0 0.9999999999999996 0.9999999999999996 
219.10926100000017 0.0 0.9999999999999999 0.9999999999999999 
223.24339800000018 0.0 1.0 1.0 
227.3775350000002 0.0 0.9999999999999998 0.9999999999999998 
231.5116720000002 0.0 0.9999999999999996 0.9999999999999996 
235.6458090000002 0.0 0.9999999999999996 0.9999999999999996 
239.77994600000022 0.0 0.9999999999999996 0.9999999999999996 
243.91408300000023 0.0 0.9999999999999996 0.9999999999999996 
248.04822000000024 0.0 0.9999999999999993 0.9999999999999993 
252.18235700000025 0.0 0.9999999999999993 0.9999999999999993 
256.31649400000026 0.0 0.9999999999999994 0.9999999999999994 
260.45063100000027 0.0 0.9999999999999993 0.9999999999999993 
264.5847680000003 0.0 0.9999999999999993 0.9999999999999993 
268.7189050000003 0.0 0.9999999999999996 0.9999999999999996 
272.8530420000003 0.0 0.9999999999999996 0.9999999999999996 
276.9871790000003 0.0 0.9999999999999997 0.9999999999999997 
281.1213160000003 0.0 0.9999999999999993 0.9999999999999993 
285.25545300000033 0.0 0.9999999999999991 0.9999999999999991 
289.38959000000034 0.0 0.9999999999999989 0.9999999999999989 
293.52372700000035 0.0 0.9999999999999987 0.9999999999999987 
297.65786400000036 0.0 0.9999999999999984 0.9999999999999984 
301.79200100000037 0.0 0.9999999999999987 0.9999999999999987 
305.9261380000004 0.0 0.9999999999999987 0.9999999999999987 
310.0602750000004 0.0 0.9999999999999986 0.9999999999999986 
314.1944120000004 0.0 0.9999999999999981 0.9999999999999981 
318.3285490000004 0.0 0.9999999999999982 0.9999999999999982 
322.4626860000004 0.0 0.9999999999999982 0.9999999999999982 
326.5968230000004 0.0 0.9999999999999982 0.9999999999999982 
330.73096000000044 0.0 0.999999999999998 0.999999999999998 
334.86509700000045 0.0 0.9999999999999982 0.9999999999999982 
338.99923400000046 0.0 0.9999999999999982 0.9999999999999982 
343.13337100000047 0.0 0.9999999999999982 0.9999999999999982 
347.2675080000005 0.0 0.9999999999999977 0.9999999999999977 
351.4016450000005 0.0 0.9999999999999974 0.9999999999999974 
355.5357820000005 0.0 0.9999999999999976 0.9999999999999976 
359.6699190000005 0.0 0.9999999999999973 0.9999999999999973 
363.8040560000005 0.0 0.9999999999999972 0.9999999999999972 
367.9381930000005 0.0 0.9999999999999971 0.9999999999999971 
372.07233000000053 0.0 0.9999999999999971 0.9999999999999971 
376.20646700000054 0.0 0.9999999999999969 0.9999999999999969 
380.34060400000055 0.0 0.9999999999999969 0.9999999999999969 
384.47474100000056 0.0 0.9999999999999967 0.9999999999999967 
388.6088780000006 0.0 0.9999999999999967 0.9999999999999967 
392.7430150000006 0.0 0.9999999999999966 0.9999999999999966 
396.8771520000006 0.0 0.9999999999999964 0.9999999999999964 
401.0112890000006 0.0 0.9999999999999963 0.9999999999999963 
405.1454260000006 0.0 0.9999999999999962 0.9999999999999962 
409.2795630000006 0.0 0.9999999999999963 0.9999999999999963 
413.41370000000063 0.0 0.9999999999999964 0.9999999999999964 
417.54783700000064 0.0 0.9999999999999964 0.9999999999999964 
421.68197400000065 0.0 0.9999999999999963 0.9999999999999963 
425.81611100000066 0.0 0.999999999999996 0.999999999999996 
429.95024800000067 0.0 0.9999999999999962 0.9999999999999962 
434.0843850000007 0.0 0.9999999999999962 0.9999999999999962 
438.2185220000007 0.0 0.9999999999999962 0.9999999999999962 
442.3526590000007 0.0 0.999999999999996 0.999999999999996 
446.4867960000007 0.0 0.999999999999996 0.999999999999996 
450.6209330000007 0.0 0.9999999999999958 0.9999999999999958 
454.7550700000007 0.0 0.9999999999999957 0.9999999999999957 
458.88920700000074 0.0 0.9999999999999958 0.9999999999999958 
463.02334400000075 0.0 0.9999999999999959 0.9999999999999959 
467.15748100000076 0.0 0.9999999999999959 0.9999999999999959 
471.29161800000077 0.0 0.9999999999999961 0.9999999999999961 
475.4257550000008 0.0 0.9999999999999962 0.9999999999999962 
479.5598920000008 0.0 0.9999999999999963 0.9999999999999963 
483.6940290000008 0.0 0.9999999999999964 0.9999999999999964 
487.8281660000008 0.0 0.9999999999999964 0.9999999999999964 
491.9623030000008 0.0 0.9999999999999962 0.9999999999999962 
496.0964400000008 0.0014460375977512114 0.9985539624022164 0.9999999999999676 
500.23057700000084 0.013832055140541399 0.9861679448594229 0.9999999999999644 
504.36471400000084 0.0967373934169182 0.9032626065830445 0.9999999999999626 
508.49885100000085 0.4512993700244787 0.5487006299754883 0.9999999999999669 
512.6329880000009 0.7373242902973034 0.2626757097026436 0.9999999999999469 
516.7671250000009 0.8276247601011436 0.17237523989884349 0.999999999999987 
520.9012620000009 0.8616282359897556 0.1383717640102343 0.9999999999999898 
525.0353990000009 0.8771073966921743 0.12289260330782836 1.0000000000000027 
529.1695360000009 0.8847782386247973 0.11522176137523024 1.0000000000000275 
533.3036730000009 0.8886174835763212 0.11138251642370661 1.000000000000028 
537.4378100000009 0.8903773867262691 0.10962261327374571 1.0000000000000147 
541.5719470000009 0.8910272362086551 0.10897276379135953 1.0000000000000147 
545.7060840000009 0.8910916919263663 0.1089083080736483 1.0000000000000147 
549.840221000001 0.8908958967955788 0.10910410320443562 1.0000000000000144 
553.974358000001 0.8906270666247971 0.10937293337519188 0.999999999999989 
558.108495000001 0.8903819687518216 0.10961803124815495 0.9999999999999766 
562.242632000001 0.8902022962264707 0.1097977037735186 0.9999999999999895 
566.376769000001 0.8900910091866534 0.10990899081335023 1.0000000000000036 
570.510906000001 0.8900341792255855 0.10996582077440516 0.9999999999999906 
574.645043000001 0.8900127452051098 0.10998725479490587 1.0000000000000155 
578.779180000001 0.8900101584465488 0.10998984155344138 0.9999999999999902 
582.913317000001 0.8900146965276542 0.10998530347236096 1.000000000000015 
587.047454000001 0.8900200340014849 0.10997996599853038 1.0000000000000153 
591.181591000001 0.8900237414178763 0.10997625858216424 1.0000000000000404 
595.3157280000011 0.890025587166794 0.10997441283323384 1.000000000000028 
599.4498650000011 0.8900255871667941 0.10997441283323389 1.000000000000028 
603.5840020000011 0.8900255871667944 0.10997441283323389 1.0000000000000282 
607.7181390000011 0.8900255871667944 0.10997441283323389 1.0000000000000282 
611.8522760000011 0.8900255871667944 0.10997441283323389 1.0000000000000282 
615.9864130000011 0.8900255871667941 0.10997441283323392 1.0000000000000282 
620.1205500000011 0.890025587166794 0.10997441283323395 1.000000000000028 
624.2546870000011 0.8900255871667944 0.10997441283323396 1.0000000000000284 
628.3888240000011 0.8900255871667946 0.109974412833234 1.0000000000000286 
632.5229610000011 0.8900255871667944 0.10997441283323398 1.0000000000000284 
636.6570980000012 0.8900255871667944 0.10997441283323395 1.0000000000000282 
640.7912350000012 0.8900255871667944 0.10997441283323395 1.0000000000000284 
644.9253720000012 0.890025587166794 0.10997441283323393 1.000000000000028 
649.0595090000012 0.890025587166794 0.10997441283323395 1.000000000000028 
653.1936460000012 0.8900255871667939 0.10997441283323395 1.0000000000000278 
657.3277830000012 0.8900255871667939 0.10997441283323392 1.0000000000000278 
661.4619200000012 0.8900255871667939 0.10997441283323392 1.0000000000000278 
665.5960570000012 0.890025587166794 0.10997441283323392 1.000000000000028 
669.7301940000012 0.8900255871667943 0.1099744128332339 1.0000000000000282 
673.8643310000012 0.890025587166794 0.10997441283323389 1.000000000000028 
677.9984680000013 0.8900255871667939 0.10997441283323392 1.0000000000000278 
682.1326050000013 0.890025587166794 0.10997441283323393 1.000000000000028 
686.2667420000013 0.8900255871667941 0.1099744128332339 1.000000000000028 
690.4008790000013 0.8900255871667941 0.10997441283323388 1.000000000000028 
694.5350160000013 0.8900255871667944 0.10997441283323389 1.0000000000000282 
698.6691530000013 0.8900255871667943 0.10997441283323392 1.0000000000000282 
702.8032900000013 0.8900255871667943 0.1099744128332339 1.0000000000000282 
706.9374270000013 0.8900255871667944 0.10997441283323388 1.0000000000000282 
711.0715640000013 0.8900255871667941 0.10997441283323388 1.000000000000028 
715.2057010000013 0.8900255871668069 0.10997441283323384 1.0000000000000409 
719.3398380000014 0.8900255871668129 0.10997441283323381 1.0000000000000466 
723.4739750000014 0.8900255871668067 0.1099744128332338 1.0000000000000404 
727.6081120000014 0.8900255871668196 0.10997441283323378 1.0000000000000533 
731.7422490000014 0.8900255871668323 0.10997441283323378 1.0000000000000662 
735.8763860000014 0.8900255871668072 0.10997441283323377 1.000000000000041 
740.0105230000014 0.8900255871667818 0.10997441283323378 1.0000000000000155 
744.1446600000014 0.8900255871667692 0.10997441283323375 1.0000000000000029 
748.2787970000014 0.8900255871667633 0.10997441283323378 0.9999999999999971 
752.4129340000014 0.8900255871667697 0.10997441283323377 1.0000000000000036 
756.5470710000014 0.8900255871667444 0.10997441283323375 0.9999999999999782 
760.6812080000014 0.8900255871667192 0.10997441283323375 0.9999999999999529 
764.8153450000015 0.890025587166719 0.10997441283323378 0.9999999999999528 
768.9494820000015 0.8900255871667191 0.10997441283323378 0.9999999999999529 
773.0836190000015 0.8900255871667256 0.10997441283323378 0.9999999999999595 
777.2177560000015 0.8900255871667067 0.10997441283323378 0.9999999999999405 
781.3518930000015 0.8900255871667068 0.10997441283323378 0.9999999999999406 
785.4860300000015 0.8900255871667575 0.10997441283323378 0.9999999999999912 
789.6201670000015 0.8900255871667825 0.10997441283323378 1.0000000000000164 
793.7543040000015 0.8900255871667826 0.1099744128332338 1.0000000000000164 
797.8884410000015 0.8900255871667571 0.10997441283323381 0.9999999999999909 
802.0225780000015 0.8900255871667319 0.10997441283323378 0.9999999999999657 
806.1567150000016 0.8900255871667193 0.10997441283323373 0.999999999999953 
810.2908520000016 0.8900255871667068 0.10997441283323373 0.9999999999999405 
814.4249890000016 0.8900255871667068 0.10997441283323373 0.9999999999999404 
818.5591260000016 0.8900255871667065 0.1099744128332337 0.9999999999999403 
822.6932630000016 0.8900255871667065 0.10997441283323373 0.9999999999999403 
826.8274000000016 0.8900255871667063 0.10997441283323373 0.99999999999994 
830.9615370000016 0.8900255871667062 0.10997441283323368 0.99999999999994 
835.0956740000016 0.8900255871667064 0.10997441283323367 0.99999999999994 
839.2298110000016 0.8900255871667067 0.10997441283323367 0.9999999999999403 
843.3639480000016 0.8900255871667004 0.10997441283323367 0.9999999999999343 
847.4980850000017 0.8900255871666944 0.10997441283323361 0.9999999999999281 
851.6322220000017 0.8900255871666942 0.10997441283323366 0.999999999999928 
855.7663590000017 0.8900255871666942 0.10997441283323367 0.999999999999928 
859.9004960000017 0.8900255871666942 0.10997441283323364 0.9999999999999278 
864.0346330000017 0.890025587166694 0.10997441283323364 0.9999999999999277 
868.1687700000017 0.8900255871667196 0.10997441283323363 0.9999999999999533 
872.3029070000017 0.8900255871667325 0.10997441283323366 0.9999999999999661 
876.4370440000017 0.8900255871667199 0.10997441283323371 0.9999999999999536 
880.5711810000017 0.8900255871667136 0.10997441283323373 0.9999999999999474 
884.7053180000017 0.8900255871667065 0.10997441283323374 0.9999999999999403 
888.8394550000017 0.890025587166709 0.10997441283323378 0.9999999999999428 
892.9735920000018 0.8900255871666995 0.10997441283323377 0.9999999999999333 
897.1077290000018 0.8900255871666869 0.1099744128332338 0.9999999999999208 
901.2418660000018 0.8900255871666995 0.1099744128332338 0.9999999999999334 
905.3760030000018 0.890025587166712 0.10997441283323382 0.9999999999999458 
909.5101400000018 0.8900255871667375 0.10997441283323384 0.9999999999999714 
913.6442770000018 0.8900255871667627 0.10997441283323384 0.9999999999999966 
917.7784140000018 0.8900255871667628 0.10997441283323382 0.9999999999999967 
921.9125510000018 0.8900255871667628 0.10997441283323386 0.9999999999999969 
926.0466880000018 0.8900255871667629 0.10997441283323389 0.9999999999999968 
930.1808250000018 0.8900255871667629 0.10997441283323386 0.9999999999999969 
934.3149620000019 0.890025587166763 0.10997441283323384 0.9999999999999969 
938.4490990000019 0.890025587166763 0.10997441283323382 0.9999999999999969 
942.5832360000019 0.8900255871667632 0.10997441283323381 0.999999999999997 
946.7173730000019 0.8900255871667633 0.10997441283323378 0.999999999999997 
950.8515100000019 0.8900255871667629 0.10997441283323382 0.9999999999999969 
954.9856470000019 0.8900255871667629 0.10997441283323377 0.9999999999999967 
959.1197840000019 0.8900255871667628 0.10997441283323375 0.9999999999999966 
963.2539210000019 0.8900255871667627 0.10997441283323375 0.9999999999999964 
967.3880580000019 0.8900255871667628 0.10997441283323377 0.9999999999999967 
971.522195000002 0.8900255871667629 0.10997441283323375 0.9999999999999967 
975.656332000002 0.890025587166763 0.10997441283323375 0.9999999999999968 
979.790469000002 0.890025587166763 0.10997441283323375 0.9999999999999968 
983.924606000002 0.8900255871667628 0.10997441283323374 0.9999999999999967 
988.058743000002 0.8900255871667629 0.10997441283323375 0.9999999999999968 
992.192880000002 0.8900255871667633 0.10997441283323374 0.999999999999997 
996.327017000002 0.890025587166763 0.10997441283323375 0.9999999999999969 
1000.461154000002 0.8900255871667632 0.10997441283323375 0.9999999999999969 
1004.595291000002 0.8900255871667633 0.10997441283323374 0.999999999999997 
1008.729428000002 0.8900255871667635 0.10997441283323373 0.9999999999999972 
1012.863565000002 0.8900255871667635 0.10997441283323371 0.9999999999999971 
1016.997702000002 0.8900255871667633 0.10997441283323371 0.9999999999999971 
1021.1318390000021 0.8900255871667633 0.10997441283323371 0.9999999999999969 
1025.265976000002 0.8900255871667635 0.10997441283323371 0.9999999999999972 
1029.400113000002 0.8900255871667635 0.1099744128332337 0.9999999999999971 
1033.534250000002 0.8900255871667637 0.10997441283323366 0.9999999999999973 
1037.668387000002 0.8902932964709058 0.10970670352909176 0.9999999999999974 
1041.802524000002 0.8927786394014495 0.1072213605985473 0.9999999999999969 
1045.936661000002 0.9115459286012457 0.08845407139874754 0.9999999999999932 
1050.070798000002 0.9617995320852898 0.03820046791470686 0.9999999999999967 
1054.204935000002 0.9825249702634588 0.017475029736535908 0.9999999999999947 
1058.339072000002 0.9888087860164294 0.011191213983565401 0.9999999999999947 
1062.473209000002 0.991431657495083 0.008568342504910611 0.9999999999999936 
1066.607346000002 0.9927803320322905 0.007219667967702165 0.9999999999999927 
1070.741483000002 0.9935618913797282 0.0064381086202640915 0.9999999999999922 
1074.875620000002 0.9940459188411391 0.005954081158854394 0.9999999999999936 
1079.009757000002 0.9943540427931228 0.0056459572068721766 0.999999999999995 
1083.143894000002 0.9945501904748851 0.0054498095251112235 0.9999999999999963 
1087.278031000002 0.994671148700967 0.005328851299029399 0.9999999999999963 
1091.412168000002 0.9947404033460145 0.00525959665398024 0.9999999999999948 
1095.5463050000021 0.9947742935967305 0.005225706403268413 0.999999999999999 
1099.6804420000021 0.9947849045744326 0.005215095425563517 0.9999999999999961 
1103.8145790000021 0.9947818798317298 0.00521812016826916 0.999999999999999 
1107.9487160000022 0.9947731606943222 0.005226839305679545 1.0000000000000018 
1112.0828530000022 0.9947654508711364 0.005234549128862173 0.9999999999999986 
1116.2169900000022 0.9947640943510018 0.005235905648999889 1.0000000000000018 
1120.3511270000022 0.9947713634308387 0.005228636569160233 0.9999999999999989 
1124.4852640000022 0.9947885226380356 0.005211477361963195 0.9999999999999989 
1128.6194010000022 0.9948146994297704 0.005185300570225479 0.9999999999999959 
1132.7535380000022 0.9948389785622188 0.005161021437774156 0.9999999999999929 
1136.8876750000022 0.9948693651954161 0.005130634804573722 0.9999999999999899 
1141.0218120000022 0.9949040484860209 0.005095951513966299 0.9999999999999871 
1145.1559490000022 0.9949411264710388 0.005058873528942078 0.9999999999999809 
1149.2900860000022 0.994979211719595 0.005020788280382856 0.9999999999999778 
1153.4242230000023 0.9950167702894452 0.0049832297105325924 0.9999999999999778 
1157.5583600000023 0.9950523104614569 0.0049476895385238955 0.9999999999999809 
1161.6924970000023 0.995084293443043 0.004915706556940672 0.9999999999999838 
1165.8266340000023 0.9951112594620735 0.004888740537909052 0.9999999999999825 
1169.9607710000023 0.9951320799820038 0.004867920017976922 0.9999999999999807 
1174.0949080000023 0.9951460060492128 0.004853993950768493 0.9999999999999813 
1178.2290450000023 0.995152725234437 0.00484727476554497 0.999999999999982 
1182.3631820000023 0.995152480878212 0.004847519121770014 0.999999999999982 
1186.4973190000023 0.9951459819316851 0.004854018068295808 0.999999999999981 
1190.6314560000023 0.9951343363604981 0.004865663639482238 0.9999999999999803 
1194.7655930000024 0.995118942884445 0.004881057115533905 0.9999999999999789 
1198.8997300000024 0.9951012861517252 0.004898713848248948 0.9999999999999741 
1203.0338670000024 0.9950828793055718 0.004917120694402495 0.9999999999999742 
1207.1680040000024 0.9950650616720935 0.004934938327881057 0.9999999999999745 
1211.3021410000024 0.9950489075003022 0.0049510924996726356 0.9999999999999747 
1215.4362780000024 0.99503516402513 0.004964835974844572 0.9999999999999747 
1219.5704150000024 0.9950242288152847 0.004975771184692933 0.9999999999999777 
1223.7045520000024 0.9950161694973148 0.004983830502665919 0.9999999999999806 
1227.8386890000024 0.9950107837912534 0.004989216208724538 0.9999999999999779 
1231.9728260000024 0.9950076760001 0.004992323999873671 0.9999999999999738 
1236.1069630000025 0.9950063426891014 0.004993657310875133 0.9999999999999765 
1240.2411000000025 0.995006255187557 0.004993744812418042 0.9999999999999751 
1244.3752370000025 0.9950069246811126 0.004993075318864488 0.9999999999999771 
1248.5093740000025 0.9950079485687221 0.004992051431255969 0.999999999999978 
1252.6435110000025 0.9950090322915203 0.004990967708457881 0.9999999999999782 
1256.7776480000025 0.9950099912982248 0.004990008701754543 0.9999999999999793 
1260.9117850000025 0.9950107367754992 0.004989263224482912 0.9999999999999821 
1265.0459220000025 0.9950112514209613 0.004988748579023636 0.9999999999999849 
1269.1800590000025 0.9950112514209615 0.004988748579023634 0.9999999999999851 
1273.3141960000025 0.9950112514209615 0.004988748579023635 0.9999999999999851 
1277.4483330000025 0.9950112514209616 0.004988748579023635 0.9999999999999851 
1281.5824700000026 0.9950112514209614 0.004988748579023635 0.9999999999999849 
1285.7166070000026 0.9950112514209613 0.004988748579023635 0.9999999999999849 
1289.8507440000026 0.9950112514209611 0.004988748579023636 0.9999999999999848 
1293.9848810000026 0.9950112514209609 0.004988748579023636 0.9999999999999845 
1298.1190180000026 0.995011251420961 0.004988748579023635 0.9999999999999846 
1302.2531550000026 0.9950112514209609 0.004988748579023632 0.9999999999999846 
1306.3872920000026 0.995011251420961 0.004988748579023632 0.9999999999999847 
1310.5214290000026 0.995011251420961 0.004988748579023634 0.9999999999999847 
1314.6555660000026 0.9950112514209611 0.004988748579023632 0.9999999999999849 
1318.7897030000026 0.9950112514209611 0.004988748579023632 0.9999999999999849 
1322.9238400000027 0.9950112514209611 0.004988748579023633 0.9999999999999848 
1327.0579770000027 0.9950112514209614 0.004988748579023634 0.9999999999999849 
1331.1921140000027 0.9950112514209613 0.004988748579023634 0.999999999999985 
1335.3262510000027 0.9950112514209613 0.004988748579023634 0.9999999999999849 
1339.4603880000027 0.9950112514209613 0.004988748579023633 0.9999999999999849 
1343.5945250000027 0.9950112514209615 0.004988748579023633 0.9999999999999851 
1347.7286620000027 0.9950112514209615 0.004988748579023634 0.9999999999999851 
1351.8627990000027 0.9950112514209615 0.004988748579023636 0.9999999999999851 
1355.9969360000027 0.9950112514209617 0.0049887485790236375 0.9999999999999853 
1360.1310730000027 0.9950112514209618 0.004988748579023637 0.9999999999999855 
1364.2652100000028 0.9950112514209615 0.0049887485790236375 0.9999999999999851 
1368.3993470000028 0.9950112514209615 0.0049887485790236375 0.9999999999999851 
1372.5334840000028 0.9950112514209611 0.004988748579023637 0.9999999999999849 
1376.6676210000028 0.9950112514209613 0.004988748579023636 0.9999999999999848 
1380.8017580000028 0.9950112514209614 0.004988748579023636 0.999999999999985 
1384.9358950000028 0.9950112514209615 0.004988748579023636 0.9999999999999851 
1389.0700320000028 0.9950112514209615 0.004988748579023636 0.9999999999999851 
1393.2041690000028 0.9950112514209615 0.004988748579023636 0.999999999999985 
1397.3383060000028 0.9950112514209614 0.004988748579023636 0.9999999999999851 
1401.4724430000028 0.9950112514209616 0.004988748579023636 0.9999999999999851 
1405.6065800000029 0.9950112514209615 0.004988748579023636 0.999999999999985 
1409.7407170000029 0.9950112514209617 0.004988748579023633 0.9999999999999853 
1413.8748540000029 0.9950112514209617 0.0049887485790236314 0.9999999999999852 
1418.0089910000029 0.9950112514209617 0.0049887485790236314 0.9999999999999853 
1422.143128000003 0.9950112514209615 0.004988748579023632 0.9999999999999851 
1426.277265000003 0.9950112514209615 0.004988748579023632 0.9999999999999851 
1430.411402000003 0.9950112514209618 0.004988748579023633 0.9999999999999853 
1434.545539000003 0.9950112514209617 0.004988748579023633 0.9999999999999853 
1438.679676000003 0.9950112514209616 0.004988748579023634 0.9999999999999852 
1442.813813000003 0.9950112514209619 0.004988748579023633 0.9999999999999853 
1446.947950000003 0.9950112514209617 0.004988748579023632 0.9999999999999853 
1451.082087000003 0.995011251420962 0.0049887485790236314 0.9999999999999856 
1455.216224000003 0.9950112514209617 0.0049887485790236314 0.9999999999999853 
1459.350361000003 0.9950112514209616 0.004988748579023632 0.9999999999999853 
1463.484498000003 0.9950112514209618 0.0049887485790236314 0.9999999999999853 
1467.618635000003 0.9950112514209616 0.0049887485790236314 0.9999999999999853 
1471.752772000003 0.9950112514209615 0.004988748579023631 0.999999999999985 
1475.886909000003 0.9950112514209616 0.00498874857902363 0.9999999999999852 
1480.021046000003 0.9950112514209617 0.004988748579023629 0.9999999999999853 
1484.155183000003 0.9950112514209615 0.004988748579023628 0.9999999999999851 
1488.289320000003 0.9950112514209614 0.004988748579023625 0.9999999999999849 
1492.423457000003 0.9950112514209613 0.004988748579023626 0.9999999999999848 
1496.557594000003 0.9950112514209613 0.004988748579023628 0.9999999999999849 
1500.691731000003 0.9950112514209613 0.004988748579023629 0.9999999999999849 
1504.825868000003 0.9950112514209614 0.004988748579023629 0.999999999999985 
1508.960005000003 0.995011251420961 0.004988748579023629 0.9999999999999847 
1513.094142000003 0.995011251420961 0.004988748579023629 0.9999999999999847 
1517.228279000003 0.9950112514209609 0.004988748579023627 0.9999999999999847 
1521.3624160000031 0.995011251420961 0.004988748579023628 0.9999999999999847 
1525.4965530000031 0.9950112514209608 0.004988748579023627 0.9999999999999845 
1529.6306900000031 0.9950112514209608 0.004988748579023627 0.9999999999999845 
1533.7648270000032 0.995011251420961 0.004988748579023627 0.9999999999999847 
1537.8989640000032 0.9950112514209613 0.0049887485790236245 0.9999999999999849 
1542.0331010000032 0.995011251420961 0.004988748579023624 0.9999999999999847 
1546.1672380000032 0.9950112514209611 0.0049887485790236245 0.9999999999999848 
1550.3013750000032 0.9950112514209613 0.004988748579023624 0.9999999999999849 
1554.4355120000032 0.9950112514209613 0.004988748579023622 0.9999999999999849 
1558.5696490000032 0.9950112514209616 0.0049887485790236245 0.9999999999999851 
1562.7037860000032 0.9950112514209615 0.0049887485790236245 0.9999999999999851 
1566.8379230000032 0.9950112514209616 0.004988748579023626 0.9999999999999853 
1570.9720600000032 0.9950112514209619 0.004988748579023624 0.9999999999999853 
1575.1061970000032 0.9950112514209619 0.004988748579023624 0.9999999999999857 
1579.2403340000033 0.9950112514209619 0.004988748579023624 0.9999999999999856 
1583.3744710000033 0.9950112514209621 0.004988748579023624 0.9999999999999859 
1587.5086080000033 0.995011251420962 0.004988748579023622 0.9999999999999857 
1591.6427450000033 0.9950112514209621 0.004988748579023622 0.9999999999999858 
1595.7768820000033 0.9950112514209621 0.00498874857902362 0.9999999999999857 
1599.9110190000033 0.9950112514209621 0.00498874857902362 0.9999999999999858 
1604.0451560000033 0.9950112514209621 0.00498874857902362 0.9999999999999858 
1608.1792930000033 0.9950112514209624 0.004988748579023618 0.9999999999999859 
1612.3134300000033 0.9950112514209621 0.0049887485790236176 0.9999999999999858 
1616.4475670000033 0.9950112514209625 0.004988748579023617 0.9999999999999861 
1620.5817040000034 0.9950112514209626 0.004988748579023617 0.9999999999999862 
1624.7158410000034 0.9950112514209628 0.004988748579023617 0.9999999999999865 
1628.8499780000034 0.9950112514209629 0.004988748579023616 0.9999999999999866 
1632.9841150000034 0.995011251420963 0.004988748579023616 0.9999999999999867 
1637.1182520000034 0.9950112514209629 0.004988748579023616 0.9999999999999865 
1641.2523890000034 0.9950112514209629 0.0049887485790236176 0.9999999999999865 
1645.3865260000034 0.9950112514209628 0.0049887485790236176 0.9999999999999865 
1649.5206630000034 0.9950112514209628 0.004988748579023617 0.9999999999999865 
1653.6548000000034 0.9950112514209628 0.004988748579023615 0.9999999999999865 
1657.7889370000034 0.9950112514209635 0.004988748579023613 0.999999999999987 
1661.9230740000035 0.9950112514209635 0.004988748579023613 0.999999999999987 
1666.0572110000035 0.9950112514209631 0.004988748579023612 0.9999999999999867 
1670.1913480000035 0.9950161394551909 0.004983860544795943 0.9999999999999869 
1674.3254850000035 0.9950374289989611 0.004962571001025548 0.9999999999999867 
1678.4596220000035 0.9950920069295297 0.004907993070456608 0.9999999999999865 
1682.5937590000035 0.995204129295832 0.00479587070415437 0.9999999999999865 
1686.7278960000035 0.9954049161054498 0.004595083894536543 0.9999999999999865 
1690.8620330000035 0.995715961795244 0.004284038204742179 0.9999999999999862 
1694.9961700000035 0.9961176201320423 0.003882379867943731 0.9999999999999861 
1699.1303070000035 0.9965579901155142 0.003442009884472006 0.9999999999999862 
1703.2644440000036 0.9969721371226231 0.003027862877363301 0.9999999999999865 
1707.3985810000036 0.997321442937398 0.0026785570625881892 0.9999999999999862 
1711.5327180000036 0.9975981283940012 0.002401871605984996 0.9999999999999861 
1715.6668550000036 0.9978108100338438 0.0021891899661421856 0.9999999999999859 
1719.8009920000036 0.9979723682485392 0.002027631751446738 0.9999999999999859 
1723.9351290000036 0.998094730465866 0.0019052695341197962 0.9999999999999859 
1728.0692660000036 0.9981873973219533 0.001812602678032485 0.9999999999999858 
1732.2034030000036 0.9982575243593339 0.0017424756406520508 0.9999999999999858 
1736.3375400000036 0.9983104297882065 0.001689570211779274 0.9999999999999858 
1740.4716770000036 0.9983500506891758 0.0016499493108098147 0.9999999999999856 
1744.6058140000036 0.9983793564866648 0.0016206435133208847 0.9999999999999856 
1748.7399510000037 0.9984005961899347 0.001599403810051076 0.9999999999999857 
1752.8740880000037 0.9984155189171184 0.0015844810828672233 0.9999999999999858 
1757.0082250000037 0.9984254923061049 0.001574507693880669 0.9999999999999856 
1761.1423620000037 0.9984316398197275 0.0015683601802579912 0.9999999999999856 
1765.2764990000037 0.9984348384885617 0.001565161511423609 0.9999999999999853 
1769.4106360000037 0.9984358161845441 0.0015641838154410407 0.9999999999999851 
1773.5447730000037 0.9984351671672866 0.0015648328326985958 0.9999999999999852 
1777.6789100000037 0.9984333779333705 0.0015666220666147584 0.9999999999999852 
1781.8130470000037 0.9984308456654307 0.0015691543345543852 0.9999999999999851 
1785.9471840000037 0.9984278898061208 0.0015721101938640436 0.9999999999999849 
1790.0813210000038 0.9984247621124788 0.001575237887506362 0.9999999999999851 
1794.2154580000038 0.9984216593278699 0.0015783406721151378 0.999999999999985 
1798.3495950000038 0.9984187246527926 0.0015812753471922385 0.9999999999999848 
1802.4837320000038 0.9984160581803856 0.0015839418195993551 0.9999999999999849 
1806.6178690000038 0.998413722606385 0.0015862773935997622 0.9999999999999848 
1810.7520060000038 0.9984117502409673 0.00158824975901758 0.9999999999999849 
1814.8861430000038 0.9984101456576445 0.001589854342340602 0.9999999999999851 
1819.0202800000038 0.998408896259131 0.0015911037408540285 0.9999999999999851 
1823.1544170000038 0.9984079724978674 0.0015920275021177842 0.9999999999999852 
1827.2885540000038 0.9984073356143552 0.0015926643856297256 0.999999999999985 
1831.4226910000039 0.9984069403217022 0.0015930596782827728 0.999999999999985 
1835.5568280000039 0.9984067400159539 0.0015932599840312032 0.999999999999985 
1839.6909650000039 0.9984066882262539 0.0015933117737309804 0.9999999999999849 
1843.8251020000039 0.9984067423053391 0.0015932576946456416 0.9999999999999848 
1847.959239000004 0.9984068645440964 0.0015931354558882875 0.9999999999999847 
1852.093376000004 0.9984070233499072 0.0015929766500777025 0.9999999999999847 
1856.227513000004 0.998407193681691 0.001592806318293598 0.9999999999999845 
1860.361650000004 0.9984073573633006 0.0015926426366837066 0.9999999999999842 
1864.495787000004 0.9984075022191825 0.0015924977808012678 0.9999999999999837 
1868.629924000004 0.9984076211035413 0.001592378896442452 0.9999999999999836 
1872.764061000004 0.9984077116781744 0.0015922883218091302 0.9999999999999836 
1876.898198000004 0.9984077748181626 0.0015922251818210403 0.9999999999999836 
1881.032335000004 0.9984078136258256 0.0015921863741580845 0.9999999999999838 
1885.166472000004 0.9984078326819903 0.0015921673179935566 0.9999999999999838 
1889.300609000004 0.9984078369289919 0.001592163070991804 0.9999999999999838 
1893.434746000004 0.9984078312153918 0.0015921687845919447 0.9999999999999838 
1897.568883000004 0.9984078197813535 0.001592180218630196 0.9999999999999838 
1901.703020000004 0.9984078061181425 0.0015921938818411092 0.9999999999999838 
1905.837157000004 0.9984077926370092 0.0015922073629745818 0.9999999999999838 
1909.971294000004 0.9984077809383141 0.00159221906166977 0.9999999999999838 
1914.105431000004 0.9984077718051094 0.0015922281948740835 0.9999999999999836 
1918.239568000004 0.9984077718051092 0.0015922281948740837 0.9999999999999833 
1922.373705000004 0.9984077718051094 0.0015922281948740837 0.9999999999999836 
1926.507842000004 0.9984077718051095 0.0015922281948740837 0.9999999999999836 
1930.641979000004 0.9984077718051094 0.0015922281948740837 0.9999999999999836 
1934.776116000004 0.9984077718051094 0.0015922281948740835 0.9999999999999836 
1938.910253000004 0.9984077718051095 0.0015922281948740837 0.9999999999999836 
1943.0443900000041 0.9984077718051099 0.0015922281948740839 0.9999999999999839 
1947.1785270000041 0.9984077718051099 0.0015922281948740832 0.999999999999984 
1951.3126640000041 0.9984077718051098 0.0015922281948740828 0.9999999999999839 
1955.4468010000041 0.99840777180511 0.0015922281948740832 0.999999999999984 
1959.5809380000042 0.9984077718051099 0.0015922281948740828 0.999999999999984 
1963.7150750000042 0.9984077718051101 0.0015922281948740826 0.9999999999999841 
1967.8492120000042 0.9984077718051101 0.0015922281948740832 0.9999999999999841 
1971.9833490000042 0.99840777180511 0.0015922281948740832 0.9999999999999841 
1976.1174860000042 0.99840777180511 0.0015922281948740828 0.9999999999999841 
1980.2516230000042 0.9984077718051101 0.001592228194874083 0.9999999999999842 
1984.3857600000042 0.9984077718051101 0.001592228194874083 0.9999999999999842 
1988.5198970000042 0.9984077718051102 0.0015922281948740832 0.9999999999999843 
1992.6540340000042 0.9984077718051101 0.0015922281948740832 0.9999999999999841 
1996.7881710000042 0.99840777180511 0.0015922281948740832 0.999999999999984 
2000.9223080000043 0.9984077718051101 0.0015922281948740828 0.9999999999999841 
2005.0564450000043 0.9984077718051098 0.0015922281948740824 0.9999999999999839 
2009.1905820000043 0.9984077718051096 0.001592228194874082 0.9999999999999837 
2013.3247190000043 0.9984077718051096 0.0015922281948740817 0.9999999999999838 
2017.4588560000043 0.9984077718051094 0.0015922281948740813 0.9999999999999836 
2021.5929930000043 0.9984077718051093 0.001592228194874082 0.9999999999999833 
2025.7271300000043 0.998407771805109 0.0015922281948740822 0.9999999999999831 
2029.8612670000043 0.998407771805109 0.0015922281948740824 0.9999999999999831 
2033.9954040000043 0.998407771805109 0.0015922281948740824 0.999999999999983 
2038.1295410000043 0.9984077718051088 0.0015922281948740826 0.9999999999999829 
2042.2636780000043 0.9984077718051085 0.0015922281948740826 0.9999999999999827 
2046.3978150000044 0.9984077718051089 0.0015922281948740822 0.9999999999999829 
2050.5319520000044 0.9984077718051088 0.001592228194874082 0.9999999999999829 
2054.6660890000044 0.9984077718051086 0.0015922281948740817 0.9999999999999827 
2058.8002260000044 0.9984077718051085 0.0015922281948740817 0.9999999999999827 
2062.9343630000044 0.9984077718051088 0.0015922281948740815 0.9999999999999829 
2067.0685000000044 0.998407771805109 0.0015922281948740815 0.9999999999999831 
