# time  poten(istate=1)  kinen  toten
0.0000000000  -39.9033172800  0.0546923113  -39.8486249687
4.1341370000  -39.9016638000  0.0530419715  -39.8486218285
8.2682740000  -39.8999678400  0.0513525148  -39.8486153252
12.4024110000  -39.8983102400  0.0497069919  -39.8486032481
16.5365480000  -39.8968305200  0.0482368150  -39.8485937050
20.6706850000  -39.8956326800  0.0470316019  -39.8486010781
24.8048220000  -39.8946630000  0.0460501286  -39.8486128714
28.9389590000  -39.8938099200  0.0451886090  -39.8486213110
33.0730960000  -39.8929914400  0.0443653611  -39.8486260789
37.2072330000  -39.8921607400  0.0435303802  -39.8486303598
41.3413700000  -39.8912899500  0.0426565618  -39.8486333882
45.4755070000  -39.8903669500  0.0417327128  -39.8486342372
49.6096440000  -39.8893926400  0.0407589746  -39.8486336654
53.7437810000  -39.8883764800  0.0397450414  -39.8486314386
57.8779180000  -39.8873359000  0.0387080437  -39.8486278563
62.0120550000  -39.8862975600  0.0376707019  -39.8486268581
66.1461920000  -39.8852828000  0.0366606624  -39.8486221376
70.2803290000  -39.8843317200  0.0357092075  -39.8486225125
74.4144660000  -39.8834696200  0.0348498325  -39.8486197875
78.5486030000  -39.8827343300  0.0341168980  -39.8486174320
82.6827400000  -39.8821595000  0.0335443431  -39.8486151569
86.8168770000  -39.8817773100  0.0331642514  -39.8486130586
90.9510140000  -39.8816167800  0.0330056173  -39.8486111627
95.0851510000  -39.8817025100  0.0330929858  -39.8486095242
99.2192880000  -39.8820527000  0.0334454343  -39.8486072657
103.3534250000  -39.8826821200  0.0340756423  -39.8486064777
107.4875620000  -39.8835954000  0.0349891298  -39.8486062702
111.6216990000  -39.8847907000  0.0361841063  -39.8486065937
115.7558360000  -39.8862586200  0.0376512005  -39.8486074195
119.8899730000  -39.8879823200  0.0393736299  -39.8486086901
124.0241100000  -39.8899381000  0.0413276641  -39.8486104359
128.1582470000  -39.8920959700  0.0434834032  -39.8486125668
132.2923840000  -39.8944205600  0.0458056820  -39.8486148780
136.4265210000  -39.8968725700  0.0482550530  -39.8486175170
140.5606580000  -39.8994094600  0.0507892372  -39.8486202228
144.6947950000  -39.9019873900  0.0533644553  -39.8486229347
148.8289320000  -39.9045621700  0.0559365984  -39.8486255716
152.9630690000  -39.9070906400  0.0584625664  -39.8486280736
157.0972060000  -39.9095317900  0.0609014191  -39.8486303709
161.2313430000  -39.9118478100  0.0632153656  -39.8486324444
165.3654800000  -39.9140048400  0.0653705821  -39.8486342579
169.4996170000  -39.9159736100  0.0673378762  -39.8486357338
173.6337540000  -39.9177298300  0.0690928955  -39.8486369345
177.7678910000  -39.9192542300  0.0706164226  -39.8486378074
181.9020280000  -39.9205312500  0.0718944865  -39.8486367635
186.0361650000  -39.9215549700  0.0729180524  -39.8486369176
190.1703020000  -39.9223196400  0.0736828361  -39.8486368039
194.3044390000  -39.9228250100  0.0741888816  -39.8486361284
198.4385760000  -39.9230758900  0.0744399422  -39.8486359478
202.5727130000  -39.9230815500  0.0744432300  -39.8486383200
206.7068500000  -39.9228432600  0.0742082184  -39.8486350416
210.8409870000  -39.9223812200  0.0737465055  -39.8486347145
214.9751240000  -39.9217033200  0.0730715119  -39.8486318081
219.1092610000  -39.9208280100  0.0721968360  -39.8486311740
223.2433980000  -39.9197650600  0.0711354531  -39.8486296069
227.3775350000  -39.9185276500  0.0698981610  -39.8486294890
231.5116720000  -39.9171208700  0.0684904988  -39.8486303712
235.6458090000  -39.9155390200  0.0669045209  -39.8486344991
239.7799460000  -39.9137397800  0.0650850635  -39.8486547165
243.9140830000  -39.9153050800  0.0633201252  -39.8519849548
248.0482200000  -39.9136951200  0.0617126834  -39.8519824366
252.1823570000  -39.9120383600  0.0600581234  -39.8519802366
256.3164940000  -39.9103656300  0.0583877618  -39.8519778682
260.4506310000  -39.9087145300  0.0567393639  -39.8519751661
264.5847680000  -39.9071212600  0.0551530538  -39.8519682062
268.7189050000  -39.9056301800  0.0536644140  -39.8519657660
272.8530420000  -39.9042643700  0.0522997065  -39.8519646635
276.9871790000  -39.9030424700  0.0510751446  -39.8519673254
281.1213160000  -39.9019660000  0.0499987629  -39.8519672371
285.2554530000  -39.9010405200  0.0490729661  -39.8519675539
289.3895900000  -39.9002647800  0.0482967379  -39.8519680421
293.5237270000  -39.8996351500  0.0476674343  -39.8519677157
297.6578640000  -39.8991495000  0.0471817577  -39.8519677423
301.7920010000  -39.8988053600  0.0468360616  -39.8519692984
305.9261380000  -39.8985966800  0.0466268332  -39.8519698468
310.0602750000  -39.8985206900  0.0465510052  -39.8519696848
314.1944120000  -39.8985749400  0.0466056897  -39.8519692503
318.3285490000  -39.8987580700  0.0467883508  -39.8519697192
322.4626860000  -39.8990683600  0.0470968167  -39.8519715433
326.5968230000  -39.8995012500  0.0475294334  -39.8519718166
330.7309600000  -39.9000571300  0.0480850981  -39.8519720319
334.8650970000  -39.9007351700  0.0487629447  -39.8519722253
338.9992340000  -39.9015348200  0.0495624578  -39.8519723622
343.1333710000  -39.9024551800  0.0504834758  -39.8519717042
347.2675080000  -39.9034980700  0.0515261764  -39.8519718936
351.4016450000  -39.9046630500  0.0526910977  -39.8519719523
355.5357820000  -39.9059508400  0.0539788773  -39.8519719627
359.6699190000  -39.9073621800  0.0553902143  -39.8519719657
363.8040560000  -39.9088979000  0.0569259974  -39.8519719026
367.9381930000  -39.9105588800  0.0585869992  -39.8519718808
372.0723300000  -39.9123457100  0.0603735924  -39.8519721176
376.2064670000  -39.9142583500  0.0622862584  -39.8519720916
380.3406040000  -39.9162978600  0.0643252682  -39.8519725918
384.4747410000  -39.9184624200  0.0664901942  -39.8519722258
388.6088780000  -39.9207533800  0.0687804207  -39.8519729593
392.7430150000  -39.9231679400  0.0711943976  -39.8519735424
396.8771520000  -39.9257034100  0.0737295767  -39.8519738333
401.0112890000  -39.9283569900  0.0763828195  -39.8519741705
405.1454260000  -39.9311245800  0.0791500563  -39.8519745237
409.2795630000  -39.9340011200  0.0820262007  -39.8519749193
413.4137000000  -39.9369804700  0.0850051004  -39.8519753696
417.5478370000  -39.9400554700  0.0880795794  -39.8519758906
421.6819740000  -39.9432178300  0.0912413957  -39.8519764343
425.8161110000  -39.9464587900  0.0944812687  -39.8519775213
429.9502480000  -39.9497669800  0.0977888928  -39.8519780872
434.0843850000  -39.9531313200  0.1011529806  -39.8519783394
438.2185220000  -39.9565402600  0.1045614261  -39.8519788339
442.3526590000  -39.9599810200  0.1080014641  -39.8519795559
446.4867960000  -39.9634394600  0.1114596769  -39.8519797831
450.6209330000  -39.9669013700  0.1149220213  -39.8519793487
454.7550700000  -39.9703563300  0.1183743010  -39.8519820290
458.8892070000  -39.9737851500  0.1218018327  -39.8519833173
463.0233440000  -39.9771729500  0.1251887803  -39.8519841697
467.1574810000  -39.9805014400  0.1285171669  -39.8519842731
471.2916180000  -39.9837516000  0.1317646542  -39.8519869458
475.4257550000  -39.9868917300  0.1349015284  -39.8519902016
479.5598920000  -39.9898816100  0.1378858120  -39.8519957980
483.6940290000  -39.9926587500  0.1406578432  -39.8520009068
487.8281660000  -39.9951467800  0.1431374098  -39.8520093702
491.9623030000  -39.9972493000  0.1452325243  -39.8520167757
496.0964400000  -39.9988876500  0.1468691265  -39.8520185235
500.2305770000  -40.0000465000  0.1480344038  -39.8520120962
504.3647140000  -40.0007972300  0.1487968280  -39.8520004020
508.4988510000  -40.0012631200  0.1492731450  -39.8519899750
512.6329880000  -40.0015577000  0.1495752808  -39.8519824192
516.7671250000  -40.0017609100  0.1497827834  -39.8519781266
520.9012620000  -40.0019183200  0.1499406817  -39.8519776383
525.0353990000  -40.0020452200  0.1500684828  -39.8519767372
529.1695360000  -40.0021471700  0.1501697733  -39.8519773967
533.3036730000  -40.0022165200  0.1502380434  -39.8519784766
537.4378100000  -40.0022408300  0.1502609142  -39.8519799158
541.5719470000  -40.0022046200  0.1502230467  -39.8519815733
545.7060840000  -40.0020911100  0.1501078468  -39.8519832632
549.8402210000  -40.0018837700  0.1498985304  -39.8519852396
553.9743580000  -40.0015669100  0.1495796311  -39.8519872789
558.1084950000  -40.0011266300  0.1491374324  -39.8519891976
562.2426320000  -40.0005508000  0.1485598212  -39.8519909788
566.3767690000  -39.9998294900  0.1478368852  -39.8519926048
570.5109060000  -39.9989556400  0.1469613869  -39.8519942531
574.6450430000  -39.9979243800  0.1459288729  -39.8519955071
578.7791800000  -39.9967344800  0.1447379428  -39.8519965372
582.9133170000  -39.9953871100  0.1433901032  -39.8519970068
587.0474540000  -39.9938873900  0.1418899767  -39.8519974133
591.1815910000  -39.9922432500  0.1402457526  -39.8519974974
595.3157280000  -39.9904665500  0.1384692246  -39.8519973254
599.4498650000  -39.9885727300  0.1365758626  -39.8519968674
603.5840020000  -39.9865809200  0.1345849686  -39.8519959514
607.7181390000  -39.9845140800  0.1325193582  -39.8519947218
611.8522760000  -39.9823983900  0.1304051448  -39.8519932452
615.9864130000  -39.9802631200  0.1282715591  -39.8519915609
620.1205500000  -39.9781399300  0.1261502449  -39.8519896851
624.2546870000  -39.9760621300  0.1240743895  -39.8519877405
628.3888240000  -39.9740637500  0.1220776105  -39.8519861395
632.5229610000  -39.9721775100  0.1201931152  -39.8519843948
636.6570980000  -39.9704353800  0.1184525837  -39.8519827963
640.7912350000  -39.9688654400  0.1168841979  -39.8519812421
644.9253720000  -39.9674915800  0.1155116102  -39.8519799698
649.0595090000  -39.9663323300  0.1143531996  -39.8519791304
653.1936460000  -39.9653997200  0.1134209865  -39.8519787335
657.3277830000  -39.9646989300  0.1127200887  -39.8519788413
661.4619200000  -39.9642278500  0.1122485051  -39.8519793449
665.5960570000  -39.9639774600  0.1119972465  -39.8519802135
669.7301940000  -39.9639322600  0.1119508099  -39.8519814501
673.8643310000  -39.9640709800  0.1120880326  -39.8519829474
677.9984680000  -39.9643677600  0.1123831524  -39.8519846076
682.1326050000  -39.9647934000  0.1128070356  -39.8519863644
686.2667420000  -39.9653166900  0.1133285295  -39.8519881605
690.4008790000  -39.9659056800  0.1139157724  -39.8519899076
694.5350160000  -39.9665289400  0.1145374054  -39.8519915346
698.6691530000  -39.9671566400  0.1151636499  -39.8519929901
702.8032900000  -39.9677614800  0.1157671959  -39.8519942841
706.9374270000  -39.9683191500  0.1163238626  -39.8519952874
711.0715640000  -39.9688089800  0.1168129732  -39.8519960068
715.2057010000  -39.9692142200  0.1172176714  -39.8519965486
719.3398380000  -39.9695217500  0.1175249911  -39.8519967589
723.4739750000  -39.9697224400  0.1177256183  -39.8519968217
727.6081120000  -39.9698103200  0.1178136622  -39.8519966578
731.7422490000  -39.9697828900  0.1177864958  -39.8519963942
735.8763860000  -39.9696403500  0.1176443931  -39.8519959569
740.0105230000  -39.9693855300  0.1173900879  -39.8519954421
744.1446600000  -39.9690232400  0.1170284452  -39.8519947948
748.2787970000  -39.9685602100  0.1165661194  -39.8519940906
752.4129340000  -39.9680046000  0.1160112554  -39.8519933446
756.5470710000  -39.9673658100  0.1153731832  -39.8519926268
760.6812080000  -39.9666540500  0.1146621672  -39.8519918828
764.8153450000  -39.9658803300  0.1138891809  -39.8519911491
768.9494820000  -39.9650561000  0.1130656978  -39.8519904022
773.0836190000  -39.9641932700  0.1122034890  -39.8519897810
777.2177560000  -39.9633035600  0.1113144465  -39.8519891135
781.3518930000  -39.9623989400  0.1104104660  -39.8519884740
785.4860300000  -39.9614910700  0.1095033056  -39.8519877644
789.6201670000  -39.9605917100  0.1086046007  -39.8519871093
793.7543040000  -39.9597118900  0.1077254978  -39.8519863922
797.8884410000  -39.9588623100  0.1068765517  -39.8519857583
802.0225780000  -39.9580532700  0.1060679562  -39.8519853138
806.1567150000  -39.9572941000  0.1053093123  -39.8519847877
810.2908520000  -39.9565939600  0.1046095667  -39.8519843933
814.4249890000  -39.9559609300  0.1039769858  -39.8519839442
818.5591260000  -39.9554026700  0.1034191289  -39.8519835411
822.6932630000  -39.9549261100  0.1029429134  -39.8519831966
826.8274000000  -39.9545375200  0.1025547499  -39.8519827701
830.9615370000  -39.9542424600  0.1022602316  -39.8519822284
835.0956740000  -39.9540461100  0.1020642573  -39.8519818527
839.2298110000  -39.9539529300  0.1019713721  -39.8519815579
843.3639480000  -39.9539669500  0.1019856397  -39.8519813103
847.4980850000  -39.9540916900  0.1021106030  -39.8519810870
851.6322220000  -39.9543302600  0.1023493311  -39.8519809289
855.7663590000  -39.9546851500  0.1027044367  -39.8519807133
859.9004960000  -39.9551585600  0.1031780319  -39.8519805281
864.0346330000  -39.9557521100  0.1037717525  -39.8519803575
868.1687700000  -39.9564669000  0.1044866885  -39.8519802115
872.3029070000  -39.9573033800  0.1053233072  -39.8519800728
876.4370440000  -39.9582613900  0.1062813781  -39.8519800119
880.5711810000  -39.9593397000  0.1073597933  -39.8519799067
884.7053180000  -39.9605367700  0.1085566397  -39.8519801303
888.8394550000  -39.9618495400  0.1098690832  -39.8519804568
892.9735920000  -39.9632738600  0.1112930033  -39.8519808567
897.1077290000  -39.9648037400  0.1128229927  -39.8519807473
901.2418660000  -39.9664333000  0.1144520674  -39.8519812326
905.3760030000  -39.9681533700  0.1161714602  -39.8519819098
909.5101400000  -39.9699534600  0.1179705674  -39.8519828926
913.6442770000  -39.9718206000  0.1198365474  -39.8519840526
917.7784140000  -39.9737399300  0.1217545503  -39.8519853797
921.9125510000  -39.9756945500  0.1237071802  -39.8519873698
926.0466880000  -39.9776634500  0.1256744830  -39.8519889670
930.1808250000  -39.9796253700  0.1276343006  -39.8519910694
934.3149620000  -39.9815556400  0.1295619373  -39.8519937027
938.4490990000  -39.9834266100  0.1314305699  -39.8519960401
942.5832360000  -39.9852103000  0.1332117738  -39.8519985262
946.7173730000  -39.9868772300  0.1348763600  -39.8520008700
950.8515100000  -39.9883979200  0.1363950515  -39.8520028685
954.9856470000  -39.9897445900  0.1377398953  -39.8520046947
959.1197840000  -39.9908922800  0.1388862420  -39.8520060380
963.2539210000  -39.9918218000  0.1398144882  -39.8520073118
967.3880580000  -39.9925203300  0.1405127445  -39.8520075855
971.5221950000  -39.9929859000  0.1409790635  -39.8520068365
975.6563320000  -39.9932286100  0.1412235684  -39.8520050416
979.7904690000  -39.9932728600  0.1412707773  -39.8520020827
983.9246060000  -39.9931585200  0.1411605788  -39.8519979412
988.0587430000  -39.9929408800  0.1409480387  -39.8519928413
992.1928800000  -39.9926887600  0.1407013996  -39.8519873604
996.3270170000  -39.9924795400  0.1404983877  -39.8519811523
1000.4611540000  -39.9923957700  0.1404202257  -39.8519755443
1004.5952910000  -39.9925148400  0.1405441885  -39.8519706515
1008.7294280000  -39.9929028400  0.1409355623  -39.8519672777
1012.8635650000  -39.9936058000  0.1416399884  -39.8519658116
1016.9977020000  -39.9946443600  0.1426778852  -39.8519664748
1021.1318390000  -39.9960106200  0.1440415067  -39.8519691133
1025.2659760000  -39.9976690500  0.1456954587  -39.8519735913
1029.4001130000  -39.9995598300  0.1475805211  -39.8519793089
1033.5342500000  -40.0016059400  0.1496200688  -39.8519858712
1037.6683870000  -40.0037204800  0.1517279650  -39.8519925150
1041.8025240000  -40.0058152000  0.1538165193  -39.8519986807
1045.9366610000  -40.0078072700  0.1558031716  -39.8520040984
1050.0707980000  -40.0096244000  0.1576157438  -39.8520086562
1054.2049350000  -40.0112079800  0.1591959057  -39.8520120743
1058.3390720000  -40.0125146600  0.1605003408  -39.8520143192
1062.4732090000  -40.0135157400  0.1615002192  -39.8520155208
1066.6073460000  -40.0141958100  0.1621798199  -39.8520159901
1070.7414830000  -40.0145504400  0.1625346784  -39.8520157616
1074.8756200000  -40.0145842800  0.1625693116  -39.8520149684
1079.0097570000  -40.0143079500  0.1622943139  -39.8520136361
1083.1438940000  -40.0137371500  0.1617245881  -39.8520125619
1087.2780310000  -40.0128887200  0.1608778477  -39.8520108723
1091.4121680000  -40.0117822000  0.1597728134  -39.8520093866
1095.5463050000  -40.0104363000  0.1584284015  -39.8520078985
1099.6804420000  -40.0088694600  0.1568630682  -39.8520063918
1103.8145790000  -40.0070993700  0.1550944528  -39.8520049172
1107.9487160000  -40.0051431700  0.1531392924  -39.8520038776
1112.0828530000  -40.0030165600  0.1510138796  -39.8520026804
1116.2169900000  -40.0007358400  0.1487342657  -39.8520015743
1120.3511270000  -39.9983162300  0.1463163441  -39.8519998859
1124.4852640000  -39.9957755300  0.1437767284  -39.8519988016
1128.6194010000  -39.9931312700  0.1411332671  -39.8519980029
1132.7535380000  -39.9904021300  0.1384052861  -39.8519968439
1136.8876750000  -39.9876096100  0.1356140818  -39.8519955282
1141.0218120000  -39.9847769900  0.1327831373  -39.8519938527
1145.1559490000  -39.9819304800  0.1299382367  -39.8519922433
1149.2900860000  -39.9790979500  0.1271073856  -39.8519905644
1153.4242230000  -39.9763092800  0.1243205241  -39.8519887559
1157.5583600000  -39.9735960700  0.1216089942  -39.8519870758
1161.6924970000  -39.9709900900  0.1190049201  -39.8519851699
1165.8266340000  -39.9685237200  0.1165402685  -39.8519834515
1169.9607710000  -39.9662277800  0.1142458117  -39.8519819683
1174.0949080000  -39.9641308100  0.1121501693  -39.8519806407
1178.2290450000  -39.9622582700  0.1102787370  -39.8519795330
1182.3631820000  -39.9606312800  0.1086525821  -39.8519786979
1186.4973190000  -39.9592658900  0.1072876669  -39.8519782231
1190.6314560000  -39.9581724700  0.1061943487  -39.8519781213
1194.7655930000  -39.9573551400  0.1053769681  -39.8519781719
1198.8997300000  -39.9568125900  0.1048339128  -39.8519786772
1203.0338670000  -39.9565374800  0.1045579082  -39.8519795718
1207.1680040000  -39.9565169700  0.1045365052  -39.8519804648
1211.3021410000  -39.9567346500  0.1047529039  -39.8519817461
1215.4362780000  -39.9571700400  0.1051868799  -39.8519831601
1219.5704150000  -39.9578004800  0.1058158537  -39.8519846263
1223.7045520000  -39.9586020100  0.1066159222  -39.8519860878
1227.8386890000  -39.9595503000  0.1075628440  -39.8519874560
1231.9728260000  -39.9606216700  0.1086329176  -39.8519887524
1236.1069630000  -39.9617936100  0.1098036994  -39.8519899106
1240.2411000000  -39.9630454900  0.1110545428  -39.8519909472
1244.3752370000  -39.9643588100  0.1123670057  -39.8519918043
1248.5093740000  -39.9657176400  0.1137250433  -39.8519925967
1252.6435110000  -39.9671080200  0.1151148364  -39.8519931836
1256.7776480000  -39.9685191500  0.1165250829  -39.8519940671
1260.9117850000  -39.9699414100  0.1179467812  -39.8519946288
1265.0459220000  -39.9713678600  0.1193727457  -39.8519951143
1269.1800590000  -39.9727931800  0.1207975629  -39.8519956171
1273.3141960000  -39.9742132600  0.1222172684  -39.8519959916
1277.4483330000  -39.9756255000  0.1236291591  -39.8519963409
1281.5824700000  -39.9770281900  0.1250315255  -39.8519966645
1285.7166070000  -39.9784204600  0.1264234673  -39.8519969927
1289.8507440000  -39.9798020100  0.1278047523  -39.8519972577
1293.9848810000  -39.9811731700  0.1291756801  -39.8519974899
1298.1190180000  -39.9825346900  0.1305369177  -39.8519977723
1302.2531550000  -39.9838875100  0.1318894728  -39.8519980372
1306.3872920000  -39.9852328900  0.1332345631  -39.8519983269
1310.5214290000  -39.9865721300  0.1345734995  -39.8519986305
1314.6555660000  -39.9879065500  0.1359076109  -39.8519989391
1318.7897030000  -39.9892371200  0.1372380570  -39.8519990630
1322.9238400000  -39.9905652000  0.1385656999  -39.8519995001
1327.0579770000  -39.9918908200  0.1398909356  -39.8519998844
1331.1921140000  -39.9932137700  0.1412135058  -39.8520002642
1335.3262510000  -39.9945330200  0.1425323339  -39.8520006861
1339.4603880000  -39.9958463100  0.1438451977  -39.8520011123
1343.5945250000  -39.9971500400  0.1451484725  -39.8520015675
1347.7286620000  -39.9984391300  0.1464369937  -39.8520021363
1351.8627990000  -39.9997066700  0.1477037737  -39.8520028963
1355.9969360000  -40.0009435400  0.1489397578  -39.8520037822
1360.1310730000  -40.0021385300  0.1501335481  -39.8520049819
1364.2652100000  -40.0032777700  0.1512713955  -39.8520063745
1368.3993470000  -40.0043450900  0.1523372180  -39.8520078720
1372.5334840000  -40.0053218400  0.1533122813  -39.8520095587
1376.6676210000  -40.0061869800  0.1541755884  -39.8520113916
1380.8017580000  -40.0069177500  0.1549044940  -39.8520132560
1384.9358950000  -40.0074899900  0.1554748710  -39.8520151190
1389.0700320000  -40.0078792500  0.1558622725  -39.8520169775
1393.2041690000  -40.0080618800  0.1560432332  -39.8520186468
1397.3383060000  -40.0080166200  0.1559965659  -39.8520200541
1401.4724430000  -40.0077264400  0.1557056410  -39.8520207990
1405.6065800000  -40.0071814800  0.1551604280  -39.8520210520
1409.7407170000  -40.0063802500  0.1543598859  -39.8520203641
1413.8748540000  -40.0053332500  0.1533143801  -39.8520188699
1418.0089910000  -40.0040643100  0.1520479572  -39.8520163528
1422.1431280000  -40.0026124700  0.1505997999  -39.8520126701
1426.2772650000  -40.0010321200  0.1490242028  -39.8520079172
1430.4114020000  -39.9993916900  0.1473893605  -39.8520023295
1434.5455390000  -39.9977703600  0.1457740585  -39.8519963015
1438.6796760000  -39.9962526900  0.1442624078  -39.8519902822
1442.8138130000  -39.9949218000  0.1429367657  -39.8519850343
1446.9479500000  -39.9938511900  0.1418700487  -39.8519811413
1451.0820870000  -39.9930970300  0.1411179834  -39.8519790466
1455.2162240000  -39.9926916200  0.1407125735  -39.8519790465
1459.3503610000  -39.9926395500  0.1406584701  -39.8519810799
1463.4844980000  -39.9929175500  0.1409325416  -39.8519850084
1467.6186350000  -39.9934771300  0.1414868424  -39.8519902876
1471.7527720000  -39.9942508900  0.1422543797  -39.8519965103
1475.8869090000  -39.9951596600  0.1431566239  -39.8520030361
1480.0210460000  -39.9961206700  0.1441116330  -39.8520090370
1484.1551830000  -39.9970554500  0.1450410937  -39.8520143563
1488.2893200000  -39.9978949000  0.1458759497  -39.8520189503
1492.4234570000  -39.9985830400  0.1465608104  -39.8520222296
1496.5575940000  -39.9990797300  0.1470554202  -39.8520243098
1500.6917310000  -39.9993597500  0.1473345406  -39.8520252094
1504.8258680000  -39.9994124400  0.1473870063  -39.8520254337
1508.9600050000  -39.9992388600  0.1472138609  -39.8520249991
1513.0941420000  -39.9988500100  0.1468259975  -39.8520240125
1517.2282790000  -39.9982641200  0.1462414790  -39.8520226410
1521.3624160000  -39.9975043700  0.1454833094  -39.8520210606
1525.4965530000  -39.9965969000  0.1445774084  -39.8520194916
1529.6306900000  -39.9955685700  0.1435509381  -39.8520176319
1533.7648270000  -39.9944465800  0.1424307898  -39.8520157902
1537.8989640000  -39.9932567000  0.1412426088  -39.8520140912
1542.0331010000  -39.9920226100  0.1400100771  -39.8520125329
1546.1672380000  -39.9907659300  0.1387545409  -39.8520113891
1550.3013750000  -39.9895051500  0.1374947711  -39.8520103789
1554.4355120000  -39.9882558500  0.1362464441  -39.8520094059
1558.5696490000  -39.9870311300  0.1350224246  -39.8520087054
1562.7037860000  -39.9858408500  0.1338327987  -39.8520080513
1566.8379230000  -39.9846924100  0.1326848219  -39.8520075881
1570.9720600000  -39.9835905900  0.1315832895  -39.8520073005
1575.1061970000  -39.9825378200  0.1305306643  -39.8520071557
1579.2403340000  -39.9815345200  0.1295272136  -39.8520073064
1583.3744710000  -39.9805788400  0.1285714346  -39.8520074054
1587.5086080000  -39.9796678500  0.1276601570  -39.8520076930
1591.6427450000  -39.9787967600  0.1267887220  -39.8520080380
1595.7768820000  -39.9779598600  0.1259513243  -39.8520085357
1599.9110190000  -39.9771503100  0.1251412762  -39.8520090338
1604.0451560000  -39.9763607400  0.1243513572  -39.8520093828
1608.1792930000  -39.9755837000  0.1235739317  -39.8520097683
1612.3134300000  -39.9748114100  0.1228013005  -39.8520101095
1616.4475670000  -39.9740361800  0.1220260895  -39.8520100905
1620.5817040000  -39.9732517200  0.1212415147  -39.8520102053
1624.7158410000  -39.9724517800  0.1204417391  -39.8520100409
1628.8499780000  -39.9716318300  0.1196221500  -39.8520096800
1632.9841150000  -39.9707893900  0.1187794568  -39.8520099332
1637.1182520000  -39.9699225600  0.1179125225  -39.8520100375
1641.2523890000  -39.9690325000  0.1170225759  -39.8520099241
1645.3865260000  -39.9681226300  0.1161129541  -39.8520096759
1649.5206630000  -39.9671987000  0.1151894585  -39.8520092415
1653.6548000000  -39.9662691100  0.1142604241  -39.8520086859
1657.7889370000  -39.9653454900  0.1133366749  -39.8520088151
1661.9230740000  -39.9644394600  0.1124313420  -39.8520081180
1666.0572110000  -39.9635668700  0.1115595750  -39.8520072950
1670.1913480000  -39.9627445700  0.1107381441  -39.8520064259
1674.3254850000  -39.9619904700  0.1099849379  -39.8520055321
1678.4596220000  -39.9613228600  0.1093183853  -39.8520044747
1682.5937590000  -39.9607603200  0.1087567048  -39.8520036152
1686.7278960000  -39.9603200700  0.1083172088  -39.8520028612
1690.8620330000  -39.9600180200  0.1080156911  -39.8520023289
1694.9961700000  -39.9598676600  0.1078657719  -39.8520018881
1699.1303070000  -39.9598801300  0.1078784122  -39.8520017178
1703.2644440000  -39.9600632800  0.1080615340  -39.8520017460
1707.3985810000  -39.9604217900  0.1084197951  -39.8520019949
1711.5327180000  -39.9609570500  0.1089546116  -39.8520024384
1715.6668550000  -39.9616673700  0.1096643490  -39.8520030210
1719.8009920000  -39.9625483900  0.1105446584  -39.8520037316
1723.9351290000  -39.9635935000  0.1115889700  -39.8520045300
1728.0692660000  -39.9647944400  0.1127890876  -39.8520053524
1732.2034030000  -39.9661419500  0.1141358274  -39.8520061226
1736.3375400000  -39.9676264900  0.1156195733  -39.8520069167
1740.4716770000  -39.9692384900  0.1172308027  -39.8520076873
1744.6058140000  -39.9709689000  0.1189605609  -39.8520083391
1748.7399510000  -39.9728095500  0.1208007308  -39.8520088192
1752.8740880000  -39.9747532600  0.1227441040  -39.8520091560
1757.0082250000  -39.9767937000  0.1247842666  -39.8520094334
1761.1423620000  -39.9789252100  0.1269153849  -39.8520098251
1765.2764990000  -39.9811420800  0.1291318767  -39.8520102033
1769.4106360000  -39.9834385600  0.1314279366  -39.8520106234
1773.5447730000  -39.9858081200  0.1337970063  -39.8520111137
1777.6789100000  -39.9882428500  0.1362312019  -39.8520116481
1781.8130470000  -39.9907331200  0.1387207588  -39.8520123612
1785.9471840000  -39.9932667900  0.1412535515  -39.8520132385
1790.0813210000  -39.9958290200  0.1438146842  -39.8520143358
1794.2154580000  -39.9984017700  0.1463861805  -39.8520155895
1798.3495950000  -40.0009639300  0.1489468026  -39.8520171274
1802.4837320000  -40.0034908300  0.1514720007  -39.8520188293
1806.6178690000  -40.0059550600  0.1539340112  -39.8520210488
1810.7520060000  -40.0083253500  0.1563021262  -39.8520232238
1814.8861430000  -40.0105685600  0.1585430890  -39.8520254710
1819.0202800000  -40.0126495900  0.1606216765  -39.8520279135
1823.1544170000  -40.0145317500  0.1625015095  -39.8520302405
1827.2885540000  -40.0161787500  0.1641460854  -39.8520326646
1831.4226910000  -40.0175547800  0.1655200778  -39.8520347022
1835.5568280000  -40.0186273900  0.1665908285  -39.8520365615
1839.6909650000  -40.0193683000  0.1673303997  -39.8520379003
1843.8251020000  -40.0197562400  0.1677178141  -39.8520384259
1847.9592390000  -40.0197789500  0.1677409102  -39.8520380398
1852.0933760000  -40.0194363100  0.1673992910  -39.8520370190
1856.2275130000  -40.0187411300  0.1667064200  -39.8520347100
1860.3616500000  -40.0177224600  0.1656911573  -39.8520313027
1864.4957870000  -40.0164256600  0.1643990272  -39.8520266328
1868.6299240000  -40.0149121700  0.1628910351  -39.8520211349
1872.7640610000  -40.0132572000  0.1612420685  -39.8520151315
1876.8981980000  -40.0115455600  0.1595367358  -39.8520088242
1881.0323350000  -40.0098654100  0.1578627036  -39.8520027064
1885.1664720000  -40.0083008800  0.1563033713  -39.8519975087
1889.3006090000  -40.0069234800  0.1549298347  -39.8519936453
1893.4347460000  -40.0057854400  0.1537936563  -39.8519917837
1897.5688830000  -40.0049133900  0.1529214727  -39.8519919173
1901.7030200000  -40.0043064500  0.1523124038  -39.8519940462
1905.8371570000  -40.0039366900  0.1519388630  -39.8519978270
1909.9712940000  -40.0037535700  0.1517507077  -39.8520028623
1914.1054310000  -40.0036903500  0.1516817878  -39.8520085622
1918.2395680000  -40.0036719900  0.1516576399  -39.8520143501
1922.3737050000  -40.0036228000  0.1516031208  -39.8520196792
1926.5078420000  -40.0034735200  0.1514492365  -39.8520242835
1930.6419790000  -40.0031656400  0.1511379818  -39.8520276582
1934.7761160000  -40.0026552400  0.1506251776  -39.8520300624
1938.9102530000  -40.0019130900  0.1498817442  -39.8520313458
1943.0443900000  -40.0009249100  0.1488932640  -39.8520316460
1947.1785270000  -39.9996895500  0.1476584555  -39.8520310945
1951.3126640000  -39.9982169600  0.1461870450  -39.8520299150
1955.4468010000  -39.9965256600  0.1444973970  -39.8520282630
1959.5809380000  -39.9946404200  0.1426141289  -39.8520262911
1963.7150750000  -39.9925901500  0.1405659283  -39.8520242217
1967.8492120000  -39.9904061200  0.1383836855  -39.8520224345
1971.9833490000  -39.9881191500  0.1360988645  -39.8520202855
1976.1174860000  -39.9857610400  0.1337425982  -39.8520184418
1980.2516230000  -39.9833614300  0.1313447861  -39.8520166439
1984.3857600000  -39.9809481900  0.1289332300  -39.8520149600
1988.5198970000  -39.9785468900  0.1265333843  -39.8520135057
1992.6540340000  -39.9761811300  0.1241681925  -39.8520129375
1996.7881710000  -39.9738698900  0.1218580089  -39.8520118811
2000.9223080000  -39.9716315400  0.1196205859  -39.8520109541
2005.0564450000  -39.9694815100  0.1174712858  -39.8520102242
2009.1905820000  -39.9674320000  0.1154230597  -39.8520089403
2013.3247190000  -39.9654953300  0.1134866807  -39.8520086493
2017.4588560000  -39.9636792000  0.1116710138  -39.8520081862
2021.5929930000  -39.9619907100  0.1099831705  -39.8520075395
2025.7271300000  -39.9604358500  0.1084285449  -39.8520073051
2029.8612670000  -39.9590182700  0.1070110945  -39.8520071755
2033.9954040000  -39.9577407200  0.1057336555  -39.8520070645
2038.1295410000  -39.9566048500  0.1045978401  -39.8520070099
2042.2636780000  -39.9556111900  0.1036042292  -39.8520069608
2046.3978150000  -39.9547592800  0.1027524479  -39.8520068321
2050.5319520000  -39.9540482600  0.1020413571  -39.8520069029
2054.6660890000  -39.9534761200  0.1014690712  -39.8520070488
2058.8002260000  -39.9530404000  0.1010330579  -39.8520073421
2062.9343630000  -39.9527379500  0.1007302783  -39.8520076717
2067.0685000000  -39.9525651800  0.1005570872  -39.8520080928
2071.2026370000  -39.9525178900  0.1005093839  -39.8520085061
