    540.000000000000	      0.057939347382
    540.010000000000	      0.058300128092
    540.020000000000	      0.058664345506
    540.030000000000	      0.059032043708
    540.040000000000	      0.059403267486
    540.050000000000	      0.059778062355
    540.060000000000	      0.060156474563
    540.070000000000	      0.060538551112
    540.080000000000	      0.060924339767
    540.090000000000	      0.061313889074
    540.100000000000	      0.061707248375
    540.110000000000	      0.062104467823
    540.120000000000	      0.062505598398
    540.130000000000	      0.062910691924
    540.140000000000	      0.063319801085
    540.150000000000	      0.063732979441
    540.160000000000	      0.064150281449
    540.170000000000	      0.064571762478
    540.180000000000	      0.064997478826
    540.190000000000	      0.065427487743
    540.200000000000	      0.065861847446
    540.210000000000	      0.066300617143
    540.220000000000	      0.066743857048
    540.230000000000	      0.067191628404
    540.240000000000	      0.067643993507
    540.250000000000	      0.068101015721
    540.260000000000	      0.068562759505
    540.270000000000	      0.069029290436
    540.280000000000	      0.069500675227
    540.290000000000	      0.069976981755
    540.300000000000	      0.070458279086
    540.310000000000	      0.070944637495
    540.320000000000	      0.071436128497
    540.330000000000	      0.071932824868
    540.340000000000	      0.072434800676
    540.350000000000	      0.072942131304
    540.360000000000	      0.073454893482
    540.370000000000	      0.073973165314
    540.380000000000	      0.074497026304
    540.390000000000	      0.075026557394
    540.400000000000	      0.075561840986
    540.410000000000	      0.076102960981
    540.420000000000	      0.076650002805
    540.430000000000	      0.077203053447
    540.440000000000	      0.077762201491
    540.450000000000	      0.078327537151
    540.460000000000	      0.078899152306
    540.470000000000	      0.079477140538
    540.480000000000	      0.080061597171
    540.490000000000	      0.080652619303
    540.500000000000	      0.081250305855
    540.510000000000	      0.081854757603
    540.520000000000	      0.082466077225
    540.530000000000	      0.083084369342
    540.540000000000	      0.083709740560
    540.549999999999	      0.084342299518
    540.559999999999	      0.084982156932
    540.569999999999	      0.085629425642
    540.579999999999	      0.086284220662
    540.589999999999	      0.086946659229
    540.599999999999	      0.087616860853
    540.609999999999	      0.088294947373
    540.619999999999	      0.088981043004
    540.629999999999	      0.089675274400
    540.639999999999	      0.090377770705
    540.649999999999	      0.091088663616
    540.659999999999	      0.091808087437
    540.669999999999	      0.092536179146
    540.679999999999	      0.093273078453
    540.689999999999	      0.094018927870
    540.699999999999	      0.094773872774
    540.709999999999	      0.095538061474
    540.719999999999	      0.096311645286
    540.729999999999	      0.097094778602
    540.739999999999	      0.097887618964
    540.749999999999	      0.098690327139
    540.759999999999	      0.099503067202
    540.769999999999	      0.100326006611
    540.779999999999	      0.101159316293
    540.789999999999	      0.102003170728
    540.799999999999	      0.102857748035
    540.809999999999	      0.103723230064
    540.819999999999	      0.104599802488
    540.829999999999	      0.105487654895
    540.839999999999	      0.106386980890
    540.849999999999	      0.107297978192
    540.859999999999	      0.108220848739
    540.869999999999	      0.109155798793
    540.879999999999	      0.110103039052
    540.889999999999	      0.111062784757
    540.899999999999	      0.112035255815
    540.909999999999	      0.113020676909
    540.919999999999	      0.114019277629
    540.929999999999	      0.115031292595
    540.939999999999	      0.116056961582
    540.949999999999	      0.117096529660
    540.959999999999	      0.118150247330
    540.969999999999	      0.119218370662
    540.979999999999	      0.120301161444
    540.989999999999	      0.121398887331
    540.999999999999	      0.122511821998
    541.009999999999	      0.123640245302
    541.019999999999	      0.124784443441
    541.029999999999	      0.125944709129
    541.039999999999	      0.127121341762
    541.049999999999	      0.128314647606
    541.059999999999	      0.129524939971
    541.069999999999	      0.130752539410
    541.079999999999	      0.131997773908
    541.089999999999	      0.133260979090
    541.099999999999	      0.134542498422
    541.109999999999	      0.135842683427
    541.119999999999	      0.137161893912
    541.129999999999	      0.138500498184
    541.139999999999	      0.139858873296
    541.149999999999	      0.141237405279
    541.159999999999	      0.142636489398
    541.169999999999	      0.144056530404
    541.179999999999	      0.145497942804
    541.189999999999	      0.146961151129
    541.199999999999	      0.148446590216
    541.209999999999	      0.149954705504
    541.219999999999	      0.151485953327
    541.229999999999	      0.153040801226
    541.239999999999	      0.154619728265
    541.249999999999	      0.156223225366
    541.259999999999	      0.157851795639
    541.269999999999	      0.159505954739
    541.279999999999	      0.161186231223
    541.289999999999	      0.162893166924
    541.299999999999	      0.164627317333
    541.309999999999	      0.166389251998
    541.319999999999	      0.168179554931
    541.329999999999	      0.169998825029
    541.339999999999	      0.171847676512
    541.349999999999	      0.173726739371
    541.359999999999	      0.175636659830
    541.369999999999	      0.177578100826
    541.379999999999	      0.179551742503
    541.389999999999	      0.181558282722
    541.399999999999	      0.183598437583
    541.409999999999	      0.185672941973
    541.419999999999	      0.187782550120
    541.429999999999	      0.189928036177
    541.439999999999	      0.192110194815
    541.449999999999	      0.194329841836
    541.459999999999	      0.196587814815
    541.469999999999	      0.198884973748
    541.479999999999	      0.201222201732
    541.489999999999	      0.203600405663
    541.499999999999	      0.206020516953
    541.509999999999	      0.208483492274
    541.519999999999	      0.210990314326
    541.529999999999	      0.213541992624
    541.539999999999	      0.216139564314
    541.549999999999	      0.218784095014
    541.559999999999	      0.221476679679
    541.569999999999	      0.224218443498
    541.579999999999	      0.227010542809
    541.589999999999	      0.229854166055
    541.599999999999	      0.232750534758
    541.609999999999	      0.235700904527
    541.619999999999	      0.238706566100
    541.629999999999	      0.241768846408
    541.639999999999	      0.244889109679
    541.649999999998	      0.248068758572
    541.659999999998	      0.251309235342
    541.669999999998	      0.254612023036
    541.679999999998	      0.257978646733
    541.689999999998	      0.261410674809
    541.699999999998	      0.264909720238
    541.709999999998	      0.268477441932
    541.719999999998	      0.272115546116
    541.729999999998	      0.275825787734
    541.739999999998	      0.279609971897
    541.749999999998	      0.283469955363
    541.759999999998	      0.287407648053
    541.769999999998	      0.291425014607
    541.779999999998	      0.295524075966
    541.789999999998	      0.299706910997
    541.799999999998	      0.303975658146
    541.809999999998	      0.308332517130
    541.819999999998	      0.312779750651
    541.829999999998	      0.317319686148
    541.839999999998	      0.321954717571
    541.849999999998	      0.326687307187
    541.859999999998	      0.331519987399
    541.869999999998	      0.336455362595
    541.879999999998	      0.341496111009
    541.889999999998	      0.346644986591
    541.899999999998	      0.351904820889
    541.909999999998	      0.357278524931
    541.919999999998	      0.362769091105
    541.929999999998	      0.368379595026
    541.939999999998	      0.374113197385
    541.949999999998	      0.379973145770
    541.959999999998	      0.385962776454
    541.969999999998	      0.392085516131
    541.979999999998	      0.398344883592
    541.989999999998	      0.404744491333
    541.999999999998	      0.411288047065
    542.009999999998	      0.417979355131
    542.019999999998	      0.424822317785
    542.029999999998	      0.431820936340
    542.039999999998	      0.438979312141
    542.049999999998	      0.446301647349
    542.059999999998	      0.453792245501
    542.069999999998	      0.461455511828
    542.079999999998	      0.469295953285
    542.089999999998	      0.477318178258
    542.099999999998	      0.485526895916
    542.109999999998	      0.493926915158
    542.119999999998	      0.502523143108
    542.129999999998	      0.511320583103
    542.139999999998	      0.520324332120
    542.149999999998	      0.529539577585
    542.159999999998	      0.538971593484
    542.169999999998	      0.548625735707
    542.179999999998	      0.558507436561
    542.189999999998	      0.568622198334
    542.199999999998	      0.578975585854
    542.209999999998	      0.589573217912
    542.219999999998	      0.600420757461
    542.229999999998	      0.611523900467
    542.239999999998	      0.622888363291
    542.249999999998	      0.634519868474
    542.259999999998	      0.646424128773
    542.269999999998	      0.658606829313
    542.279999999998	      0.671073607692
    542.289999999998	      0.683830031872
    542.299999999998	      0.696881575684
    542.309999999998	      0.710233591764
    542.319999999998	      0.723891281735
    542.329999999998	      0.737859663441
    542.339999999998	      0.752143535025
    542.349999999998	      0.766747435664
    542.359999999998	      0.781675602742
    542.369999999998	      0.796931925272
    542.379999999998	      0.812519893357
    542.389999999998	      0.828442543512
    542.399999999998	      0.844702399649
    542.409999999998	      0.861301409589
    542.419999999998	      0.878240876929
    542.429999999998	      0.895521388184
    542.439999999998	      0.913142735096
    542.449999999998	      0.931103832099
    542.459999999998	      0.949402628953
    542.469999999998	      0.968036018624
    542.479999999998	      0.986999740577
    542.489999999998	      1.006288279710
    542.499999999998	      1.025894761294
    542.509999999998	      1.045810842343
    542.519999999998	      1.066026600023
    542.529999999998	      1.086530417794
    542.539999999998	      1.107308870190
    542.549999999998	      1.128346607247
    542.559999999998	      1.149626239837
    542.569999999998	      1.171128227303
    542.579999999998	      1.192830769020
    542.589999999998	      1.214709701710
    542.599999999998	      1.236738404543
    542.609999999998	      1.258887714247
    542.619999999998	      1.281125852679
    542.629999999998	      1.303418369445
    542.639999999998	      1.325728102347
    542.649999999998	      1.348015158510
    542.659999999998	      1.370236919165
    542.669999999998	      1.392348071029
    542.679999999998	      1.414300667220
    542.689999999998	      1.436044220489
    542.699999999998	      1.457525831336
    542.709999999998	      1.478690353304
    542.719999999998	      1.499480597274
    542.729999999998	      1.519837576112
    542.739999999998	      1.539700790369
    542.749999999997	      1.559008554981
    542.759999999997	      1.577698366123
    542.769999999997	      1.595707306395
    542.779999999997	      1.612972485589
    542.789999999997	      1.629431513203
    542.799999999997	      1.645022997856
    542.809999999997	      1.659687067726
    542.819999999997	      1.673365905163
    542.829999999997	      1.686004287771
    542.839999999997	      1.697550127513
    542.849999999997	      1.707954998866
    542.859999999997	      1.717174646689
    542.869999999997	      1.725169464395
    542.879999999997	      1.731904933181
    542.889999999997	      1.737352013506
    542.899999999997	      1.741487480741
    542.909999999997	      1.744294197885
    542.919999999997	      1.745761319457
    542.929999999997	      1.745884422110
    542.939999999997	      1.744665559072
    542.949999999997	      1.742113237200
    542.959999999997	      1.738242317178
    542.969999999997	      1.733073839049
    542.979999999997	      1.726634776947
    542.989999999997	      1.718957728339
    542.999999999997	      1.710080544420
    543.009999999997	      1.700045909391
    543.019999999997	      1.688900877133
    543.029999999997	      1.676696374412
    543.039999999997	      1.663486679969
    543.049999999997	      1.649328888902
    543.059999999997	      1.634282371482
    543.069999999997	      1.618408235096
    543.079999999997	      1.601768797330
    543.089999999997	      1.584427077418
    543.099999999997	      1.566446312316
    543.109999999997	      1.547889502702
    543.119999999997	      1.528818993108
    543.129999999997	      1.509296089413
    543.139999999997	      1.489380715849
    543.149999999997	      1.469131112790
    543.159999999997	      1.448603575658
    543.169999999997	      1.427852234552
    543.179999999997	      1.406928873508
    543.189999999997	      1.385882787724
    543.199999999997	      1.364760676652
    543.209999999997	      1.343606570489
    543.219999999997	      1.322461787345
    543.229999999997	      1.301364918226
    543.239999999997	      1.280351836861
    543.249999999997	      1.259455731428
    543.259999999997	      1.238707155245
    543.269999999997	      1.218134093639
    543.279999999997	      1.197762044299
    543.289999999997	      1.177614108621
    543.299999999997	      1.157711091730
    543.309999999997	      1.138071609050
    543.319999999997	      1.118712197525
    543.329999999997	      1.099647429793
    543.339999999997	      1.080890029799
    543.349999999997	      1.062450988567
    543.359999999997	      1.044339678989
    543.369999999997	      1.026563968719
    543.379999999997	      1.009130330365
    543.389999999997	      0.992043948357
    543.399999999997	      0.975308821986
    543.409999999997	      0.958927864224
    543.419999999997	      0.942902996051
    543.429999999997	      0.927235236095
    543.439999999997	      0.911924785475
    543.449999999997	      0.896971107803
    543.459999999997	      0.882373004358
    543.469999999997	      0.868128684492
    543.479999999997	      0.854235831375
    543.489999999997	      0.840691663192
    543.499999999997	      0.827492989970
    543.509999999997	      0.814636266185
    543.519999999997	      0.802117639354
    543.529999999997	      0.789932994801
    543.539999999997	      0.778077996799
    543.549999999997	      0.766548126286
    543.559999999997	      0.755338715374
    543.569999999997	      0.744444978832
    543.579999999997	      0.733862042756
    543.589999999997	      0.723584970608
    543.599999999997	      0.713608786815
    543.609999999997	      0.703928498096
    543.619999999997	      0.694539112697
    543.629999999997	      0.685435657687
    543.639999999997	      0.676613194476
    543.649999999997	      0.668066832687
    543.659999999997	      0.659791742526
    543.669999999997	      0.651783165781
    543.679999999997	      0.644036425556
    543.689999999997	      0.636546934862
    543.699999999997	      0.629310204164
    543.709999999997	      0.622321847979
    543.719999999997	      0.615577590618
    543.729999999997	      0.609073271151
    543.739999999997	      0.602804847667
    543.749999999997	      0.596768400914
    543.759999999997	      0.590960137361
    543.769999999997	      0.585376391761
    543.779999999997	      0.580013629261
    543.789999999997	      0.574868447105
    543.799999999997	      0.569937575985
    543.809999999997	      0.565217881068
    543.819999999997	      0.560706362755
    543.829999999997	      0.556400157184
    543.839999999997	      0.552296536527
    543.849999999996	      0.548392909097
    543.859999999996	      0.544686819294
    543.869999999996	      0.541175947415
    543.879999999996	      0.537858109340
    543.889999999996	      0.534731256121
    543.899999999996	      0.531793473483
    543.909999999996	      0.529042981251
    543.919999999996	      0.526478132715
    543.929999999996	      0.524097413949
    543.939999999996	      0.521899443077
    543.949999999996	      0.519882969511
    543.959999999996	      0.518046873147
    543.969999999996	      0.516390163536
    543.979999999996	      0.514911979028
    543.989999999996	      0.513611585880
    543.999999999996	      0.512488377345
    544.009999999996	      0.511541872720
    544.019999999996	      0.510771716358
    544.029999999996	      0.510177676641
    544.039999999996	      0.509759644899
    544.049999999996	      0.509517634271
    544.059999999996	      0.509451778495
    544.069999999996	      0.509562330617
    544.079999999996	      0.509849661601
    544.089999999996	      0.510314258825
    544.099999999996	      0.510956724454
    544.109999999996	      0.511777773648
    544.119999999996	      0.512778232610
    544.129999999996	      0.513959036424
    544.139999999996	      0.515321226677
    544.149999999996	      0.516865948816
    544.159999999996	      0.518594449219
    544.169999999996	      0.520508071946
    544.179999999996	      0.522608255115
    544.189999999996	      0.524896526884
    544.199999999996	      0.527374500966
    544.209999999996	      0.530043871652
    544.219999999996	      0.532906408275
    544.229999999996	      0.535963949051
    544.239999999996	      0.539218394251
    544.249999999996	      0.542671698623
    544.259999999996	      0.546325863003
    544.269999999996	      0.550182925023
    544.279999999996	      0.554244948856
    544.289999999996	      0.558514013889
    544.299999999996	      0.562992202253
    544.309999999996	      0.567681585100
    544.319999999996	      0.572584207530
    544.329999999996	      0.577702072069
    544.339999999996	      0.583037120578
    544.349999999996	      0.588591214493
    544.359999999996	      0.594366113273
    544.369999999996	      0.600363450935
    544.379999999996	      0.606584710576
    544.389999999996	      0.613031196747
    544.399999999996	      0.619704005572
    544.409999999996	      0.626603992505
    544.419999999996	      0.633731737625
    544.429999999996	      0.641087508358
    544.439999999996	      0.648671219572
    544.449999999996	      0.656482390962
    544.459999999996	      0.664520101692
    544.469999999996	      0.672782942267
    544.479999999996	      0.681268963665
    544.489999999996	      0.689975623760
    544.499999999996	      0.698899731142
    544.509999999996	      0.708037386475
    544.519999999996	      0.717383921593
    544.529999999996	      0.726933836588
    544.539999999996	      0.736680735255
    544.549999999996	      0.746617259283
    544.559999999996	      0.756735021726
    544.569999999996	      0.767024540348
    544.579999999996	      0.777475171552
    544.589999999996	      0.788075045722
    544.599999999996	      0.798811004915
    544.609999999996	      0.809668543945
    544.619999999996	      0.820631756056
    544.629999999996	      0.831683284450
    544.639999999996	      0.842804281101
    544.649999999996	      0.853974374325
    544.659999999996	      0.865171646724
    544.669999999996	      0.876372625135
    544.679999999996	      0.887552284292
    544.689999999996	      0.898684065893
    544.699999999996	      0.909739914734
    544.709999999996	      0.920690333522
    544.719999999996	      0.931504457804
    544.729999999996	      0.942150152316
    544.739999999996	      0.952594129778
    544.749999999996	      0.962802092882
    544.759999999996	      0.972738899819
    544.769999999996	      0.982368753321
    544.779999999996	      0.991655412634
    544.789999999996	      1.000562427378
    544.799999999996	      1.009053391637
    544.809999999996	      1.017092216044
    544.819999999996	      1.024643415030
    544.829999999996	      1.031672405804
    544.839999999996	      1.038145815124
    544.849999999996	      1.044031789358
    544.859999999996	      1.049300303009
    544.869999999996	      1.053923460500
    544.879999999996	      1.057875785867
    544.889999999996	      1.061134494988
    544.899999999996	      1.063679745024
    544.909999999996	      1.065494856083
    544.919999999996	      1.066566500507
    544.929999999996	      1.066884855759
    544.939999999996	      1.066443717604
    544.949999999995	      1.065240571104
    544.959999999995	      1.063276617848
    544.969999999995	      1.060556758807
    544.979999999995	      1.057089533195
    544.989999999995	      1.052887014695
    544.999999999995	      1.047964667307
    545.009999999995	      1.042341163981
    545.019999999995	      1.036038171855
    545.029999999995	      1.029080108605
    545.039999999995	      1.021493874814
    545.049999999995	      1.013308567619
    545.059999999995	      1.004555180997
    545.069999999995	      0.995266298089
    545.079999999995	      0.985475780778
    545.089999999995	      0.975218461474
    545.099999999995	      0.964529841669
    545.109999999995	      0.953445801354
    545.119999999995	      0.942002322842
    545.129999999995	      0.930235231983
    545.139999999995	      0.918179959126
    545.149999999995	      0.905871321635
    545.159999999995	      0.893343329144
    545.169999999995	      0.880629012214
    545.179999999995	      0.867760274574
    545.189999999995	      0.854767768662
    545.199999999995	      0.841680793802
    545.209999999995	      0.828527216069
    545.219999999995	      0.815333408579
    545.229999999995	      0.802124210806
    545.239999999995	      0.788922905334
    545.249999999995	      0.775751210413
    545.259999999995	      0.762629286601
    545.269999999995	      0.749575755812
    545.279999999995	      0.736607731095
    545.289999999995	      0.723740855536
    545.299999999995	      0.710989348771
    545.309999999995	      0.698366059669
    545.319999999995	      0.685882523875
    545.329999999995	      0.673549025011
    545.339999999995	      0.661374658443
    545.349999999995	      0.649367396657
    545.359999999995	      0.637534155397
    545.369999999995	      0.625880859817
    545.379999999995	      0.614412510027
    545.389999999995	      0.603133245496
    545.399999999995	      0.592046407877
    545.409999999995	      0.581154601887
    545.419999999995	      0.570459753967
    545.429999999995	      0.559963168507
    545.439999999995	      0.549665581476
    545.449999999995	      0.539567211351
    545.459999999995	      0.529667807297
    545.469999999995	      0.519966694551
    545.479999999995	      0.510462817052
    545.489999999995	      0.501154777327
    545.499999999995	      0.492040873703
    545.509999999995	      0.483119134920
    545.519999999995	      0.474387352239
    545.529999999995	      0.465843109131
    545.539999999995	      0.457483808673
    545.549999999995	      0.449306698748
    545.559999999995	      0.441308895173
    545.569999999995	      0.433487402871
    545.579999999995	      0.425839135196
    545.589999999995	      0.418360931538
    545.599999999995	      0.411049573311
    545.609999999995	      0.403901798432
    545.619999999995	      0.396914314406
    545.629999999995	      0.390083810109
    545.639999999995	      0.383406966368
    545.649999999995	      0.376880465427
    545.659999999995	      0.370500999399
    545.669999999995	      0.364265277762
    545.679999999995	      0.358170034000
    545.689999999995	      0.352212031447
    545.699999999995	      0.346388068404
    545.709999999995	      0.340694982597
    545.719999999995	      0.335129655029
    545.729999999995	      0.329689013281
    545.739999999995	      0.324370034319
    545.749999999995	      0.319169746843
    545.759999999995	      0.314085233230
    545.769999999995	      0.309113631109
    545.779999999995	      0.304252134600
    545.789999999995	      0.299497995255
    545.799999999995	      0.294848522735
    545.809999999995	      0.290301085239
    545.819999999995	      0.285853109726
    545.829999999995	      0.281502081943
    545.839999999995	      0.277245546290
    545.849999999995	      0.273081105524
    545.859999999995	      0.269006420347
    545.869999999995	      0.265019208870
    545.879999999995	      0.261117245975
    545.889999999995	      0.257298362600
    545.899999999995	      0.253560444941
    545.909999999995	      0.249901433594
    545.919999999995	      0.246319322645
    545.929999999995	      0.242812158710
    545.939999999995	      0.239378039944
    545.949999999995	      0.236015115021
    545.959999999995	      0.232721582084
    545.969999999995	      0.229495687685
    545.979999999995	      0.226335725710
    545.989999999995	      0.223240036299
    545.999999999995	      0.220207004758
    546.009999999995	      0.217235060477
    546.019999999995	      0.214322675843
    546.029999999995	      0.211468365175
    546.039999999995	      0.208670683647
    546.049999999994	      0.205928226238
    546.059999999994	      0.203239626690
    546.069999999994	      0.200603556474
    546.079999999994	      0.198018723785
    546.089999999994	      0.195483872537
    546.099999999994	      0.192997781392
    546.109999999994	      0.190559262796
    546.119999999994	      0.188167162041
    546.129999999994	      0.185820356338
    546.139999999994	      0.183517753926
    546.149999999994	      0.181258293182
    546.159999999994	      0.179040941767
    546.169999999994	      0.176864695781
    546.179999999994	      0.174728578952
    546.189999999994	      0.172631641831
    546.199999999994	      0.170572961015
    546.209999999994	      0.168551638393
    546.219999999994	      0.166566800408
    546.229999999994	      0.164617597336
    546.239999999994	      0.162703202594
    546.249999999994	      0.160822812056
    546.259999999994	      0.158975643398
    546.269999999994	      0.157160935456
    546.279999999994	      0.155377947604
    546.289999999994	      0.153625959147
    546.299999999994	      0.151904268740
    546.309999999994	      0.150212193812
    546.319999999994	      0.148549070019
    546.329999999994	      0.146914250703
    546.339999999994	      0.145307106376
    546.349999999994	      0.143727024211
    546.359999999994	      0.142173407555
    546.369999999994	      0.140645675455
    546.379999999994	      0.139143262196
    546.389999999994	      0.137665616853
    546.399999999994	      0.136212202864
    546.409999999994	      0.134782497604
    546.419999999994	      0.133375991981
    546.429999999994	      0.131992190046
    546.439999999994	      0.130630608602
    546.449999999994	      0.129290776842
    546.459999999994	      0.127972235987
    546.469999999994	      0.126674538938
    546.479999999994	      0.125397249937
    546.489999999994	      0.124139944245
    546.499999999994	      0.122902207824
    546.509999999994	      0.121683637026
    546.519999999994	      0.120483838301
    546.529999999994	      0.119302427909
    546.539999999994	      0.118139031635
    546.549999999994	      0.116993284525
    546.559999999994	      0.115864830620
    546.569999999994	      0.114753322704
    546.579999999994	      0.113658422056
    546.589999999994	      0.112579798211
    546.599999999994	      0.111517128733
    546.609999999994	      0.110470098983
    546.619999999994	      0.109438401910
    546.629999999994	      0.108421737833
    546.639999999994	      0.107419814243
    546.649999999994	      0.106432345599
    546.659999999994	      0.105459053141
    546.669999999994	      0.104499664701
    546.679999999994	      0.103553914524
    546.689999999994	      0.102621543092
    546.699999999994	      0.101702296954
    546.709999999994	      0.100795928562
    546.719999999994	      0.099902196111
    546.729999999994	      0.099020863386
    546.739999999994	      0.098151699608
    546.749999999994	      0.097294479293
    546.759999999994	      0.096448982106
    546.769999999994	      0.095614992727
    546.779999999994	      0.094792300717
    546.789999999994	      0.093980700389
    546.799999999994	      0.093179990684
    546.809999999994	      0.092389975045
    546.819999999994	      0.091610461305
    546.829999999994	      0.090841261567
    546.839999999994	      0.090082192100
    546.849999999994	      0.089333073220
    546.859999999994	      0.088593729198
    546.869999999994	      0.087863988148
    546.879999999994	      0.087143681934
    546.889999999994	      0.086432646073
    546.899999999994	      0.085730719639
    546.909999999994	      0.085037745177
    546.919999999994	      0.084353568611
    546.929999999994	      0.083678039163
    546.939999999994	      0.083011009267
    546.949999999994	      0.082352334487
    546.959999999994	      0.081701873443
    546.969999999994	      0.081059487733
    546.979999999994	      0.080425041857
    546.989999999994	      0.079798403150
    546.999999999994	      0.079179441707
    547.009999999994	      0.078568030318
    547.019999999994	      0.077964044403
    547.029999999994	      0.077367361943
    547.039999999994	      0.076777863426
    547.049999999994	      0.076195431776
    547.059999999994	      0.075619952304
    547.069999999994	      0.075051312644
    547.079999999994	      0.074489402699
    547.089999999994	      0.073934114588
    547.099999999994	      0.073385342593
    547.109999999994	      0.072842983106
    547.119999999994	      0.072306934581
    547.129999999994	      0.071777097483
    547.139999999994	      0.071253374245
    547.149999999993	      0.070735669216
    547.159999999993	      0.070223888622
    547.169999999993	      0.069717940520
    547.179999999993	      0.069217734753
    547.189999999993	      0.068723182914
    547.199999999993	      0.068234198302
    547.209999999993	      0.067750695883
    547.219999999993	      0.067272592253
    547.229999999993	      0.066799805602
    547.239999999993	      0.066332255676
    547.249999999993	      0.065869863740
    547.259999999993	      0.065412552549
    547.269999999993	      0.064960246310
    547.279999999993	      0.064512870651
    547.289999999993	      0.064070352590
    547.299999999993	      0.063632620502
    547.309999999993	      0.063199604091
    547.319999999993	      0.062771234361
    547.329999999993	      0.062347443586
    547.339999999993	      0.061928165280
    547.349999999993	      0.061513334175
    547.359999999993	      0.061102886190
    547.369999999993	      0.060696758410
    547.379999999993	      0.060294889054
    547.389999999993	      0.059897217456
    547.399999999993	      0.059503684040
    547.409999999993	      0.059114230295
    547.419999999993	      0.058728798753
    547.429999999993	      0.058347332967
    547.439999999993	      0.057969777490
    547.449999999993	      0.057596077854
    547.459999999993	      0.057226180546
    547.469999999993	      0.056860032992
    547.479999999993	      0.056497583537
    547.489999999993	      0.056138781422
    547.499999999993	      0.055783576769
    547.509999999993	      0.055431920564
    547.519999999993	      0.055083764633
    547.529999999993	      0.054739061632
    547.539999999993	      0.054397765024
    547.549999999993	      0.054059829067
    547.559999999993	      0.053725208794
    547.569999999993	      0.053393860001
    547.579999999993	      0.053065739228
    547.589999999993	      0.052740803747
    547.599999999993	      0.052419011544
    547.609999999993	      0.052100321308
    547.619999999993	      0.051784692415
    547.629999999993	      0.051472084914
    547.639999999993	      0.051162459517
    547.649999999993	      0.050855777580
    547.659999999993	      0.050552001095
    547.669999999993	      0.050251092676
    547.679999999993	      0.049953015548
    547.689999999993	      0.049657733530
    547.699999999993	      0.049365211033
    547.709999999993	      0.049075413037
    547.719999999993	      0.048788305090
    547.729999999993	      0.048503853292
    547.739999999993	      0.048222024282
    547.749999999993	      0.047942785235
    547.759999999993	      0.047666103846
    547.769999999993	      0.047391948320
    547.779999999993	      0.047120287367
    547.789999999993	      0.046851090187
    547.799999999993	      0.046584326465
    547.809999999993	      0.046319966358
    547.819999999993	      0.046057980490
    547.829999999993	      0.045798339940
    547.839999999993	      0.045541016235
    547.849999999993	      0.045285981344
    547.859999999993	      0.045033207664
    547.869999999993	      0.044782668017
    547.879999999993	      0.044534335642
    547.889999999993	      0.044288184184
    547.899999999993	      0.044044187689
    547.909999999993	      0.043802320596
    547.919999999993	      0.043562557733
    547.929999999993	      0.043324874302
    547.939999999993	      0.043089245882
    547.949999999993	      0.042855648415
    547.959999999993	      0.042624058202
    547.969999999993	      0.042394451897
    547.979999999993	      0.042166806500
    547.989999999993	      0.041941099352
    547.999999999993	      0.041717308126
    548.009999999993	      0.041495410826
    548.019999999993	      0.041275385775
    548.029999999993	      0.041057211615
    548.039999999993	      0.040840867299
    548.049999999993	      0.040626332084
    548.059999999993	      0.040413585528
    548.069999999993	      0.040202607486
    548.079999999993	      0.039993378099
    548.089999999993	      0.039785877797
    548.099999999993	      0.039580087288
    548.109999999993	      0.039375987555
    548.119999999993	      0.039173559852
    548.129999999993	      0.038972785699
    548.139999999993	      0.038773646878
    548.149999999993	      0.038576125426
    548.159999999993	      0.038380203635
    548.169999999993	      0.038185864043
    548.179999999993	      0.037993089434
    548.189999999993	      0.037801862830
    548.199999999993	      0.037612167492
    548.209999999993	      0.037423986909
    548.219999999993	      0.037237304803
    548.229999999993	      0.037052105116
    548.239999999993	      0.036868372013
    548.249999999992	      0.036686089876
    548.259999999992	      0.036505243300
    548.269999999992	      0.036325817091
    548.279999999992	      0.036147796259
    548.289999999992	      0.035971166021
    548.299999999992	      0.035795911790
    548.309999999992	      0.035622019179
    548.319999999992	      0.035449473992
    548.329999999992	      0.035278262224
    548.339999999992	      0.035108370058
    548.349999999992	      0.034939783862
    548.359999999992	      0.034772490183
    548.369999999992	      0.034606475747
    548.379999999992	      0.034441727458
    548.389999999992	      0.034278232390
    548.399999999992	      0.034115977789
    548.409999999992	      0.033954951068
    548.419999999992	      0.033795139803
    548.429999999992	      0.033636531735
    548.439999999992	      0.033479114763
    548.449999999992	      0.033322876944
    548.459999999992	      0.033167806489
    548.469999999992	      0.033013891761
    548.479999999992	      0.032861121275
    548.489999999992	      0.032709483691
    548.499999999992	      0.032558967818
    548.509999999992	      0.032409562604
    548.519999999992	      0.032261257141
    548.529999999992	      0.032114040658
    548.539999999992	      0.031967902523
    548.549999999992	      0.031822832237
    548.559999999992	      0.031678819434
    548.569999999992	      0.031535853878
    548.579999999992	      0.031393925463
    548.589999999992	      0.031253024209
    548.599999999992	      0.031113140261
    548.609999999992	      0.030974263887
    548.619999999992	      0.030836385477
    548.629999999992	      0.030699495539
    548.639999999992	      0.030563584698
    548.649999999992	      0.030428643699
    548.659999999992	      0.030294663396
    548.669999999992	      0.030161634759
    548.679999999992	      0.030029548868
    548.689999999992	      0.029898396911
    548.699999999992	      0.029768170185
    548.709999999992	      0.029638860094
    548.719999999992	      0.029510458145
    548.729999999992	      0.029382955948
    548.739999999992	      0.029256345215
    548.749999999992	      0.029130617760
    548.759999999992	      0.029005765492
    548.769999999992	      0.028881780421
    548.779999999992	      0.028758654651
    548.789999999992	      0.028636380381
    548.799999999992	      0.028514949903
    548.809999999992	      0.028394355601
    548.819999999992	      0.028274589950
    548.829999999992	      0.028155645514
    548.839999999992	      0.028037514946
    548.849999999992	      0.027920190985
    548.859999999992	      0.027803666455
    548.869999999992	      0.027687934267
    548.879999999992	      0.027572987413
    548.889999999992	      0.027458818969
    548.899999999992	      0.027345422090
    548.909999999992	      0.027232790012
    548.919999999992	      0.027120916052
    548.929999999992	      0.027009793601
    548.939999999992	      0.026899416129
    548.949999999992	      0.026789777181
    548.959999999992	      0.026680870378
    548.969999999992	      0.026572689414
    548.979999999992	      0.026465228055
    548.989999999992	      0.026358480139
    548.999999999992	      0.026252439575
    549.009999999992	      0.026147100342
    549.019999999992	      0.026042456488
    549.029999999992	      0.025938502130
    549.039999999992	      0.025835231449
    549.049999999992	      0.025732638696
    549.059999999992	      0.025630718184
    549.069999999992	      0.025529464294
    549.079999999992	      0.025428871468
    549.089999999992	      0.025328934211
    549.099999999992	      0.025229647093
    549.109999999992	      0.025131004741
    549.119999999992	      0.025033001845
    549.129999999992	      0.024935633156
    549.139999999992	      0.024838893480
    549.149999999992	      0.024742777685
    549.159999999992	      0.024647280695
    549.169999999992	      0.024552397490
    549.179999999992	      0.024458123107
    549.189999999992	      0.024364452638
    549.199999999992	      0.024271381229
    549.209999999992	      0.024178904083
    549.219999999992	      0.024087016451
    549.229999999992	      0.023995713642
    549.239999999992	      0.023904991014
    549.249999999992	      0.023814843976
    549.259999999992	      0.023725267989
    549.269999999992	      0.023636258564
    549.279999999992	      0.023547811262
    549.289999999992	      0.023459921692
    549.299999999992	      0.023372585511
    549.309999999992	      0.023285798424
    549.319999999992	      0.023199556183
    549.329999999992	      0.023113854589
    549.339999999992	      0.023028689485
    549.349999999991	      0.022944056763
    549.359999999991	      0.022859952358
    549.369999999991	      0.022776372250
    549.379999999991	      0.022693312462
    549.389999999991	      0.022610769063
    549.399999999991	      0.022528738163
    549.409999999991	      0.022447215914
    549.419999999991	      0.022366198510
    549.429999999991	      0.022285682188
    549.439999999991	      0.022205663226
    549.449999999991	      0.022126137939
    549.459999999991	      0.022047102687
    549.469999999991	      0.021968553867
    549.479999999991	      0.021890487914
    549.489999999991	      0.021812901304
    549.499999999991	      0.021735790550
    549.509999999991	      0.021659152205
    549.519999999991	      0.021582982856
    549.529999999991	      0.021507279130
    549.539999999991	      0.021432037688
    549.549999999991	      0.021357255231
    549.559999999991	      0.021282928492
    549.569999999991	      0.021209054243
    549.579999999991	      0.021135629287
    549.589999999991	      0.021062650465
    549.599999999991	      0.020990114653
    549.609999999991	      0.020918018757
    549.619999999991	      0.020846359720
    549.629999999991	      0.020775134519
    549.639999999991	      0.020704340160
    549.649999999991	      0.020633973685
    549.659999999991	      0.020564032169
    549.669999999991	      0.020494512715
    549.679999999991	      0.020425412461
    549.689999999991	      0.020356728576
    549.699999999991	      0.020288458258
    549.709999999991	      0.020220598739
    549.719999999991	      0.020153147278
    549.729999999991	      0.020086101167
    549.739999999991	      0.020019457726
    549.749999999991	      0.019953214305
    549.759999999991	      0.019887368284
    549.769999999991	      0.019821917072
    549.779999999991	      0.019756858105
    549.789999999991	      0.019692188850
    549.799999999991	      0.019627906800
    549.809999999991	      0.019564009477
    549.819999999991	      0.019500494432
    549.829999999991	      0.019437359240
    549.839999999991	      0.019374601507
    549.849999999991	      0.019312218865
    549.859999999991	      0.019250208970
    549.869999999991	      0.019188569507
    549.879999999991	      0.019127298189
    549.889999999991	      0.019066392751
    549.899999999991	      0.019005850957
    549.909999999991	      0.018945670594
    549.919999999991	      0.018885849478
    549.929999999991	      0.018826385447
    549.939999999991	      0.018767276366
    549.949999999991	      0.018708520124
    549.959999999991	      0.018650114634
    549.969999999991	      0.018592057835
    549.979999999991	      0.018534347689
    549.989999999991	      0.018476982183
