    540.000000000000	      0.047377491541
    540.010000000000	      0.047646792231
    540.020000000000	      0.047918445421
    540.030000000000	      0.048192478820
    540.040000000000	      0.048468920550
    540.050000000000	      0.048747799146
    540.060000000000	      0.049029143570
    540.070000000000	      0.049312983215
    540.080000000000	      0.049599347912
    540.090000000000	      0.049888267940
    540.100000000000	      0.050179774035
    540.110000000000	      0.050473897393
    540.120000000000	      0.050770669686
    540.130000000000	      0.051070123063
    540.140000000000	      0.051372290165
    540.150000000000	      0.051677204127
    540.160000000000	      0.051984898596
    540.170000000000	      0.052295407732
    540.180000000000	      0.052608766223
    540.190000000000	      0.052925009291
    540.200000000000	      0.053244172704
    540.210000000000	      0.053566292788
    540.220000000000	      0.053891406431
    540.230000000000	      0.054219551100
    540.240000000000	      0.054550764850
    540.250000000000	      0.054885086333
    540.260000000000	      0.055222554810
    540.270000000000	      0.055563210165
    540.280000000000	      0.055907092914
    540.290000000000	      0.056254244217
    540.300000000000	      0.056604705894
    540.310000000000	      0.056958520431
    540.320000000000	      0.057315730999
    540.330000000000	      0.057676381464
    540.340000000000	      0.058040516402
    540.350000000000	      0.058408181110
    540.360000000000	      0.058779421623
    540.370000000000	      0.059154284727
    540.380000000000	      0.059532817974
    540.390000000000	      0.059915069696
    540.400000000000	      0.060301089022
    540.410000000000	      0.060690925891
    540.420000000000	      0.061084631073
    540.430000000000	      0.061482256179
    540.440000000000	      0.061883853682
    540.450000000000	      0.062289476933
    540.460000000000	      0.062699180180
    540.470000000000	      0.063113018583
    540.480000000000	      0.063531048234
    540.490000000000	      0.063953326176
    540.500000000000	      0.064379910422
    540.510000000000	      0.064810859976
    540.520000000000	      0.065246234849
    540.530000000000	      0.065686096084
    540.540000000000	      0.066130505777
    540.549999999999	      0.066579527095
    540.559999999999	      0.067033224301
    540.569999999999	      0.067491662776
    540.579999999999	      0.067954909041
    540.589999999999	      0.068423030785
    540.599999999999	      0.068896096882
    540.609999999999	      0.069374177424
    540.619999999999	      0.069857343740
    540.629999999999	      0.070345668425
    540.639999999999	      0.070839225367
    540.649999999999	      0.071338089775
    540.659999999999	      0.071842338204
    540.669999999999	      0.072352048587
    540.679999999999	      0.072867300263
    540.689999999999	      0.073388174006
    540.699999999999	      0.073914752060
    540.709999999999	      0.074447118166
    540.719999999999	      0.074985357599
    540.729999999999	      0.075529557195
    540.739999999999	      0.076079805394
    540.749999999999	      0.076636192267
    540.759999999999	      0.077198809555
    540.769999999999	      0.077767750707
    540.779999999999	      0.078343110918
    540.789999999999	      0.078924987163
    540.799999999999	      0.079513478243
    540.809999999999	      0.080108684822
    540.819999999999	      0.080710709469
    540.829999999999	      0.081319656701
    540.839999999999	      0.081935633030
    540.849999999999	      0.082558747002
    540.859999999999	      0.083189109250
    540.869999999999	      0.083826832536
    540.879999999999	      0.084472031802
    540.889999999999	      0.085124824221
    540.899999999999	      0.085785329248
    540.909999999999	      0.086453668670
    540.919999999999	      0.087129966663
    540.929999999999	      0.087814349846
    540.939999999999	      0.088506947339
    540.949999999999	      0.089207890822
    540.959999999999	      0.089917314593
    540.969999999999	      0.090635355629
    540.979999999999	      0.091362153655
    540.989999999999	      0.092097851202
    540.999999999999	      0.092842593680
    541.009999999999	      0.093596529440
    541.019999999999	      0.094359809852
    541.029999999999	      0.095132589372
    541.039999999999	      0.095915025619
    541.049999999999	      0.096707279449
    541.059999999999	      0.097509515038
    541.069999999999	      0.098321899958
    541.079999999999	      0.099144605264
    541.089999999999	      0.099977805577
    541.099999999999	      0.100821679172
    541.109999999999	      0.101676408071
    541.119999999999	      0.102542178131
    541.129999999999	      0.103419179143
    541.139999999999	      0.104307604929
    541.149999999999	      0.105207653443
    541.159999999999	      0.106119526876
    541.169999999999	      0.107043431760
    541.179999999999	      0.107979579080
    541.189999999999	      0.108928184386
    541.199999999999	      0.109889467911
    541.209999999999	      0.110863654687
    541.219999999999	      0.111850974672
    541.229999999999	      0.112851662875
    541.239999999999	      0.113865959486
    541.249999999999	      0.114894110009
    541.259999999999	      0.115936365404
    541.269999999999	      0.116992982226
    541.279999999999	      0.118064222771
    541.289999999999	      0.119150355230
    541.299999999999	      0.120251653839
    541.309999999999	      0.121368399045
    541.319999999999	      0.122500877666
    541.329999999999	      0.123649383060
    541.339999999999	      0.124814215306
    541.349999999999	      0.125995681376
    541.359999999999	      0.127194095324
    541.369999999999	      0.128409778476
    541.379999999999	      0.129643059630
    541.389999999999	      0.130894275253
    541.399999999999	      0.132163769692
    541.409999999999	      0.133451895394
    541.419999999999	      0.134759013118
    541.429999999999	      0.136085492174
    541.439999999999	      0.137431710651
    541.449999999999	      0.138798055664
    541.459999999999	      0.140184923603
    541.469999999999	      0.141592720391
    541.479999999999	      0.143021861752
    541.489999999999	      0.144472773483
    541.499999999999	      0.145945891738
    541.509999999999	      0.147441663320
    541.519999999999	      0.148960545984
    541.529999999999	      0.150503008745
    541.539999999999	      0.152069532197
    541.549999999999	      0.153660608848
    541.559999999999	      0.155276743457
    541.569999999999	      0.156918453388
    541.579999999999	      0.158586268969
    541.589999999999	      0.160280733872
    541.599999999999	      0.162002405494
    541.609999999999	      0.163751855356
    541.619999999999	      0.165529669518
    541.629999999999	      0.167336448999
    541.639999999999	      0.169172810216
    541.649999999998	      0.171039385436
    541.659999999998	      0.172936823242
    541.669999999998	      0.174865789014
    541.679999999998	      0.176826965425
    541.689999999998	      0.178821052954
    541.699999999998	      0.180848770413
    541.709999999998	      0.182910855498
    541.719999999998	      0.185008065342
    541.729999999998	      0.187141177108
    541.739999999998	      0.189310988580
    541.749999999998	      0.191518318786
    541.759999999998	      0.193764008635
    541.769999999998	      0.196048921578
    541.779999999998	      0.198373944285
    541.789999999998	      0.200739987352
    541.799999999998	      0.203147986018
    541.809999999998	      0.205598900920
    541.819999999998	      0.208093718858
    541.829999999998	      0.210633453591
    541.839999999998	      0.213219146660
    541.849999999998	      0.215851868230
    541.859999999998	      0.218532717966
    541.869999999998	      0.221262825929
    541.879999999998	      0.224043353505
    541.889999999998	      0.226875494363
    541.899999999998	      0.229760475435
    541.909999999998	      0.232699557937
    541.919999999998	      0.235694038409
    541.929999999998	      0.238745249799
    541.939999999998	      0.241854562566
    541.949999999998	      0.245023385826
    541.959999999998	      0.248253168528
    541.969999999998	      0.251545400660
    541.979999999998	      0.254901614497
    541.989999999998	      0.258323385878
    541.999999999998	      0.261812335521
    542.009999999998	      0.265370130374
    542.019999999998	      0.268998485003
    542.029999999998	      0.272699163013
    542.039999999998	      0.276473978513
    542.049999999998	      0.280324797606
    542.059999999998	      0.284253539932
    542.069999999998	      0.288262180230
    542.079999999998	      0.292352749950
    542.089999999998	      0.296527338894
    542.099999999998	      0.300788096896
    542.109999999998	      0.305137235528
    542.119999999998	      0.309577029849
    542.129999999998	      0.314109820181
    542.139999999998	      0.318738013915
    542.149999999998	      0.323464087340
    542.159999999998	      0.328290587507
    542.169999999998	      0.333220134109
    542.179999999998	      0.338255421378
    542.189999999998	      0.343399220003
    542.199999999998	      0.348654379056
    542.209999999998	      0.354023827919
    542.219999999998	      0.359510578221
    542.229999999998	      0.365117725758
    542.239999999998	      0.370848452407
    542.249999999998	      0.376706028010
    542.259999999998	      0.382693812236
    542.269999999998	      0.388815256389
    542.279999999998	      0.395073905175
    542.289999999998	      0.401473398391
    542.299999999998	      0.408017472541
    542.309999999998	      0.414709962350
    542.319999999998	      0.421554802163
    542.329999999998	      0.428556027212
    542.339999999998	      0.435717774723
    542.349999999998	      0.443044284843
    542.359999999998	      0.450539901360
    542.369999999998	      0.458209072183
    542.379999999998	      0.466056349555
    542.389999999998	      0.474086389960
    542.399999999998	      0.482303953686
    542.409999999998	      0.490713904003
    542.419999999998	      0.499321205900
    542.429999999998	      0.508130924350
    542.439999999998	      0.517148222024
    542.449999999998	      0.526378356405
    542.459999999998	      0.535826676246
    542.469999999998	      0.545498617272
    542.479999999998	      0.555399697082
    542.489999999998	      0.565535509138
    542.499999999998	      0.575911715771
    542.509999999998	      0.586534040092
    542.519999999998	      0.597408256710
    542.529999999998	      0.608540181140
    542.539999999998	      0.619935657783
    542.549999999998	      0.631600546337
    542.559999999998	      0.643540706524
    542.569999999998	      0.655761980953
    542.579999999998	      0.668270175991
    542.589999999998	      0.681071040464
    542.599999999998	      0.694170242013
    542.609999999998	      0.707573340934
    542.619999999998	      0.721285761294
    542.629999999998	      0.735312759151
    542.639999999998	      0.749659387659
    542.649999999998	      0.764330458850
    542.659999999998	      0.779330501906
    542.669999999998	      0.794663717680
    542.679999999998	      0.810333929286
    542.689999999998	      0.826344528548
    542.699999999998	      0.842698418103
    542.709999999998	      0.859397949002
    542.719999999998	      0.876444853630
    542.729999999998	      0.893840173822
    542.739999999998	      0.911584184064
    542.749999999997	      0.929676309724
    542.759999999997	      0.948115040285
    542.769999999997	      0.966897837641
    542.779999999997	      0.986021039551
    542.789999999997	      1.005479758452
    542.799999999997	      1.025267775918
    542.809999999997	      1.045377433150
    542.819999999997	      1.065799518018
    542.829999999997	      1.086523149305
    542.839999999997	      1.107535658936
    542.849999999997	      1.128822473181
    542.859999999997	      1.150366993946
    542.869999999997	      1.172150481510
    542.879999999997	      1.194151940221
    542.889999999997	      1.216348008906
    542.899999999997	      1.238712857942
    542.909999999997	      1.261218095175
    542.919999999997	      1.283832683033
    542.929999999997	      1.306522869431
    542.939999999997	      1.329252135201
    542.949999999997	      1.351981160926
    542.959999999997	      1.374667816188
    542.969999999997	      1.397267174261
    542.979999999997	      1.419731555301
    542.989999999997	      1.442010600991
    542.999999999997	      1.464051383434
    543.009999999997	      1.485798550860
    543.019999999997	      1.507194512302
    543.029999999997	      1.528179662991
    543.039999999997	      1.548692651593
    543.049999999997	      1.568670689750
    543.059999999997	      1.588049903570
    543.069999999997	      1.606765725835
    543.079999999997	      1.624753326714
    543.089999999997	      1.641948079724
    543.099999999997	      1.658286058619
    543.109999999997	      1.673704559825
    543.119999999997	      1.688142643993
    543.129999999997	      1.701541689280
    543.139999999997	      1.713845948135
    543.149999999997	      1.725003098685
    543.159999999997	      1.734964781304
    543.169999999997	      1.743687110724
    543.179999999997	      1.751131154035
    543.189999999997	      1.757263365190
    543.199999999997	      1.762055967204
    543.209999999997	      1.765487274089
    543.219999999997	      1.767541945638
    543.229999999997	      1.768211169543
    543.239999999997	      1.767492766832
    543.249999999997	      1.765391218290
    543.259999999997	      1.761917611272
    543.269999999997	      1.757089508100
    543.279999999997	      1.750930738945
    543.289999999997	      1.743471123744
    543.299999999997	      1.734746129151
    543.309999999997	      1.724796467786
    543.319999999997	      1.713667648073
    543.329999999997	      1.701409483706
    543.339999999997	      1.688075572224
    543.349999999997	      1.673722752396
    543.359999999997	      1.658410550014
    543.369999999997	      1.642200621337
    543.379999999997	      1.625156202903
    543.389999999997	      1.607341575667
    543.399999999997	      1.588821550527
    543.409999999997	      1.569660981328
    543.419999999997	      1.549924310374
    543.429999999997	      1.529675150407
    543.439999999997	      1.508975905946
    543.449999999997	      1.487887435861
    543.459999999997	      1.466468758118
    543.469999999997	      1.444776796754
    543.479999999997	      1.422866170389
    543.489999999997	      1.400789020919
    543.499999999997	      1.378594880513
    543.509999999997	      1.356330574577
    543.519999999997	      1.334040158061
    543.529999999997	      1.311764882236
    543.539999999997	      1.289543188940
    543.549999999997	      1.267410729254
    543.559999999997	      1.245400403557
    543.569999999997	      1.223542420011
    543.579999999997	      1.201864368632
    543.589999999997	      1.180391308251
    543.599999999997	      1.159145863863
    543.609999999997	      1.138148332061
    543.619999999997	      1.117416792448
    543.629999999997	      1.096967223156
    543.639999999997	      1.076813618789
    543.649999999997	      1.056968109325
    543.659999999997	      1.037441078724
    543.669999999997	      1.018241282144
    543.679999999997	      0.999375960876
    543.689999999997	      0.980850954232
    543.699999999997	      0.962670807806
    543.709999999997	      0.944838877619
    543.719999999997	      0.927357429806
    543.729999999997	      0.910227735579
    543.739999999997	      0.893450161323
    543.749999999997	      0.877024253706
    543.759999999997	      0.860948819816
    543.769999999997	      0.845222002332
    543.779999999997	      0.829841349813
    543.789999999997	      0.814803882231
    543.799999999997	      0.800106151872
    543.809999999997	      0.785744299792
    543.819999999997	      0.771714107998
    543.829999999997	      0.758011047553
    543.839999999997	      0.744630322814
    543.849999999996	      0.731566912004
    543.859999999996	      0.718815604335
    543.869999999996	      0.706371033879
    543.879999999996	      0.694227710407
    543.889999999996	      0.682380047379
    543.899999999996	      0.670822387298
    543.909999999996	      0.659549024590
    543.919999999996	      0.648554226221
    543.929999999996	      0.637832250186
    543.939999999996	      0.627377362067
    543.949999999996	      0.617183849784
    543.959999999996	      0.607246036701
    543.969999999996	      0.597558293220
    543.979999999996	      0.588115046982
    543.989999999996	      0.578910791807
    543.999999999996	      0.569940095472
    544.009999999996	      0.561197606435
    544.019999999996	      0.552678059607
    544.029999999996	      0.544376281247
    544.039999999996	      0.536287193073
    544.049999999996	      0.528405815663
    544.059999999996	      0.520727271212
    544.069999999996	      0.513246785710
    544.079999999996	      0.505959690608
    544.089999999996	      0.498861424008
    544.099999999996	      0.491947531456
    544.109999999996	      0.485213666347
    544.119999999996	      0.478655590011
    544.129999999996	      0.472269171515
    544.139999999996	      0.466050387199
    544.149999999996	      0.459995319990
    544.159999999996	      0.454100158530
    544.169999999996	      0.448361196123
    544.179999999996	      0.442774829542
    544.189999999996	      0.437337557711
    544.199999999996	      0.432045980280
    544.209999999996	      0.426896796114
    544.219999999996	      0.421886801710
    544.229999999996	      0.417012889550
    544.239999999996	      0.412272046421
    544.249999999996	      0.407661351686
    544.259999999996	      0.403177975541
    544.269999999996	      0.398819177255
    544.279999999996	      0.394582303405
    544.289999999996	      0.390464786104
    544.299999999996	      0.386464141246
    544.309999999996	      0.382577966757
    544.319999999996	      0.378803940869
    544.329999999996	      0.375139820408
    544.339999999996	      0.371583439118
    544.349999999996	      0.368132706007
    544.359999999996	      0.364785603729
    544.369999999996	      0.361540186996
    544.379999999996	      0.358394581037
    544.389999999996	      0.355346980085
    544.399999999996	      0.352395645909
    544.409999999996	      0.349538906392
    544.419999999996	      0.346775154144
    544.429999999996	      0.344102845161
    544.439999999996	      0.341520497538
    544.449999999996	      0.339026690209
    544.459999999996	      0.336620061750
    544.469999999996	      0.334299309218
    544.479999999996	      0.332063187038
    544.489999999996	      0.329910505936
    544.499999999996	      0.327840131920
    544.509999999996	      0.325850985302
    544.519999999996	      0.323942039776
    544.529999999996	      0.322112321525
    544.539999999996	      0.320360908392
    544.549999999996	      0.318686929086
    544.559999999996	      0.317089562428
    544.569999999996	      0.315568036658
    544.579999999996	      0.314121628771
    544.589999999996	      0.312749663902
    544.599999999996	      0.311451514760
    544.609999999996	      0.310226601096
    544.619999999996	      0.309074389224
    544.629999999996	      0.307994391576
    544.639999999996	      0.306986166303
    544.649999999996	      0.306049316922
    544.659999999996	      0.305183491996
    544.669999999996	      0.304388384867
    544.679999999996	      0.303663733418
    544.689999999996	      0.303009319882
    544.699999999996	      0.302424970696
    544.709999999996	      0.301910556385
    544.719999999996	      0.301465991493
    544.729999999996	      0.301091234551
    544.739999999996	      0.300786288090
    544.749999999996	      0.300551198680
    544.759999999996	      0.300386057022
    544.769999999996	      0.300290998070
    544.779999999996	      0.300266201195
    544.789999999996	      0.300311890380
    544.799999999996	      0.300428334462
    544.809999999996	      0.300615847404
    544.819999999996	      0.300874788603
    544.829999999996	      0.301205563239
    544.839999999996	      0.301608622652
    544.849999999996	      0.302084464759
    544.859999999996	      0.302633634502
    544.869999999996	      0.303256724331
    544.879999999996	      0.303954374713
    544.889999999996	      0.304727274683
    544.899999999996	      0.305576162408
    544.909999999996	      0.306501825799
    544.919999999996	      0.307505103130
    544.929999999996	      0.308586883697
    544.939999999996	      0.309748108490
    544.949999999995	      0.310989770893
    544.959999999995	      0.312312917395
    544.969999999995	      0.313718648324
    544.979999999995	      0.315208118584
    544.989999999995	      0.316782538410
    544.999999999995	      0.318443174123
    545.009999999995	      0.320191348886
    545.019999999995	      0.322028443455
    545.029999999995	      0.323955896920
    545.039999999995	      0.325975207436
    545.049999999995	      0.328087932920
    545.059999999995	      0.330295691727
    545.069999999995	      0.332600163288
    545.079999999995	      0.335003088694
    545.089999999995	      0.337506271227
    545.099999999995	      0.340111576822
    545.109999999995	      0.342820934450
    545.119999999995	      0.345636336397
    545.129999999995	      0.348559838451
    545.139999999995	      0.351593559944
    545.149999999995	      0.354739683664
    545.159999999995	      0.358000455594
    545.169999999995	      0.361378184476
    545.179999999995	      0.364875241155
    545.189999999995	      0.368494057696
    545.199999999995	      0.372237126235
    545.209999999995	      0.376106997534
    545.219999999995	      0.380106279212
    545.229999999995	      0.384237633613
    545.239999999995	      0.388503775262
    545.249999999995	      0.392907467889
    545.259999999995	      0.397451520943
    545.269999999995	      0.402138785577
    545.279999999995	      0.406972150028
    545.289999999995	      0.411954534345
    545.299999999995	      0.417088884399
    545.309999999995	      0.422378165103
    545.319999999995	      0.427825352785
    545.329999999995	      0.433433426621
    545.339999999995	      0.439205359058
    545.349999999995	      0.445144105135
    545.359999999995	      0.451252590620
    545.369999999995	      0.457533698854
    545.379999999995	      0.463990256222
    545.389999999995	      0.470625016121
    545.399999999995	      0.477440641349
    545.409999999995	      0.484439684780
    545.419999999995	      0.491624568221
    545.429999999995	      0.498997559345
    545.439999999995	      0.506560746571
    545.449999999995	      0.514316011790
    545.459999999995	      0.522265000833
    545.469999999995	      0.530409091551
    545.479999999995	      0.538749359454
    545.489999999995	      0.547286540776
    545.499999999995	      0.556020992936
    545.509999999995	      0.564952652314
    545.519999999995	      0.574080989331
    545.529999999995	      0.583404960811
    545.539999999995	      0.592922959668
    545.549999999995	      0.602632761982
    545.559999999995	      0.612531471565
    545.569999999995	      0.622615462201
    545.579999999995	      0.632880317761
    545.589999999995	      0.643320770503
    545.599999999995	      0.653930637901
    545.609999999995	      0.664702758470
    545.619999999995	      0.675628927111
    545.629999999995	      0.686699830622
    545.639999999995	      0.697904984101
    545.649999999995	      0.709232669115
    545.659999999995	      0.720669874572
    545.669999999995	      0.732202241403
    545.679999999995	      0.743814012231
    545.689999999995	      0.755487987349
    545.699999999995	      0.767205488404
    545.709999999995	      0.778946331313
    545.719999999995	      0.790688809965
    545.729999999995	      0.802409692367
    545.739999999995	      0.814084230869
    545.749999999995	      0.825686188142
    545.759999999995	      0.837187880477
    545.769999999995	      0.848560239943
    545.779999999995	      0.859772896738
    545.789999999995	      0.870794282888
    545.799999999995	      0.881591758197
    545.809999999995	      0.892131759002
    545.819999999995	      0.902379969923
    545.829999999995	      0.912301518347
    545.839999999995	      0.921861190883
    545.849999999995	      0.931023670521
    545.859999999995	      0.939753792623
    545.869999999995	      0.948016817301
    545.879999999995	      0.955778715192
    545.889999999995	      0.963006463020
    545.899999999995	      0.969668344884
    545.909999999995	      0.975734254708
    545.919999999995	      0.981175994994
    545.929999999995	      0.985967566707
    545.939999999995	      0.990085445049
    545.949999999995	      0.993508835896
    545.959999999995	      0.996219907813
    545.969999999995	      0.998203994956
    545.979999999995	      0.999449766570
    545.989999999995	      0.999949359496
    545.999999999995	      0.999698470768
    546.009999999995	      0.998696408279
    546.019999999995	      0.996946098393
    546.029999999995	      0.994454050312
    546.039999999995	      0.991230278019
    546.049999999994	      0.987288181491
    546.059999999994	      0.982644389811
    546.069999999994	      0.977318569531
    546.079999999994	      0.971333202350
    546.089999999994	      0.964713336672
    546.099999999994	      0.957486318014
    546.109999999994	      0.949681503442
    546.119999999994	      0.941329965312
    546.129999999994	      0.932464189511
    546.139999999994	      0.923117773179
    546.149999999994	      0.913325126602
    546.159999999994	      0.903121183523
    546.169999999994	      0.892541123628
    546.179999999994	      0.881620110443
    546.189999999994	      0.870393047264
    546.199999999994	      0.858894353194
    546.209999999994	      0.847157760777
    546.219999999994	      0.835216136144
    546.229999999994	      0.823101322127
    546.239999999994	      0.810844004279
    546.249999999994	      0.798473599392
    546.259999999994	      0.786018165699
    546.269999999994	      0.773504333717
    546.279999999994	      0.760957256426
    546.289999999994	      0.748400577326
    546.299999999994	      0.735856414810
    546.309999999994	      0.723345361203
    546.319999999994	      0.710886494819
    546.329999999994	      0.698497403386
    546.339999999994	      0.686194217240
    546.349999999994	      0.673991650745
    546.359999999994	      0.661903050511
    546.369999999994	      0.649940449051
    546.379999999994	      0.638114622634
    546.389999999994	      0.626435152238
    546.399999999994	      0.614910486567
    546.409999999994	      0.603548006264
    546.419999999994	      0.592354088524
    546.429999999994	      0.581334171452
    546.439999999994	      0.570492817580
    546.449999999994	      0.559833776073
    546.459999999994	      0.549360043224
    546.469999999994	      0.539073920933
    546.479999999994	      0.528977072914
    546.489999999994	      0.519070578453
    546.499999999994	      0.509354983583
    546.509999999994	      0.499830349601
    546.519999999994	      0.490496298873
    546.529999999994	      0.481352057938
    546.539999999994	      0.472396497910
    546.549999999994	      0.463628172248
    546.559999999994	      0.455045351940
    546.569999999994	      0.446646058189
    546.579999999994	      0.438428092696
    546.589999999994	      0.430389065634
    546.599999999994	      0.422526421429
    546.609999999994	      0.414837462450
    546.619999999994	      0.407319370728
    546.629999999994	      0.399969227816
    546.639999999994	      0.392784032899
    546.649999999994	      0.385760719271
    546.659999999994	      0.378896169286
    546.669999999994	      0.372187227883
    546.679999999994	      0.365630714791
    546.689999999994	      0.359223435506
    546.699999999994	      0.352962191141
    546.709999999994	      0.346843787221
    546.719999999994	      0.340865041526
    546.729999999994	      0.335022791033
    546.739999999994	      0.329313898062
    546.749999999994	      0.323735255666
    546.759999999994	      0.318283792347
    546.769999999994	      0.312956476146
    546.779999999994	      0.307750318171
    546.789999999994	      0.302662375616
    546.799999999994	      0.297689754301
    546.809999999994	      0.292829610801
    546.819999999994	      0.288079154188
    546.829999999994	      0.283435647430
    546.839999999994	      0.278896408481
    546.849999999994	      0.274458811092
    546.859999999994	      0.270120285369
    546.869999999994	      0.265878318114
    546.879999999994	      0.261730452968
    546.889999999994	      0.257674290370
    546.899999999994	      0.253707487367
    546.909999999994	      0.249827757286
    546.919999999994	      0.246032869279
    546.929999999994	      0.242320647773
    546.939999999994	      0.238688971817
    546.949999999994	      0.235135774358
    546.959999999994	      0.231659041444
    546.969999999994	      0.228256811374
    546.979999999994	      0.224927173792
    546.989999999994	      0.221668268753
    546.999999999994	      0.218478285741
    547.009999999994	      0.215355462676
    547.019999999994	      0.212298084890
    547.029999999994	      0.209304484095
    547.039999999994	      0.206373037338
    547.049999999994	      0.203502165949
    547.059999999994	      0.200690334492
    547.069999999994	      0.197936049717
    547.079999999994	      0.195237859509
    547.089999999994	      0.192594351854
    547.099999999994	      0.190004153808
    547.109999999994	      0.187465930478
    547.119999999994	      0.184978384020
    547.129999999994	      0.182540252647
    547.139999999994	      0.180150309652
    547.149999999993	      0.177807362454
    547.159999999993	      0.175510251654
    547.169999999993	      0.173257850113
    547.179999999993	      0.171049062049
    547.189999999993	      0.168882822155
    547.199999999993	      0.166758094727
    547.209999999993	      0.164673872829
    547.219999999993	      0.162629177458
    547.229999999993	      0.160623056748
    547.239999999993	      0.158654585179
    547.249999999993	      0.156722862813
    547.259999999993	      0.154827014551
    547.269999999993	      0.152966189406
    547.279999999993	      0.151139559797
    547.289999999993	      0.149346320863
    547.299999999993	      0.147585689794
    547.309999999993	      0.145856905181
    547.319999999993	      0.144159226389
    547.329999999993	      0.142491932940
    547.339999999993	      0.140854323920
    547.349999999993	      0.139245717399
    547.359999999993	      0.137665449872
    547.369999999993	      0.136112875714
    547.379999999993	      0.134587366650
    547.389999999993	      0.133088311246
    547.399999999993	      0.131615114405
    547.409999999993	      0.130167196894
    547.419999999993	      0.128743994867
    547.429999999993	      0.127344959417
    547.439999999993	      0.125969556135
    547.449999999993	      0.124617264683
    547.459999999993	      0.123287578381
    547.469999999993	      0.121980003806
    547.479999999993	      0.120694060405
    547.489999999993	      0.119429280119
    547.499999999993	      0.118185207013
    547.509999999993	      0.116961396932
    547.519999999993	      0.115757417149
    547.529999999993	      0.114572846039
    547.539999999993	      0.113407272756
    547.549999999993	      0.112260296920
    547.559999999993	      0.111131528316
    547.569999999993	      0.110020586603
    547.579999999993	      0.108927101026
    547.589999999993	      0.107850710146
    547.599999999993	      0.106791061571
    547.609999999993	      0.105747811699
    547.619999999993	      0.104720625468
    547.629999999993	      0.103709176111
    547.639999999993	      0.102713144926
    547.649999999993	      0.101732221045
    547.659999999993	      0.100766101216
    547.669999999993	      0.099814489584
    547.679999999993	      0.098877097491
    547.689999999993	      0.097953643269
    547.699999999993	      0.097043852051
    547.709999999993	      0.096147455575
    547.719999999993	      0.095264192009
    547.729999999993	      0.094393805768
    547.739999999993	      0.093536047344
    547.749999999993	      0.092690673141
    547.759999999993	      0.091857445309
    547.769999999993	      0.091036131592
    547.779999999993	      0.090226505173
    547.789999999993	      0.089428344527
    547.799999999993	      0.088641433280
    547.809999999993	      0.087865560066
    547.819999999993	      0.087100518397
    547.829999999993	      0.086346106531
    547.839999999993	      0.085602127344
    547.849999999993	      0.084868388208
    547.859999999993	      0.084144700874
    547.869999999993	      0.083430881352
    547.879999999993	      0.082726749803
    547.889999999993	      0.082032130426
    547.899999999993	      0.081346851356
    547.909999999993	      0.080670744561
    547.919999999993	      0.080003645737
    547.929999999993	      0.079345394221
    547.939999999993	      0.078695832887
    547.949999999993	      0.078054808061
    547.959999999993	      0.077422169432
    547.969999999993	      0.076797769965
    547.979999999993	      0.076181465814
    547.989999999993	      0.075573116249
    547.999999999993	      0.074972583568
    548.009999999993	      0.074379733030
    548.019999999993	      0.073794432772
    548.029999999993	      0.073216553741
    548.039999999993	      0.072645969624
    548.049999999993	      0.072082556779
    548.059999999993	      0.071526194170
    548.069999999993	      0.070976763299
    548.079999999993	      0.070434148147
    548.089999999993	      0.069898235112
    548.099999999993	      0.069368912950
    548.109999999993	      0.068846072717
    548.119999999993	      0.068329607713
    548.129999999993	      0.067819413428
    548.139999999993	      0.067315387490
    548.149999999993	      0.066817429610
    548.159999999993	      0.066325441539
    548.169999999993	      0.065839327010
    548.179999999993	      0.065358991699
    548.189999999993	      0.064884343175
    548.199999999993	      0.064415290854
    548.209999999993	      0.063951745958
    548.219999999993	      0.063493621473
    548.229999999993	      0.063040832105
    548.239999999993	      0.062593294242
    548.249999999992	      0.062150925912
    548.259999999992	      0.061713646750
    548.269999999992	      0.061281377955
    548.279999999992	      0.060854042260
    548.289999999992	      0.060431563892
    548.299999999992	      0.060013868538
    548.309999999992	      0.059600883315
    548.319999999992	      0.059192536737
    548.329999999992	      0.058788758679
    548.339999999992	      0.058389480351
    548.349999999992	      0.057994634266
    548.359999999992	      0.057604154212
    548.369999999992	      0.057217975220
    548.379999999992	      0.056836033542
    548.389999999992	      0.056458266620
    548.399999999992	      0.056084613058
    548.409999999992	      0.055715012602
    548.419999999992	      0.055349406111
    548.429999999992	      0.054987735532
    548.439999999992	      0.054629943879
    548.449999999992	      0.054275975207
    548.459999999992	      0.053925774594
    548.469999999992	      0.053579288112
    548.479999999992	      0.053236462811
    548.489999999992	      0.052897246696
    548.499999999992	      0.052561588709
    548.509999999992	      0.052229438703
    548.519999999992	      0.051900747429
    548.529999999992	      0.051575466515
    548.539999999992	      0.051253548445
    548.549999999992	      0.050934946544
    548.559999999992	      0.050619614961
    548.569999999992	      0.050307508647
    548.579999999992	      0.049998583344
    548.589999999992	      0.049692795564
    548.599999999992	      0.049390102577
    548.609999999992	      0.049090462391
    548.619999999992	      0.048793833742
    548.629999999992	      0.048500176073
    548.639999999992	      0.048209449525
    548.649999999992	      0.047921614921
    548.659999999992	      0.047636633751
    548.669999999992	      0.047354468158
    548.679999999992	      0.047075080929
    548.689999999992	      0.046798435476
    548.699999999992	      0.046524495828
    548.709999999992	      0.046253226618
    548.719999999992	      0.045984593069
    548.729999999992	      0.045718560984
    548.739999999992	      0.045455096735
    548.749999999992	      0.045194167249
    548.759999999992	      0.044935740001
    548.769999999992	      0.044679783000
    548.779999999992	      0.044426264779
    548.789999999992	      0.044175154387
    548.799999999992	      0.043926421377
    548.809999999992	      0.043680035797
    548.819999999992	      0.043435968180
    548.829999999992	      0.043194189535
    548.839999999992	      0.042954671338
    548.849999999992	      0.042717385523
    548.859999999992	      0.042482304472
    548.869999999992	      0.042249401010
    548.879999999992	      0.042018648392
    548.889999999992	      0.041790020299
    548.899999999992	      0.041563490827
    548.909999999992	      0.041339034480
    548.919999999992	      0.041116626164
    548.929999999992	      0.040896241178
    548.939999999992	      0.040677855207
    548.949999999992	      0.040461444315
    548.959999999992	      0.040246984936
    548.969999999992	      0.040034453873
    548.979999999992	      0.039823828283
    548.989999999992	      0.039615085678
    548.999999999992	      0.039408203915
    549.009999999992	      0.039203161187
    549.019999999992	      0.038999936025
    549.029999999992	      0.038798507283
    549.039999999992	      0.038598854138
    549.049999999992	      0.038400956082
    549.059999999992	      0.038204792916
    549.069999999992	      0.038010344747
    549.079999999992	      0.037817591979
    549.089999999992	      0.037626515311
    549.099999999992	      0.037437095728
    549.109999999992	      0.037249314501
    549.119999999992	      0.037063153179
    549.129999999992	      0.036878593582
    549.139999999992	      0.036695617801
    549.149999999992	      0.036514208191
    549.159999999992	      0.036334347365
    549.169999999992	      0.036156018193
    549.179999999992	      0.035979203793
    549.189999999992	      0.035803887532
    549.199999999992	      0.035630053017
    549.209999999992	      0.035457684094
    549.219999999992	      0.035286764843
    549.229999999992	      0.035117279574
    549.239999999992	      0.034949212823
    549.249999999992	      0.034782549347
    549.259999999992	      0.034617274124
    549.269999999992	      0.034453372345
    549.279999999992	      0.034290829413
    549.289999999992	      0.034129630940
    549.299999999992	      0.033969762740
    549.309999999992	      0.033811210829
    549.319999999992	      0.033653961423
    549.329999999992	      0.033498000928
    549.339999999992	      0.033343315946
    549.349999999991	      0.033189893264
    549.359999999991	      0.033037719856
    549.369999999991	      0.032886782876
    549.379999999991	      0.032737069660
    549.389999999991	      0.032588567718
    549.399999999991	      0.032441264735
    549.409999999991	      0.032295148566
    549.419999999991	      0.032150207235
    549.429999999991	      0.032006428930
    549.439999999991	      0.031863802003
    549.449999999991	      0.031722314965
    549.459999999991	      0.031581956486
    549.469999999991	      0.031442715390
    549.479999999991	      0.031304580656
    549.489999999991	      0.031167541410
    549.499999999991	      0.031031586930
    549.509999999991	      0.030896706636
    549.519999999991	      0.030762890095
    549.529999999991	      0.030630127014
    549.539999999991	      0.030498407238
    549.549999999991	      0.030367720752
    549.559999999991	      0.030238057673
    549.569999999991	      0.030109408253
    549.579999999991	      0.029981762875
    549.589999999991	      0.029855112050
    549.599999999991	      0.029729446418
    549.609999999991	      0.029604756742
    549.619999999991	      0.029481033909
    549.629999999991	      0.029358268929
    549.639999999991	      0.029236452931
    549.649999999991	      0.029115577162
    549.659999999991	      0.028995632985
    549.669999999991	      0.028876611878
    549.679999999991	      0.028758505432
    549.689999999991	      0.028641305349
    549.699999999991	      0.028525003442
    549.709999999991	      0.028409591631
    549.719999999991	      0.028295061943
    549.729999999991	      0.028181406511
    549.739999999991	      0.028068617569
    549.749999999991	      0.027956687458
    549.759999999991	      0.027845608614
    549.769999999991	      0.027735373577
    549.779999999991	      0.027625974984
    549.789999999991	      0.027517405567
    549.799999999991	      0.027409658154
    549.809999999991	      0.027302725669
    549.819999999991	      0.027196601127
    549.829999999991	      0.027091277634
    549.839999999991	      0.026986748387
    549.849999999991	      0.026883006673
    549.859999999991	      0.026780045866
    549.869999999991	      0.026677859426
    549.879999999991	      0.026576440900
    549.889999999991	      0.026475783919
    549.899999999991	      0.026375882197
    549.909999999991	      0.026276729530
    549.919999999991	      0.026178319797
    549.929999999991	      0.026080646954
    549.939999999991	      0.025983705040
    549.949999999991	      0.025887488168
    549.959999999991	      0.025791990532
    549.969999999991	      0.025697206400
    549.979999999991	      0.025603130116
    549.989999999991	      0.025509756097
