0.0 1.0
0.1 1.0
0.2 1.0
0.3 1.0
0.4 1.0
0.5 1.0
0.6 1.0
0.7 1.0
0.8 1.0
0.9 1.0
1.0 1.0
1.1 1.0
1.2 1.0
1.3 1.0
1.4 1.0
1.5 1.0
1.6 1.0
1.7 1.0
1.8 1.0
1.9 1.0
2.0 1.0
2.1 1.0
2.2 1.0
2.3 1.0
2.4 1.0
2.5 1.0
2.6 1.0
2.7 1.0
2.8 1.0
2.9 1.0
3.0 1.0
3.1 1.0
3.2 1.0
3.3 1.0
3.4 1.0
3.5 1.0
3.6 1.0
3.7 1.0
3.8 1.0
3.9 1.0
4.0 1.0
4.1 1.0
4.2 1.0
4.3 1.0
4.4 1.0
4.5 1.0
4.6 1.0
4.7 1.0
4.8 1.0
4.9 1.0
5.0 1.0
5.1 1.0
5.2 1.0
5.3 1.0
5.4 1.0
5.5 1.0
5.6 1.0
5.7 1.0
5.8 1.0
5.9 1.0
6.0 1.0
6.1 1.0
6.2 1.0
6.3 1.0
6.4 1.0
6.5 1.0
6.6 1.0
6.7 1.0
6.8 1.0
6.9 0.999999999913
7.0 0.999999999887
7.1 0.999999999861
7.2 0.999999999847
7.3 0.999999999852
7.4 0.999999999874
7.5 0.999999999907
7.6 0.999999999928
7.7 0.999999999909
7.8 0.999999999814
7.9 0.999999999608
8.0 0.999999999254
8.1 0.999999998723
8.2 0.999999997984
8.3 0.999999997011
8.4 0.999999995779
8.5 0.99999980871
8.6 0.999999719984
8.7 0.999999764156
8.8 0.999999905813
8.9 1.00000008681
9.0 1.00000028066
9.1 1.00000045567
9.2 1.0000005836
9.3 1.00000063979
9.4 1.00000060525
9.5 1.00000046649
9.6 1.00000021332
9.7 0.999999842893
9.8 0.999999343263
9.9 0.999998710775
10.0 0.999997945815
10.1 0.993459258801
10.2 0.943543747096
10.3 0.852639148769
10.4 0.732197011975
10.5 0.595421220172
10.6 0.456446686539
10.7 0.328479869024
10.8 0.22133795564
10.9 0.139629405323
11.0 0.08268383746
11.1 0.0462059480937
11.2 0.0245698454034
11.3 0.0126030104483
11.4 0.00640762886558
11.5 0.0034189195953
11.6 0.00210751407195
11.7 0.00162600834363
11.8 0.00153050992819
11.9 0.00159897696025
12.0 0.00172516155685
12.1 0.00186095647777
12.2 0.00198649623018
12.3 0.00209513974621
12.4 0.00218613479282
12.5 0.0022611110953
12.6 0.00232242231135
12.7 0.00237175953618
12.8 0.00240958492057
12.9 0.00243831544059
13.0 0.00246029577733
13.1 0.00247728015705
13.2 0.00249056708879
13.3 0.00250110853233
13.4 0.00250959385754
13.5 0.00251651012853
13.6 0.00252218156545
13.7 0.00252678890851
13.8 0.00253036608425
13.9 0.00253276790784
14.0 0.00253359718248
14.1 0.00252735545055
14.2 0.00156236967611
14.3 5.38344792818e-05
14.4 2.76229203858e-05
14.5 2.92297194471e-05
14.6 4.68668945215e-05
14.7 8.90983111031e-05
14.8 0.000174837108169
14.9 0.000333895532118
15.0 0.000606007844324
15.1 0.00103423855871
15.2 0.00165227992202
15.3 0.00246984212544
15.4 0.00346389321218
15.5 0.00458160068444
15.6 0.00575403908943
15.7 0.00691364491213
15.8 0.00800767082226
15.9 0.00900389545061
16.0 0.00988929955989
16.1 0.010665260651
16.2 0.0113417664243
16.3 0.0119327681403
16.4 0.0124530557407
16.5 0.0129165152456
16.6 0.0133353225625
16.7 0.0137197749354
16.8 0.0140784808458
16.9 0.0144183472926
17.0 0.0147450037763
17.1 0.0150627008899
17.2 0.0153747828103
17.3 0.0156834118871
17.4 0.0159895517178
17.5 0.0162928350649
17.6 0.0165913384443
17.7 0.0168815013014
17.8 0.0171581080342
17.9 0.0174149142877
18.0 0.0176450441595
18.1 0.017842345057
18.2 0.0180025966054
18.3 0.0181244994763
18.4 0.0182100424505
18.5 0.0182640405632
18.6 0.0182930237808
18.7 0.0183038529718
18.8 0.0183026614008
18.9 0.0182942275227
19.0 0.0182819044459
19.1 0.0182678472584
19.2 0.0182533603383
19.3 0.0182392135919
19.4 0.0182259132329
19.5 0.0182139176838
19.6 0.0182039031376
19.7 0.0181971196277
19.8 0.0181958681928
19.9 0.0182038522418
20.0 0.0182258349223
20.1 0.0182658271619
20.2 0.0183239376061
20.3 0.0183940204671
20.4 0.0184649408602
20.5 0.0185256862671
20.6 0.0185703383534
20.7 0.0185991411275
20.8 0.0186160147683
20.9 0.0186254682422
21.0 0.0186309005276
21.1 0.0186343218143
21.2 0.0186367237195
21.3 0.0186385188037
21.4 0.0186398461239
21.5 0.0186407385132
21.6 0.0186411998867
21.7 0.0186412409676
21.8 0.0186408868144
21.9 0.0186401794425
22.0 0.0186391762691
22.1 0.0186379446205
22.2 0.0186365587816
22.3 0.0186350957029
22.4 0.0186336310318
22.5 0.0186322358302
22.6 0.018630973037
22.7 0.0186298943059
22.8 0.0186290385
22.9 0.0186284298867
23.0 0.0186280773477
23.1 0.0186279744833
23.2 0.0186281008038
23.3 0.0186284236531
23.4 0.0186289003976
23.5 0.0186294843142
23.6 0.0186301246762
23.7 0.0186307731588
23.8 0.0186313864591
23.9 0.0186319300364
24.0 0.0186323788708
24.1 0.0186327191575
24.2 0.0186329477331
24.3 0.0186330708454
24.4 0.0186331020851
24.5 0.0186330599195
24.6 0.0186329651338
24.7 0.0186328552002
24.8 0.0186327330686
24.9 0.0186326133954
25.0 0.0186325074231
25.1 0.0186324228278
25.2 0.0186323637104
25.3 0.0186323319613
25.4 0.0186323360467
25.5 0.0186323388719
25.6 0.0186323408029
25.7 0.0186323420978
25.8 0.0186323429354
25.9 0.0186323434378
26.0 0.0186323436873
26.1 0.0186323437376
26.2 0.0186323436235
26.3 0.0186323433669
26.4 0.0186323429828
26.5 0.0186323424844
26.6 0.018632341889
26.7 0.0186323412247
26.8 0.0186323405371
26.9 0.018632339897
27.0 0.0186323394059
27.1 0.0186323391985
27.2 0.0186323394426
27.3 0.0186323403342
27.4 0.0186323420917
27.5 0.0186323449502
27.6 0.0186323491604
27.7 0.0186323549998
27.8 0.0186323628136
27.9 0.0186323731338
28.0 0.0186323869885
28.1 0.0186324066352
28.2 0.0186324370922
28.3 0.0186324887841
28.4 0.0186325806645
28.5 0.0186327403258
28.6 0.0186329933586
28.7 0.018633335278
28.8 0.0186336982794
28.9 0.0186339570601
29.0 0.01863400927
29.1 0.0186338732988
29.2 0.0186336792019
29.3 0.0186335462284
29.4 0.0186334980524
29.5 0.0186334956526
29.6 0.0186335030291
29.7 0.0186335076249
29.8 0.0186335092175
29.9 0.0186335095635
30.0 0.0186335095843
30.1 0.0186335095588
30.2 0.0186335095404
30.3 0.0186335095312
30.4 0.0186335095269
30.5 0.018633509525
30.6 0.0186335095241
30.7 0.0186335095237
30.8 0.0186335095235
30.9 0.0186335095234
31.0 0.0186335095234
31.1 0.0186335095234
31.2 0.0186335095234
31.3 0.0186335095234
31.4 0.0186335095234
31.5 0.0186335095234
31.6 0.0186335095234
31.7 0.0186335095234
31.8 0.0186335095235
31.9 0.0186335095235
32.0 0.0186335095235
32.1 0.0186335095235
32.2 0.0186335095235
32.3 0.0186335095236
32.4 0.0186335095236
32.5 0.0186335095236
32.6 0.0186335095236
32.7 0.0186335095236
32.8 0.0186335095236
32.9 0.0186335095236
33.0 0.0186335095236
33.1 0.0186335095236
33.2 0.0186335095235
33.3 0.0186335095235
33.4 0.0186335095234
33.5 0.0186335095233
33.6 0.0186335095231
33.7 0.0186335095229
33.8 0.0186335095226
33.9 0.0186335095222
34.0 0.0186335095217
34.1 0.0186335095211
34.2 0.0186335095204
34.3 0.0186335095196
34.4 0.0186335095189
34.5 0.0186335095184
34.6 0.0186335095185
34.7 0.0186335095187
34.8 0.018628881498
34.9 0.0186287654194
35.0 0.0186286075068
35.1 0.0186284065334
35.2 0.0186281637078
35.3 0.018627883054
35.4 0.0186275715518
35.5 0.0186272389229
35.6 0.0186268970635
35.7 0.0186265592836
35.8 0.0186262393185
35.9 0.0186259502013
36.0 0.0186257033126
36.1 0.0186255076125
36.2 0.018625369155
36.3 0.018625290914
36.4 0.0186252729965
36.5 0.018625312979
36.6 0.0186254064687
36.7 0.018625547708
36.8 0.0186257300618
36.9 0.0186259465598
37.0 0.0186261901973
37.1 0.0186264541458
37.2 0.0186267319489
37.3 0.018627017563
37.4 0.0186273054279
37.5 0.0186275906466
37.6 0.0186278691536
37.7 0.0186281379103
37.8 0.0186281379102
37.9 0.0186281379102
38.0 0.0186281379102
38.1 0.0186281379103
38.2 0.0186281379103
38.3 0.0186281379103
38.4 0.0186281379103
38.5 0.0186297402071
38.6 0.0186299416574
38.7 0.0186301394946
38.8 0.0186303305906
38.9 0.0186305110055
39.0 0.0186306766155
39.1 0.0186308226092
39.2 0.0186309449013
39.3 0.0186310405448
39.4 0.0186311076921
39.5 0.01863114591
39.6 0.018631156094
39.7 0.0186311402846
39.8 0.0186311014514
39.9 0.0186310432504
40.0 0.0186309697484
40.1 0.0186308851616
40.2 0.0186308851616
40.3 0.0186308851616
40.4 0.0186308851616
40.5 0.0186308851616
40.6 0.0186308851616
40.7 0.0186308851616
40.8 0.0186308851616
40.9 0.0186308851616
41.0 0.0186308851616
41.1 0.0186308851616
41.2 0.0186308851616
41.3 0.0186308851616
41.4 0.0186308851616
41.5 0.0186308851616
41.6 0.0186308851616
41.7 0.0186308851616
41.8 0.0186308851616
41.9 0.0186308851616
42.0 0.0186308851616
42.1 0.0186308851616
42.2 0.0186308851616
42.3 0.0186308851616
42.4 0.0186308851616
42.5 0.0186308851616
42.6 0.0186308851616
42.7 0.0186308851616
42.8 0.0186308851616
42.9 0.0186308851616
43.0 0.0186308851616
43.1 0.0186308851616
43.2 0.0186308851616
43.3 0.0186308851616
43.4 0.0186308851616
43.5 0.0186308851616
43.6 0.0186308851616
43.7 0.0186308851616
43.8 0.0186308851616
43.9 0.0186308851616
44.0 0.0186308851616
44.1 0.0186308851616
44.2 0.0186308851616
44.3 0.0186308851616
44.4 0.0186308851616
44.5 0.0186308851616
44.6 0.0186308851616
44.7 0.0186308851616
44.8 0.0186308851616
44.9 0.0186308851616
45.0 0.0186308851616
45.1 0.0186308851616
45.2 0.0186308851616
45.3 0.0186308851616
45.4 0.0186308851616
45.5 0.0186308851616
45.6 0.0186308851616
45.7 0.0186308851616
45.8 0.0186308851616
45.9 0.0186308851616
46.0 0.0186308851616
46.1 0.0186308851616
46.2 0.0186308851616
46.3 0.0186308851616
46.4 0.0186308851616
46.5 0.0186308851616
46.6 0.0186308851616
46.7 0.0186308851616
46.8 0.0186308851616
46.9 0.0186308851616
47.0 0.0186308851616
47.1 0.0186308851616
47.2 0.0186308851616
47.3 0.0186308851616
47.4 0.0186308851616
47.5 0.0186308851616
47.6 0.0186308851616
47.7 0.0186308851616
47.8 0.0186308851616
47.9 0.0186308851616
48.0 0.0186308851616
48.1 0.0186308851616
48.2 0.0186308851616
48.3 0.0186308851616
48.4 0.0186308851616
48.5 0.0186308851616
48.6 0.0186308851616
48.7 0.0186308851616
48.8 0.0186308851616
48.9 0.0186308851616
49.0 0.0186308851616
49.1 0.0186308851616
49.2 0.0186308851616
49.3 0.0186308851616
49.4 0.0186308851616
49.5 0.0186308851616
49.6 0.0186308851616
49.7 0.0186308851616
49.8 0.0186308851616
49.9 0.0186308851616
50.0 0.0186308851616
