0.0 0.0
0.1 0.0
0.2 0.0
0.3 0.0
0.4 0.0
0.5 0.0
0.6 0.0
0.7 0.0
0.8 0.0
0.9 0.0
1.0 0.0
1.1 0.0
1.2 0.0
1.3 0.0
1.4 0.0
1.5 0.0
1.6 0.0
1.7 0.0
1.8 0.0
1.9 0.0
2.0 0.0
2.1 0.0
2.2 0.0
2.3 0.0
2.4 0.0
2.5 0.0
2.6 0.0
2.7 0.0
2.8 0.0
2.9 0.0
3.0 0.0
3.1 0.0
3.2 0.0
3.3 0.0
3.4 0.0
3.5 0.0
3.6 0.0
3.7 0.0
3.8 0.0
3.9 0.0
4.0 0.0
4.1 0.0
4.2 0.0
4.3 0.0
4.4 0.0
4.5 0.0
4.6 0.0
4.7 0.0
4.8 0.0
4.9 0.0
5.0 0.0
5.1 0.0
5.2 0.0
5.3 0.0
5.4 0.0
5.5 0.0
5.6 0.0
5.7 0.0
5.8 0.0
5.9 0.0
6.0 0.0
6.1 0.0
6.2 0.0
6.3 0.0
6.4 0.0
6.5 0.0
6.6 0.0
6.7 0.0
6.8 0.0
6.9 0.0
7.0 0.0
7.1 0.0
7.2 0.0
7.3 0.0
7.4 0.0
7.5 0.0
7.6 0.0
7.7 0.0
7.8 0.0
7.9 0.0
8.0 0.0
8.1 0.0
8.2 0.0
8.3 0.0
8.4 0.0
8.5 0.0
8.6 0.0
8.7 0.0
8.8 0.0
8.9 0.0
9.0 0.0
9.1 0.0
9.2 0.0
9.3 0.0
9.4 0.0
9.5 0.0
9.6 0.0
9.7 0.0
9.8 0.0
9.9 0.0
10.0 0.0
10.1 0.0
10.2 0.0
10.3 0.0
10.4 0.0
10.5 0.0
10.6 0.0
10.7 0.0
10.8 0.0
10.9 0.0
11.0 0.0
11.1 0.0
11.2 0.0
11.3 0.0
11.4 0.0
11.5 0.0
11.6 0.0
11.7 0.0
11.8 0.0
11.9 0.0
12.0 0.0
12.1 0.0
12.2 0.0
12.3 0.0
12.4 0.0
12.5 0.0
12.6 0.0
12.7 0.0
12.8 0.0
12.9 0.0
13.0 0.0
13.1 0.0
13.2 0.0
13.3 0.0
13.4 0.0
13.5 0.0
13.6 0.0
13.7 0.0
13.8 0.0
13.9 0.0
14.0 0.0
14.1 0.0
14.2 0.0
14.3 0.0
14.4 0.0
14.5 0.0
14.6 0.0
14.7 0.0
14.8 0.0
14.9 0.0
15.0 0.0
15.1 0.0
15.2 0.0
15.3 0.0
15.4 0.0
15.5 0.0
15.6 0.0
15.7 0.0
15.8 0.0
15.9 0.0
16.0 0.0
16.1 0.0
16.2 0.0
16.3 0.0
16.4 0.0
16.5 0.0
16.6 0.0
16.7 0.0
16.8 0.0
16.9 0.0
17.0 0.0
17.1 0.0
17.2 0.0
17.3 0.0
17.4 0.0
17.5 0.0
17.6 0.0
17.7 0.0
17.8 0.0
17.9 0.0
18.0 0.0
18.1 0.0
18.2 0.0
18.3 0.0
18.4 0.0
18.5 0.0
18.6 0.0
18.7 0.0
18.8 0.0
18.9 0.0
19.0 0.0
19.1 0.0
19.2 0.0
19.3 0.0
19.4 0.0
19.5 0.0
19.6 0.0
19.7 0.0
19.8 0.0
19.9 0.0
20.0 0.0
20.1 0.0
20.2 0.0
20.3 0.0
20.4 0.0
20.5 0.0
20.6 0.0
20.7 0.00118957627468
20.8 0.00512104659145
20.9 0.0122586405612
21.0 0.0229532544493
21.1 0.0373727651135
21.2 0.0554314781158
21.3 0.0763823034372
21.4 0.0999329861316
21.5 0.125386596363
21.6 0.151759808565
21.7 0.178325134054
21.8 0.204248349667
21.9 0.228863640148
22.0 0.251657538634
22.1 0.272267355911
22.2 0.290553111925
22.3 0.308290449266
22.4 0.321383065992
22.5 0.332171887722
22.6 0.340787655548
22.7 0.347393925214
22.8 0.352369377294
22.9 0.355688516673
23.0 0.357553789405
23.1 0.35816123784
23.2 0.3576968065
23.3 0.356332996748
23.4 0.354230359622
23.5 0.351532145883
23.6 0.348377262953
23.7 0.344885276382
23.8 0.341167274775
23.9 0.337323634355
24.0 0.333444102405
24.1 0.329608174176
24.2 0.32588488049
24.3 0.322332801806
24.4 0.319000202719
24.5 0.315925410235
24.6 0.313136598764
24.7 0.310652010075
24.8 0.308482074355
24.9 0.306629055853
25.0 0.305087731533
25.1 0.303846865572
25.2 0.302889906837
25.3 0.302196005161
25.4 0.301741044571
25.5 0.301498573979
25.6 0.301440602001
25.7 0.301538915413
25.8 0.301765049091
25.9 0.302091556133
26.0 0.302492329297
26.1 0.302943127032
26.2 0.303421922311
26.3 0.303909160434
26.4 0.304388669772
26.5 0.304818368902
26.6 0.305215724267
26.7 0.305572462215
26.8 0.305882726825
26.9 0.306142997448
27.0 0.306351841118
27.1 0.306509669631
27.2 0.306618501171
27.3 0.306680977322
27.4 0.306703256658
27.5 0.306689417606
27.6 0.30664622434
27.7 0.306577688286
27.8 0.30649212659
27.9 0.306396893462
28.0 0.306292819636
28.1 0.306189289893
28.2 0.306092033149
28.3 0.305999637374
28.4 0.305919394468
28.5 0.30585279929
28.6 0.305800965681
28.7 0.305764370302
28.8 0.305742872314
28.9 0.305735576298
29.0 0.305741003421
29.1 0.305757228995
29.2 0.305781652681
29.3 0.305812785935
29.4 0.305846646154
29.5 0.30588241726
29.6 0.3059162341
29.7 0.305947763356
29.8 0.305974002528
29.9 0.30599509181
30.0 0.306009436186
30.1 0.306017540597
30.2 0.30601931485
30.3 0.306015516729
30.4 0.306007280951
30.5 0.305995600969
30.6 0.305981859607
30.7 0.305966214731
30.8 0.305951132735
30.9 0.305937741944
31.0 0.305926784894
31.1 0.305919103348
31.2 0.305914499122
31.3 0.305913111861
31.4 0.305914477456
31.5 0.305917960165
31.6 0.305923067572
31.7 0.305928818788
31.8 0.305934853347
31.9 0.305940278999
32.0 0.305944949457
32.1 0.305948339238
32.2 0.305950504971
32.3 0.305951352786
32.4 0.30595106844
32.5 0.30595106844
32.6 0.30595106844
32.7 0.30595106844
32.8 0.30595106844
32.9 0.30595106844
33.0 0.30595106844
33.1 0.30595106844
33.2 0.30595106844
33.3 0.30595106844
33.4 0.30595106844
33.5 0.30595106844
33.6 0.30595106844
33.7 0.30595106844
33.8 0.30595106844
33.9 0.30595106844
34.0 0.30595106844
34.1 0.30595106844
34.2 0.30595106844
34.3 0.30595106844
34.4 0.30595106844
34.5 0.30595106844
34.6 0.30595106844
34.7 0.30595106844
34.8 0.30595106844
34.9 0.30595106844
35.0 0.30595106844
35.1 0.30595106844
35.2 0.30595106844
35.3 0.30595106844
35.4 0.30595106844
35.5 0.30595106844
35.6 0.30595106844
35.7 0.30595106844
35.8 0.30595106844
35.9 0.30595106844
36.0 0.30595106844
36.1 0.30595106844
36.2 0.30595106844
36.3 0.30595106844
36.4 0.30595106844
36.5 0.30595106844
36.6 0.30595106844
36.7 0.30595106844
36.8 0.30595106844
36.9 0.30595106844
37.0 0.30595106844
37.1 0.30595106844
37.2 0.30595106844
37.3 0.30595106844
37.4 0.30595106844
37.5 0.30595106844
37.6 0.30595106844
37.7 0.30595106844
37.8 0.30595106844
37.9 0.30595106844
38.0 0.30595106844
38.1 0.30595106844
38.2 0.30595106844
38.3 0.30595106844
38.4 0.30595106844
38.5 0.30595106844
38.6 0.30595106844
38.7 0.30595106844
38.8 0.30595106844
38.9 0.30595106844
39.0 0.30595106844
39.1 0.30595106844
39.2 0.30595106844
39.3 0.30595106844
39.4 0.30595106844
39.5 0.30595106844
39.6 0.30595106844
39.7 0.30595106844
39.8 0.30595106844
39.9 0.30595106844
40.0 0.30595106844
40.1 0.30595106844
40.2 0.30595106844
40.3 0.30595106844
40.4 0.30595106844
40.5 0.30595106844
40.6 0.30595106844
40.7 0.30595106844
40.8 0.30595106844
40.9 0.30595106844
41.0 0.30595106844
41.1 0.30595106844
41.2 0.30595106844
41.3 0.30595106844
41.4 0.30595106844
41.5 0.30595106844
41.6 0.30595106844
41.7 0.30595106844
41.8 0.30595106844
41.9 0.30595106844
42.0 0.30595106844
42.1 0.30595106844
42.2 0.30595106844
42.3 0.30595106844
42.4 0.30595106844
42.5 0.30595106844
42.6 0.30595106844
42.7 0.30595106844
42.8 0.30595106844
42.9 0.30595106844
43.0 0.30595106844
43.1 0.30595106844
43.2 0.30595106844
43.3 0.30595106844
43.4 0.30595106844
43.5 0.30595106844
43.6 0.30595106844
43.7 0.30595106844
43.8 0.30595106844
43.9 0.30595106844
44.0 0.30595106844
44.1 0.30595106844
44.2 0.30595106844
44.3 0.30595106844
44.4 0.30595106844
44.5 0.30595106844
44.6 0.30595106844
44.7 0.30595106844
44.8 0.30595106844
44.9 0.30595106844
45.0 0.30595106844
45.1 0.30595106844
45.2 0.30595106844
45.3 0.30595106844
45.4 0.30595106844
45.5 0.30595106844
45.6 0.30595106844
45.7 0.30595106844
45.8 0.30595106844
45.9 0.30595106844
46.0 0.30595106844
46.1 0.30595106844
46.2 0.30595106844
46.3 0.30595106844
46.4 0.30595106844
46.5 0.30595106844
46.6 0.30595106844
46.7 0.30595106844
46.8 0.30595106844
46.9 0.30595106844
47.0 0.30595106844
47.1 0.30595106844
47.2 0.30595106844
47.3 0.30595106844
47.4 0.30595106844
47.5 0.30595106844
47.6 0.30595106844
47.7 0.30595106844
47.8 0.30595106844
47.9 0.30595106844
48.0 0.30595106844
48.1 0.30595106844
48.2 0.30595106844
48.3 0.30595106844
48.4 0.30595106844
48.5 0.30595106844
48.6 0.30595106844
48.7 0.30595106844
48.8 0.30595106844
48.9 0.30595106844
49.0 0.30595106844
49.1 0.30595106844
49.2 0.30595106844
49.3 0.30595106844
49.4 0.30595106844
49.5 0.30595106844
49.6 0.30595106844
49.7 0.30595106844
49.8 0.30595106844
49.9 0.30595106844
50.0 0.30595106844
