0.0 0.0
0.1 0.0
0.2 0.0
0.3 0.0
0.4 0.0
0.5 0.0
0.6 0.0
0.7 0.0
0.8 0.0
0.9 0.0
1.0 0.0
1.1 0.0
1.2 0.0
1.3 0.0
1.4 0.0
1.5 0.0
1.6 0.0
1.7 0.0
1.8 0.0
1.9 0.0
2.0 0.0
2.1 0.0
2.2 0.0
2.3 0.0
2.4 0.0
2.5 0.0
2.6 0.0
2.7 0.0
2.8 0.0
2.9 0.0
3.0 0.0
3.1 0.0
3.2 0.0
3.3 0.0
3.4 0.0
3.5 0.0
3.6 0.0
3.7 0.0
3.8 0.0
3.9 0.0
4.0 0.0
4.1 0.0
4.2 0.0
4.3 0.0
4.4 0.0
4.5 0.0
4.6 0.0
4.7 0.0
4.8 0.0
4.9 0.0
5.0 0.0
5.1 0.0
5.2 0.0
5.3 0.0
5.4 0.0
5.5 0.0
5.6 0.0
5.7 0.0
5.8 0.0
5.9 0.0
6.0 0.0
6.1 0.0
6.2 0.0
6.3 0.0
6.4 0.0
6.5 0.0
6.6 0.0
6.7 0.0
6.8 0.0
6.9 0.0
7.0 0.0
7.1 0.0
7.2 0.0
7.3 0.0
7.4 0.0
7.5 0.0
7.6 0.0
7.7 0.0
7.8 0.0
7.9 0.0
8.0 0.0
8.1 0.0
8.2 0.0
8.3 0.0
8.4 0.0
8.5 0.0
8.6 0.0
8.7 0.0
8.8 0.0
8.9 0.0
9.0 0.0
9.1 0.0
9.2 0.0
9.3 0.0
9.4 0.0
9.5 0.0
9.6 0.0
9.7 0.0
9.8 0.0
9.9 0.0
10.0 0.0
10.1 0.0
10.2 0.0
10.3 0.0
10.4 0.0
10.5 0.0
10.6 0.0
10.7 0.0
10.8 0.0
10.9 0.0
11.0 0.0
11.1 0.0
11.2 0.0
11.3 0.0
11.4 0.0
11.5 0.0
11.6 0.0
11.7 0.0
11.8 0.0
11.9 0.0
12.0 0.0
12.1 0.0
12.2 0.0
12.3 0.0
12.4 0.0
12.5 0.0
12.6 0.0
12.7 0.0
12.8 0.0
12.9 0.0
13.0 0.0
13.1 0.0
13.2 0.0
13.3 0.0
13.4 0.000150240146668
13.5 0.00112007206773
13.6 0.00483802970126
13.7 0.0169200992631
13.8 0.0513580614789
13.9 0.129261513899
14.0 0.25066477163
14.1 0.36440665121
14.2 0.440090446138
14.3 0.479352209227
14.4 0.498790259877
14.5 0.507390992944
14.6 0.510433604598
14.7 0.510870457079
14.8 0.510297153424
14.9 0.509515672156
15.0 0.508868374669
15.1 0.508446643398
15.2 0.508222647708
15.3 0.508129879533
15.4 0.508106307982
15.5 0.508109995447
15.6 0.508119158813
15.7 0.508119158813
15.8 0.508119158813
15.9 0.508119158813
16.0 0.508119158813
16.1 0.508119158813
16.2 0.508119158813
16.3 0.508119158813
16.4 0.508119158813
16.5 0.508119158813
16.6 0.508119158813
16.7 0.508119158813
16.8 0.508119158813
16.9 0.508119158813
17.0 0.508119158813
17.1 0.508119158813
17.2 0.508119158813
17.3 0.508119158813
17.4 0.508119158813
17.5 0.508119158813
17.6 0.508119158813
17.7 0.508119158813
17.8 0.508119158813
17.9 0.508119158813
18.0 0.508119158813
18.1 0.508119158813
18.2 0.508119158813
18.3 0.508119158813
18.4 0.508119158813
18.5 0.508119158813
18.6 0.508119158813
18.7 0.508119158813
18.8 0.508119158813
18.9 0.508119158813
19.0 0.508119158813
19.1 0.508119158813
19.2 0.508119158813
19.3 0.508119158813
19.4 0.508119158813
19.5 0.508119158813
19.6 0.508119158813
19.7 0.508119158813
19.8 0.508119158813
19.9 0.508119158813
20.0 0.508119158813
20.1 0.508119158813
20.2 0.508119158813
20.3 0.508119158813
20.4 0.508119158813
20.5 0.508119158813
20.6 0.508119158813
20.7 0.508119158813
20.8 0.508119158813
20.9 0.508119158813
21.0 0.508119158813
21.1 0.508119158813
21.2 0.508119158813
21.3 0.508119158813
21.4 0.508119158813
21.5 0.508119158813
21.6 0.508119158813
21.7 0.508119158813
21.8 0.508119158813
21.9 0.508119158813
22.0 0.508119158813
22.1 0.508119158813
22.2 0.508119158813
22.3 0.508119158813
22.4 0.508119158813
22.5 0.508119158813
22.6 0.508119158813
22.7 0.508119158813
22.8 0.508119158813
22.9 0.508119158813
23.0 0.508119158813
23.1 0.508119158813
23.2 0.508119158813
23.3 0.508119158813
23.4 0.508119158813
23.5 0.508119158813
23.6 0.508119158813
23.7 0.508119158813
23.8 0.508119158813
23.9 0.508119158813
24.0 0.508119158813
24.1 0.508119158813
24.2 0.508119158813
24.3 0.508119158813
24.4 0.508119158813
24.5 0.508119158813
24.6 0.508119158813
24.7 0.508119158813
24.8 0.508119158813
24.9 0.508119158813
25.0 0.508119158813
25.1 0.508119158813
25.2 0.508119158813
25.3 0.508119158813
25.4 0.508119158813
25.5 0.508119158813
25.6 0.508119158813
25.7 0.508119158813
25.8 0.508119158813
25.9 0.508119158813
26.0 0.508119158813
26.1 0.508119158813
26.2 0.508119158813
26.3 0.508119158813
26.4 0.508119158813
26.5 0.508119158813
26.6 0.508119158813
26.7 0.508119158813
26.8 0.508119158813
26.9 0.508119158813
27.0 0.508119158813
27.1 0.508119158813
27.2 0.508119158813
27.3 0.508119158813
27.4 0.508119158813
27.5 0.508119158813
27.6 0.508119158813
27.7 0.508119158813
27.8 0.508119158813
27.9 0.508119158813
28.0 0.508119158813
28.1 0.508119158813
28.2 0.508119158813
28.3 0.508119158813
28.4 0.508119158813
28.5 0.508119158813
28.6 0.508119158813
28.7 0.508119158813
28.8 0.508119158813
28.9 0.508119158813
29.0 0.508119158813
29.1 0.508119158813
29.2 0.508119158813
29.3 0.508119158813
29.4 0.508119158813
29.5 0.508119158813
29.6 0.508119158813
29.7 0.508119158813
29.8 0.508119158813
29.9 0.508119158813
30.0 0.508119158813
30.1 0.508119158813
30.2 0.508119158813
30.3 0.508119158813
30.4 0.508119158813
30.5 0.508119158813
30.6 0.508119158813
30.7 0.508119158813
30.8 0.508119158813
30.9 0.508119158813
31.0 0.508119158813
31.1 0.508119158813
31.2 0.508119158813
31.3 0.508119158813
31.4 0.508119158813
31.5 0.508119158813
31.6 0.508119158813
31.7 0.508119158813
31.8 0.508119158813
31.9 0.508119158813
32.0 0.508119158813
32.1 0.508119158813
32.2 0.508119158813
32.3 0.508119158813
32.4 0.508119158813
32.5 0.508119158813
32.6 0.508119158813
32.7 0.508119158813
32.8 0.508119158813
32.9 0.508119158813
33.0 0.508119158813
33.1 0.508119158813
33.2 0.508119158813
33.3 0.508119158813
33.4 0.508119158813
33.5 0.508119158813
33.6 0.508119158813
33.7 0.508119158813
33.8 0.508119158813
33.9 0.508119158813
34.0 0.508119158813
34.1 0.508119158813
34.2 0.508119158813
34.3 0.508119158813
34.4 0.508119158813
34.5 0.508119158813
34.6 0.508119158813
34.7 0.508119158813
34.8 0.508119158813
34.9 0.508119158813
35.0 0.508119158813
35.1 0.508119158813
35.2 0.508119158813
35.3 0.508119158813
35.4 0.508119158813
35.5 0.508119158813
35.6 0.508119158813
35.7 0.508119158813
35.8 0.508119158813
35.9 0.508119158813
36.0 0.508119158813
36.1 0.508119158813
36.2 0.508119158813
36.3 0.508119158813
36.4 0.508119158813
36.5 0.508119158813
36.6 0.508119158813
36.7 0.508119158813
36.8 0.508119158813
36.9 0.508119158813
37.0 0.508119158813
37.1 0.508119158813
37.2 0.508119158813
37.3 0.508119158813
37.4 0.508119158813
37.5 0.508119158813
37.6 0.508119158813
37.7 0.508119158813
37.8 0.508119158813
37.9 0.508119158813
38.0 0.508119158813
38.1 0.508119158813
38.2 0.508119158813
38.3 0.508119158813
38.4 0.508119158813
38.5 0.508119158813
38.6 0.508119158813
38.7 0.508119158813
38.8 0.508119158813
38.9 0.508119158813
39.0 0.508119158813
39.1 0.508119158813
39.2 0.508119158813
39.3 0.508119158813
39.4 0.508119158813
39.5 0.508119158813
39.6 0.508119158813
39.7 0.508119158813
39.8 0.508119158813
39.9 0.508119158813
40.0 0.508119158813
40.1 0.508119158813
40.2 0.508119158813
40.3 0.508119158813
40.4 0.508119158813
40.5 0.508119158813
40.6 0.508119158813
40.7 0.508119158813
40.8 0.508119158813
40.9 0.508119158813
41.0 0.508119158813
41.1 0.508119158813
41.2 0.508119158813
41.3 0.508119158813
41.4 0.508119158813
41.5 0.508119158813
41.6 0.508119158813
41.7 0.508119158813
41.8 0.508119158813
41.9 0.508119158813
42.0 0.508119158813
42.1 0.508119158813
42.2 0.508119158813
42.3 0.508119158813
42.4 0.508119158813
42.5 0.508119158813
42.6 0.508119158813
42.7 0.508119158813
42.8 0.508119158813
42.9 0.508119158813
43.0 0.508119158813
43.1 0.508119158813
43.2 0.508119158813
43.3 0.508119158813
43.4 0.508119158813
43.5 0.508119158813
43.6 0.508119158813
43.7 0.508119158813
43.8 0.508119158813
43.9 0.508119158813
44.0 0.508119158813
44.1 0.508119158813
44.2 0.508119158813
44.3 0.508119158813
44.4 0.508119158813
44.5 0.508119158813
44.6 0.508119158813
44.7 0.508119158813
44.8 0.508119158813
44.9 0.508119158813
45.0 0.508119158813
45.1 0.508119158813
45.2 0.508119158813
45.3 0.508119158813
45.4 0.508119158813
45.5 0.508119158813
45.6 0.508119158813
45.7 0.508119158813
45.8 0.508119158813
45.9 0.508119158813
46.0 0.508119158813
46.1 0.508119158813
46.2 0.508119158813
46.3 0.508119158813
46.4 0.508119158813
46.5 0.508119158813
46.6 0.508119158813
46.7 0.508119158813
46.8 0.508119158813
46.9 0.508119158813
47.0 0.508119158813
47.1 0.508119158813
47.2 0.508119158813
47.3 0.508119158813
47.4 0.508119158813
47.5 0.508119158813
47.6 0.508119158813
47.7 0.508119158813
47.8 0.508119158813
47.9 0.508119158813
48.0 0.508119158813
48.1 0.508119158813
48.2 0.508119158813
48.3 0.508119158813
48.4 0.508119158813
48.5 0.508119158813
48.6 0.508119158813
48.7 0.508119158813
48.8 0.508119158813
48.9 0.508119158813
49.0 0.508119158813
49.1 0.508119158813
49.2 0.508119158813
49.3 0.508119158813
49.4 0.508119158813
49.5 0.508119158813
49.6 0.508119158813
49.7 0.508119158813
49.8 0.508119158813
49.9 0.508119158813
50.0 0.508119158813
