#INPORB 2.2
#INFO
* RASSCF average (pseudo-natural) orbitals
       0       1       0
      64
      64
*BC:HOST cpn-c01-15.core.ccr.buffalo.edu PID 1367412 DATE Fri Jul 10 14:23:48 2026
#EXTRAS
* ACTIVE TWO-EL ENERGY
 1.620277788192E+01
#ORB
* ORBITAL    1    1
  9.98565300520503E-01 -6.98814088731981E-03  1.61179462602675E-03  4.51689532939465E-03  1.85632237700845E-03
 -4.79541459728696E-10  1.74604444800043E-10  9.36634335197676E-11 -2.42701162908073E-11 -1.06526674893308E-09
  6.19625109865374E-10  3.13300999394586E-10 -2.10000260408524E-10  2.27654991378232E-03 -2.55611772686486E-03
 -2.22160485360993E-04  3.35311760283310E-04 -2.63334102519638E-12 -1.16205934822660E-11 -3.41905901429459E-12
  4.92396916732561E-11  2.00360930923658E-10  9.55183589833802E-12 -1.11232895810743E-05 -3.23145274403546E-05
 -7.72930272533174E-05 -9.71248632768572E-12 -1.85488396613001E-12  9.83849147283780E-12 -7.74364136806690E-05
  4.75138775116177E-04 -1.33386002020342E-04 -4.25571841184330E-12 -1.79883756359100E-11 -3.33900279134161E-13
 -3.42299457522989E-12  1.54926772167026E-11  2.73110164700119E-11  4.93980151197986E-06  7.03630324617617E-05
  3.62378003479831E-12  2.89557375614194E-12  1.53115208557000E-05  1.61314020193743E-04  3.52967496161100E-14
 -8.25436450074361E-12  4.57432162849820E-04 -2.48020624419131E-03 -9.42883520816950E-05 -1.27026130403918E-11
 -1.86134992671868E-11 -3.45591011508153E-04  5.57697667355248E-04 -2.99795809998371E-04  5.55150081114836E-04
  4.57433234876449E-04 -2.48020688007290E-03 -9.42891549376860E-05 -1.70419422957214E-11  5.75059271403118E-12
  3.45591180828894E-04 -5.57697799216370E-04 -2.99795940411998E-04  5.55150189712594E-04
* ORBITAL    1    2
  8.15548351875590E-03  9.25125589091307E-01 -6.75132553650867E-03 -2.06711721568956E-01 -3.62135454434949E-02
  1.55294122345533E-08  6.26770551175845E-10  1.20460784994609E-09 -2.08357990693168E-10  2.01564463627696E-07
  8.50071640195094E-10 -5.09919364807490E-08  3.33030663949640E-09  1.63766977527955E-01 -1.07266822782544E-02
 -9.43049435335657E-02 -4.06040036858450E-03 -1.64679620245534E-10 -9.74818022452921E-10  7.42660218074777E-10
  3.85819294897541E-09  5.58805650155242E-09 -1.20626060589768E-08  1.07720977824460E-03  2.90471356738492E-03
 -5.93958147764359E-03  9.46710098381258E-12  3.28176082959876E-10  3.27713490132682E-10 -5.80571776948290E-03
  2.72252698038372E-03  2.17189032257604E-02 -1.65606735295686E-09  1.85971934684636E-09  2.99702113651622E-11
 -1.72043563579121E-10  1.22164628902458E-09 -1.87470517053106E-09 -2.53901933124071E-03  4.77470755944532E-03
  6.78077985453819E-11  3.20956305813600E-11 -6.52272557690857E-03  1.04065075931545E-02 -1.06096363265092E-10
 -1.21927933500901E-10  3.54215316670473E-01 -1.47919186729589E-01  3.99242406698786E-03  4.35113350216268E-10
 -2.12704968602022E-10 -3.24411027544066E-02 -4.65723281709214E-03 -2.14679367255697E-02  1.20436997081379E-03
  3.54215066180704E-01 -1.47919123566887E-01  3.99246172440415E-03  2.17802493606479E-10 -1.30048476091856E-09
  3.24410872350716E-02  4.65723059138487E-03 -2.14679180864801E-02  1.20437101530794E-03
* ORBITAL    1    3
  1.11603983588819E-09  3.37634323349592E-07  9.45759165009798E-10 -1.84324306975141E-08 -1.61442269044815E-07
 -2.17195411696537E-08  1.15576003814339E-09 -1.02553684364994E-09  5.33102869687217E-09 -8.01720593115799E-01
  8.51875220201154E-03  1.99085610673875E-01  2.69452709921671E-02 -3.31221208272838E-07 -6.26311990612501E-09
 -6.21121702795517E-09 -4.60793675019444E-08  1.83126683577810E-10  2.25585563684207E-10 -2.67586490816384E-10
 -1.42724020830989E-02 -1.72511553435719E-02  4.28084731023306E-02 -2.44882237084513E-09 -7.68610914003217E-09
 -7.07453147125002E-09 -1.72523258005132E-10 -9.34146052551758E-10  1.93717186548624E-09 -4.30282073272468E-10
 -4.82268654711838E-09 -2.19299086299067E-09  6.07054647291388E-03 -5.25078171020973E-03 -4.10555789663647E-11
  3.79098388738048E-11 -3.19945415736212E-03  5.54174890611681E-03 -9.04310748536412E-10 -2.51872504415757E-09
 -1.62843204249056E-12  3.46146311102588E-10 -1.46924370990833E-11 -2.79103432020314E-09  2.33966716096582E-10
  4.22086170323577E-10 -5.48127942159555E-01  1.30722558322853E-01 -1.92934734607826E-02 -7.56970422371902E-10
 -1.02469568436379E-09  2.08971262229478E-02  1.94575952410509E-02  2.73245787242599E-02  9.09867850005054E-03
  5.48127962271223E-01 -1.30722431662455E-01  1.92935399545237E-02 -1.29873433672082E-09 -3.89026910354045E-09
  2.08971077000490E-02  1.94576246220475E-02 -2.73245760745254E-02 -9.09868912736754E-03
* ORBITAL    1    4
 -4.45943768086190E-03 -3.42120164546780E-01 -4.68311787220914E-03 -1.47112059160064E-01 -1.20047434898981E-02
 -4.96692396619609E-08 -7.30411358066691E-10 -1.50396112914242E-09  4.35609156524798E-09 -2.69293245127250E-07
  1.00454320854460E-08  8.12749662272531E-08  1.33540033984442E-09  8.75795014521850E-01 -3.41747313454983E-03
 -8.62520584450436E-02  2.12550245718076E-02 -5.08863486858643E-10  8.28334567953856E-10  4.36182207347843E-10
 -5.31210286222276E-09 -8.75102714031062E-09  1.10851950207844E-09  4.36706482429155E-03  1.76852053357149E-02
  1.36230497072864E-02 -4.53192264567798E-10 -2.00597663414072E-09 -9.74400748460987E-10 -4.15040879842455E-03
  4.29378668354367E-03  1.28558880591767E-02  2.27466409716955E-09 -2.17455277213268E-10  2.13712779274709E-10
  2.68249949307846E-10 -2.03166075349070E-09 -7.09860862579668E-10 -1.84536655221065E-04  5.83727187364378E-03
 -3.29893321888633E-11 -2.03213418965396E-10 -4.38732393509259E-03  5.78248391698427E-03  1.91506352431392E-10
  2.57496628019249E-10  3.26133261473071E-01 -1.21908394167455E-01 -3.87724434496372E-03 -9.71964265003819E-10
  6.07215194372548E-10 -2.33736733588351E-02 -5.21909723681603E-03 -1.40133737834433E-03 -6.46113817295015E-03
  3.26133826099452E-01 -1.21908450231922E-01 -3.87748967290353E-03 -1.47363234695221E-09 -1.36217326301253E-10
  2.33736729909619E-02  5.21909791277898E-03 -1.40134232436371E-03 -6.46111992396138E-03
* ORBITAL    1    5
 -7.93847796759528E-10 -3.60581679960235E-08 -2.65799893641060E-10  4.60622884383053E-09  2.51018949048678E-08
  9.85957039498342E-01  1.29478636912560E-02 -1.78743372737180E-02  2.44773151829094E-02 -4.46831705961556E-08
 -6.43726838406834E-11 -5.78393818674456E-10 -4.63884561464789E-10  4.23656816280347E-08 -2.28936494138200E-10
 -4.26530284101459E-09  7.40097724045944E-09 -1.52191206148949E-09 -3.71619810415079E-09 -4.73396306656312E-09
  7.39401088283684E-10  2.40585776524215E-09  2.83921606585867E-09  4.34536867843612E-10  6.94566560654351E-10
  1.75714476654743E-09  4.02255472283516E-03  1.70087542325779E-02  1.81158382993839E-02 -8.04110015273010E-10
 -1.36876338809717E-09 -7.36107194992390E-10  5.98551518207674E-10 -7.87268286597005E-11 -7.21026818121817E-10
 -1.43225496841588E-09 -1.78844016196911E-10  7.20535871138278E-10  2.04741924694209E-11  2.07302345053942E-10
  1.50170179053034E-03  2.20655338502239E-03 -1.44129110635511E-10  1.52110017753250E-10 -3.48464901244244E-03
 -3.96217212008471E-03  1.46723132944187E-08  1.86461523142018E-08  2.97197816743681E-08  1.95249278574235E-02
 -7.70223661958477E-03  1.77276422562369E-10  4.06338842820858E-09  1.63030214764478E-09  5.88100629358735E-09
  1.20393092931756E-08 -4.38293562792681E-08 -5.75668685840336E-08  1.95249296904424E-02 -7.70222195785979E-03
  1.21712959516955E-09 -8.07630342064676E-10 -1.20202315838743E-09 -2.59684328971992E-09
* ORBITAL    1    6
 -1.34273153461813E-02 -3.02874946695827E-01 -5.10671644063501E-03 -2.10380563813269E-01 -3.78016451225671E-01
 -1.74293368357741E-08  1.61897029296093E-09 -7.40796477541801E-09  5.63149202610176E-08 -1.78617124228439E-07
  4.57889236757662E-09 -1.20430222069818E-07 -3.42747237903990E-07 -2.52089090715577E-01 -2.84387633016268E-03
 -4.55304709575628E-02  4.64293136117702E-02  4.22720457353188E-10  2.19642860681116E-09 -1.98376260983539E-09
  7.31617855831724E-09  2.86080861727408E-08  1.49839588899984E-08 -1.07245861189088E-03 -5.31415319372946E-03
  7.94993216491486E-03  8.25177047018897E-10  2.46936460626053E-09 -1.45390716266791E-09 -1.20302280188609E-03
 -4.97803363639113E-03 -1.62658466237446E-02  1.57593233777009E-09  1.36435884673276E-09  2.07436603763798E-10
  2.91235631236459E-11  2.06448819149337E-09  4.21017567716479E-09  7.29343187216537E-05 -5.76856938406807E-04
 -4.54741945709344E-10 -1.07767270352332E-09  1.95810147751798E-03 -4.46163025195968E-03  6.98038945468497E-10
  6.67929457213400E-10  1.64693601027118E-01  2.38452283195404E-01  4.74645857494571E-01  1.83348823041785E-09
  1.31240779776325E-08  2.09507279865328E-02 -6.01685298761451E-04  1.49636995036691E-02  1.95301680251400E-02
  1.64693139386278E-01  2.38450823334515E-01  4.74648455096579E-01  2.76265928792167E-11  1.37658846571278E-08
 -2.09506973897402E-02  6.01680121929939E-04  1.49636652473940E-02  1.95300057236706E-02
* ORBITAL    1    7
  1.24284856365497E-07  1.90615795483452E-06  4.54297694218681E-08  3.85105980932621E-07 -4.30213666821935E-06
  1.03676519593167E-07  9.03031206135351E-09 -6.57445228988082E-08 -8.37503655164785E-08  3.89668056623178E-01
 -1.65399175738843E-03  8.98568639574902E-03  1.73781503930005E-01  1.39266087518677E-06  1.12325297821519E-07
 -4.67734112767887E-07  1.23412846150865E-06 -1.96827822399885E-09 -2.30082186954176E-09  1.73693389300803E-09
 -3.43191490448543E-04 -7.01840756583865E-03 -6.17706495152673E-03  1.01379436383480E-08  1.83608484510531E-08
  1.35630383418949E-08 -1.62777916868492E-08 -3.73196527920939E-08  6.05851593036022E-10  2.60342679876303E-08
  1.29838031443411E-07  2.69879498750609E-07 -2.46485353117506E-03  1.90448659990188E-03 -1.38560743078197E-09
 -7.96191587823829E-10 -2.28452091267728E-05 -3.92082399216230E-03  2.17675353748346E-09  1.23759412594201E-08
 -4.34458031858470E-09 -3.12817195857491E-09 -3.44385308737896E-09  5.41157209160364E-08 -1.29884830086511E-10
  4.05293112628647E-09 -1.41787318332783E-01 -2.71459704443489E-01 -1.91623045143015E+00 -4.79474823167011E-09
  9.01867134943838E-09 -1.73591206735670E-02 -2.60211785104198E-02 -1.40208079113496E-02  1.91401113720570E-02
  1.41784105696063E-01  2.71456945242674E-01  1.91623692019082E+00 -5.17798033317551E-09  2.32524350102012E-08
 -1.73588027287599E-02 -2.60189712958103E-02  1.40206698198644E-02 -1.91413817969500E-02
* ORBITAL    1    8
  1.73939183197768E-02  1.17303414628379E-01 -2.30451884405162E-03 -2.18932289377181E-01 -1.39783324183151E+00
 -5.93727086196274E-07  1.94559650120978E-08 -1.58462313713538E-07  2.13601201367264E-06  1.51047565068793E-06
  5.90396990242799E-08 -3.74036196095951E-07 -2.12038596187143E-06  3.98829737608694E-01  1.51063515638926E-03
 -7.88896335349098E-02 -1.06456910524545E+00  3.78025695092546E-09  1.16394177790364E-08 -2.40558037420196E-08
 -2.75726479937394E-08 -1.11489526556585E-07 -3.03258826213353E-07 -3.37020293645736E-04  1.03531051443466E-02
 -5.58235664131534E-02  1.94498247199746E-09 -2.91804914827103E-08  1.48308881278596E-07  1.67256566312603E-03
  5.05762397286353E-03  5.98703935240129E-02 -7.35729864292993E-09  1.01154813383728E-08 -1.54060449331900E-09
  1.27202188304524E-09 -1.05661540491984E-08 -3.03862694272382E-08  4.89307992252490E-04 -6.04777836029444E-05
 -2.58385202935098E-09  6.10553280890044E-09 -1.87135824699894E-03  8.74670085538875E-03  6.78165156133435E-09
 -3.87793959621107E-09 -1.41095927447172E-01  4.35371839118545E-01  6.10022994733856E-01  2.04894970451039E-08
 -7.35004927740270E-08 -2.30708498272057E-02 -1.03532426083247E-01 -2.32505229445843E-02 -1.19472049347289E-01
 -1.41093287116381E-01  4.35372356220098E-01  6.09999147893206E-01  2.29321355403168E-08 -1.57141631089004E-08
  2.30707151587795E-02  1.03531147613370E-01 -2.32503787878152E-02 -1.19470201428593E-01
* ORBITAL    1    9
  4.22682031240997E-08  3.36106859875697E-07 -2.45064085530643E-09 -5.08926227523915E-07 -3.30281827492630E-06
  3.21031035304051E-01 -1.23009976853269E-02  6.95436783477014E-02 -1.12393962214385E+00 -2.63834981810038E-08
 -8.53677570952603E-10 -4.18117237675550E-09 -8.54210360036346E-08  7.93516648346894E-07 -1.22655557111822E-09
 -2.19695160412293E-07 -1.82335594624976E-06 -2.13313410509231E-10  9.14198819937327E-09  2.54275272621572E-08
 -1.20994895466961E-09  1.76577548652294E-09  5.48087459071586E-09 -6.04791373024200E-10  2.51466555446301E-08
 -1.09731930101700E-07 -1.69193086664563E-03  1.68853499782752E-02 -8.24991130835493E-02  4.08202742008676E-09
  9.41099280874083E-09  1.31361769161075E-07  3.83718713215805E-10 -1.74668453253340E-09  9.22335747997035E-11
 -4.07927095693784E-10 -6.61261696730653E-10  7.62086476088691E-10  2.19816151000089E-09  1.04940099180985E-09
  1.09492911645370E-03 -3.11766836525773E-03 -4.23125073803630E-09  1.72734241530149E-08 -3.18570017260203E-03
  2.98140959906114E-03 -3.41467090872927E-07  9.51706828599214E-07  1.77147084223654E-06 -1.06591332612976E-02
  3.15585595659819E-02 -5.07236464569361E-08 -3.70090940313626E-07 -4.32285501848080E-08 -3.47086990520659E-07
 -3.67417778170424E-07  8.27118643754403E-07  1.13728961907033E-06 -1.06591468408693E-02  3.15583415146148E-02
  5.59237254147233E-08  3.11866750323699E-07 -4.70906148302577E-08 -2.83507031226379E-07
* ORBITAL    1   10
  2.60847167657714E-02  4.14680617301118E-01  1.16557204496323E-02  8.76844908403173E-02 -1.21343500843057E+00
 -1.11674085943289E-07 -1.44164499701145E-08 -8.53689014730952E-08  2.66366973474573E-07  5.80173993622327E-07
  9.50551001347992E-08 -6.86075909574611E-07 -4.74353400725384E-06  1.32848193025241E-01  2.95491666054189E-02
 -1.41755794661795E-01  6.57909182200932E-01  4.60385483427130E-09  2.32755577228979E-08 -5.37902427532951E-08
 -2.53504019774022E-08 -5.89761076624533E-08 -3.54820970254758E-07  1.96454539353155E-03 -3.56964904628577E-03
  3.67338299258088E-02 -1.69338130121439E-09 -6.46358180332987E-09  2.48052581329654E-08  3.53041003699250E-03
  2.25354316949531E-02  4.56648033023874E-02 -3.53811643734102E-09  5.81508893382400E-09 -3.32148302829736E-09
  5.16695694319960E-09 -5.96057171127760E-09 -1.64572244134351E-08  1.90264634333130E-04  3.60345082417174E-03
 -5.25010781437207E-10  3.28142466504805E-09  4.42335279928971E-06  8.69374074617818E-03  2.27407947263252E-09
  1.38447211668648E-09 -3.06236093139090E-01 -1.72280516940385E-01  6.61515426073869E-01  5.72949189035354E-09
  7.82481467369284E-10 -2.30050679574950E-02 -2.44162055318812E-01 -5.11891312086197E-03 -1.48649212783768E-01
 -3.06234670209634E-01 -1.72284397906671E-01  6.61478054535083E-01  9.52910897575752E-09  2.21770412977483E-07
  2.30050123674631E-02  2.44160180002114E-01 -5.11885389394145E-03 -1.48646998467967E-01
* ORBITAL    1   11
  2.04604298575622E-07  2.63768226372426E-06  9.27217182961573E-08  7.05314670354221E-07  8.13539969880294E-07
 -9.11409552340931E-08  1.74307640188329E-09  7.50208816936650E-08 -1.41436278101440E-07 -7.15514197235141E-01
 -8.70883092381280E-03  1.80772442390924E-01  1.87302054193304E-01  3.69046369914450E-06  1.99510842113186E-08
 -1.04981094481501E-06  6.57271579194575E-07 -9.58895540521009E-10 -3.33400192434009E-09  2.17138716292257E-10
  1.33807300180174E-02  5.87527431297878E-02  1.12451030300460E-01  1.13499282453467E-08  7.90659904911753E-09
 -1.42503473405775E-07  1.72821667842343E-09 -1.16870450589212E-08 -3.23138627300144E-08  2.10971558469423E-08
  2.04481202727890E-07  3.18548232465216E-07  4.09746056782941E-03 -6.56251752126593E-03 -1.32669063598560E-09
 -1.39972562688951E-09  1.96377658642751E-03  1.72296146345057E-02  5.26827751750852E-09  3.21833917823027E-08
  1.58866178000499E-09 -9.47582863764060E-10 -1.95540129986306E-08  1.22501558594342E-07  3.22294169934960E-10
  7.25388369075336E-10  5.91269909358449E-01  1.79070779689611E-01 -1.68935640367256E+00  4.46249801753541E-09
  6.68448157519962E-08  2.42976630872345E-02  7.21992130281661E-02  2.60754239107859E-02  1.16133863092772E-01
 -5.91276769618976E-01 -1.79075321028853E-01  1.68936185121308E+00  9.07356036950452E-09  6.73717921157592E-08
  2.42980543232261E-02  7.22000167454731E-02 -2.60757268200712E-02 -1.16134492757587E-01
* ORBITAL    1   12
 -6.59974371614861E-08 -5.07082215857851E-07  3.71686605493709E-09  1.33685064521466E-06  1.19521031549007E-05
 -6.30012310884606E-09  3.43625000976443E-10 -6.37873891160532E-09  1.59183332582567E-08  2.72694307533723E-02
  5.76053314613488E-02 -6.63733298909495E-01 -3.31517540944590E+00  9.29253788832010E-08 -1.01099502594606E-07
  9.95039460344333E-07  1.50084268266590E-06 -3.29299836770137E-11 -1.63132734159668E-11 -3.80972793701406E-10
  4.29345079171251E-03  3.47639253569142E-02 -2.15485140811766E-01 -3.42816437332645E-09  2.93290453987744E-08
 -1.50951223578556E-07 -2.73778240770316E-11 -6.57457502525601E-10 -9.86362454586718E-10  1.88819257495981E-09
  2.49594486466076E-08 -2.48596136519729E-07 -1.94262902144980E-03  9.76714892886865E-03  3.40993413697011E-12
 -7.25518825245105E-11  1.29149335326715E-03 -7.74056526440014E-03  2.00138383934242E-09 -1.61268210967820E-08
 -9.17434411299048E-12 -4.88736333465216E-11 -3.02294176156612E-10 -1.46341003203930E-08  1.91135096089684E-11
  7.96862698481961E-11  2.26083127263078E-01  2.76705204765958E+00  3.60384334717092E+00  9.15701940110311E-11
  6.39913452504897E-09 -8.61259284421518E-03 -4.04755199799104E-01  5.18782350949782E-03 -2.83696319673537E-01
 -2.26083455843026E-01 -2.76706093104066E+00 -3.60384807985448E+00  2.10195554558536E-10  5.94780535907691E-09
 -8.61263101855305E-03 -4.04756536864180E-01 -5.18778128687945E-03  2.83698085112729E-01
* ORBITAL    1   13
  2.78608101534992E-02  1.16324471381038E-01 -2.32735080039574E-03 -7.02416706308251E-01 -6.42165210566501E+00
  6.68924366005038E-09 -2.32794961439472E-09  2.72737274645008E-08  3.54378417833451E-08 -2.50774004054240E-07
  5.29058274611949E-08 -9.21837863097572E-07 -3.49246683345315E-06 -1.13201822875417E-01  1.98419617308141E-02
 -3.93886182381334E-01 -9.45271792950780E-01  3.44809127297112E-10  3.79783770745506E-09 -1.40876811193693E-08
  1.02579942856861E-08  5.54893241859250E-08 -4.58453695007657E-07  1.08336196012323E-03 -3.98852519617289E-02
  2.09485217749677E-01 -1.59730696915701E-10 -8.96590630646612E-10  3.88722141210864E-09 -4.81426397088657E-03
 -3.77338657194507E-02  2.23267359784768E-01 -2.36872366657343E-09  2.74126492619476E-08  6.82159054622405E-10
 -2.11655089951271E-09  6.72416850176052E-09 -3.57292458700729E-08 -3.66314214732369E-03  2.07923575871936E-02
 -2.07451579718427E-11 -6.44588260714402E-11 -6.65275721751633E-04  1.35893443135428E-02  2.15387344432176E-10
 -1.10971300806657E-09  2.54283741057696E-01  2.95233910747395E+00  7.90382222887725E-01  2.71181565484632E-10
  4.78069796543263E-08  4.51199389257469E-05  1.68048013918085E-01 -2.73036098935920E-02 -6.14674898555195E-01
  2.54282627412531E-01  2.95233165859895E+00  7.90381077369095E-01 -1.54677281223684E-09 -1.29858791651793E-07
 -4.51655348849009E-05 -1.68047947917407E-01 -2.73036215811027E-02 -6.14675917882770E-01
* ORBITAL    1   14
  2.82264345271508E-03  3.25690153518058E-02  7.29753289924805E-03 -2.38322788256922E-01 -4.17398869294791E+00
  9.45966059842798E-10 -9.49016170901366E-10  9.76624184082730E-09  1.74581861067059E-08 -2.11429419298135E-07
  9.35026045205634E-09 -3.20788330398996E-07 -9.53196619780334E-07 -2.19181170765824E-01  6.49697612840314E-02
 -9.17220459966672E-01 -1.89383678746807E+00  4.93070660495448E-10  8.37793004305532E-09 -3.74026481180898E-08
  3.90478394324615E-09  1.52694865697375E-08 -3.21165313363296E-07  2.24236947209100E-03  4.30046735324188E-02
 -2.71403800330119E-01  6.72382488427341E-13 -4.43408096710903E-10  2.57719699471240E-09 -3.70532706657766E-03
  3.01553615716745E-02 -1.37669691382005E-01 -1.77847462560654E-09  2.59643012858861E-08  1.36344352186913E-09
 -4.66173545548512E-09  4.52702158934039E-09 -3.08301156969914E-08  4.35188022780350E-03 -9.55458843324948E-03
 -2.29681249732888E-11  2.44590175344120E-11  2.76440129563737E-03  8.15271209610554E-03  8.25211014122177E-11
 -4.25171282631457E-10  1.25341598153898E-01  1.97961779242047E+00  4.98269968349500E-01  1.94058643512750E-09
  1.65509609884688E-07 -3.85934762241440E-02 -6.07020323304892E-01  9.81360742920446E-03  7.85196706424047E-01
  1.25341036796108E-01  1.97961593580340E+00  4.98272631761913E-01 -2.31039452707288E-09 -1.94249484051686E-07
  3.85934307495948E-02  6.07021711966478E-01  9.81361713133048E-03  7.85195177026133E-01
* ORBITAL    1   15
 -2.35019896279904E-09 -3.13556598442807E-08  1.72715097336832E-09  4.04490586620924E-09 -7.05315313107439E-07
 -1.28123952844528E-07  6.17366698895961E-08 -6.04278500503901E-07 -1.09531890879497E-06 -1.82439909679221E-09
 -6.21530776166381E-10  8.10431196181279E-09  5.40834711842295E-09 -5.60703261546212E-08  4.74028791469602E-09
 -1.32266483100264E-07 -3.83892749511853E-07 -3.19053731882056E-03 -6.28254605603500E-02  2.84393638119305E-01
 -2.81709935348307E-11  2.25715495047427E-10  1.92232029751445E-09  2.32586237787481E-10  3.48020938643104E-09
 -2.54461319116059E-08  2.28841239206369E-09  3.02067069877746E-08 -1.52139432082647E-07 -1.48200425944816E-09
 -2.30370504175224E-10 -6.99173621044914E-09 -2.55100956702647E-12 -9.75187034166235E-11 -9.62630383541665E-03
  3.41288595649464E-02 -2.33655081562406E-12  1.03971215377944E-10  2.64131777104000E-10  6.97378245289827E-10
  1.47884781613348E-09 -3.72951545509336E-09  2.04139574301782E-10  2.95858357514446E-09 -5.80044672282000E-09
  2.72666335427803E-08  5.67533166986214E-08  4.23101917235253E-07  1.54775606695066E-09 -1.71818816541978E-02
 -1.27606550566838E+00 -4.45534070325025E-09  2.37802431882470E-08 -8.10483380181213E-10  1.40985123870425E-07
  5.93159111376888E-08  4.70125969555348E-07 -2.52866205108336E-08  1.71819090259707E-02  1.27606746054583E+00
  4.85309378934809E-09 -9.94780509188280E-09 -1.39768869255302E-09  1.35622794619628E-07
* ORBITAL    1   16
 -2.06900628557155E-09 -2.35011102828076E-08  5.67698208364540E-10  4.81633219465637E-08  1.09899978224209E-08
 -2.08929795268783E-01  7.91257696069816E-02 -8.09082884800904E-01 -1.28209696627754E+00  1.79333664484492E-08
  1.82663223468394E-09 -4.27333254201404E-09 -3.19222141715893E-08 -7.20482328770749E-09 -3.06815785443396E-09
  2.73375820953501E-09 -1.12397104805802E-07  2.65693260582770E-09  4.54799669077157E-08 -1.91861514426748E-07
 -3.13468424289105E-10 -9.06977192576684E-10  1.08413837827692E-08 -8.82298109466753E-11 -3.67675218702176E-10
  1.59978602344550E-09  4.63647950705473E-03  3.54987291664137E-02 -1.51929957901557E-01 -4.63867807022605E-10
 -1.67473009829548E-09  7.88498832000154E-09  1.27515933292240E-11 -1.02211878864283E-09  7.09903121267382E-09
 -2.35135604026659E-08 -2.71039236413040E-10  1.46319702174101E-09 -1.51604742132160E-10  1.18560077734217E-09
  1.35398793716060E-03 -1.48794313229338E-03 -1.54174618087919E-10  1.68528447080763E-09 -7.51541151940688E-03
  3.48326255897386E-02  6.73533887903909E-09  9.59725429009318E-08  7.03837770936869E-08  1.65983958067854E-02
  1.30226496041585E+00  4.27895176138952E-10  2.44211918239345E-08 -1.82050632376260E-09 -2.02455148325512E-08
  3.76058034530507E-08  5.24614296281903E-08 -2.08155794982441E-07  1.65983753332546E-02  1.30226312092823E+00
  1.42612588195813E-09 -1.19341609698446E-07 -2.06533510724428E-09  1.05663763804649E-07
* ORBITAL    1   17
 -1.04558599725301E-07  8.05668432373869E-08  5.32233402637313E-08  5.08432462756754E-06  4.73554889933429E-06
 -1.03547407862377E-09 -6.19927398174635E-09  3.44208565260873E-08  3.39339660553992E-08 -2.45158762846341E-01
  5.89791365491629E-02 -1.18703282147055E+00 -2.62269071412347E+00  1.70960309468425E-07  9.16475611708444E-08
  1.92065912878533E-07 -2.37117465144466E-07 -1.36552068242367E-11 -5.75761959008750E-11 -8.27842240360015E-10
  5.87238428840092E-04 -3.63365077743856E-02  1.08686752629246E-01  8.98584862442706E-09 -4.40791028177426E-09
  9.15335567003798E-08 -4.76547833860346E-10  3.03581647482800E-10 -9.43585575827022E-09 -9.87763325907656E-10
  6.11006402395915E-09  1.59170668610575E-07 -1.01582596692917E-03  8.91963920426938E-03  1.00164465400528E-11
 -1.33071547290734E-10 -1.13223394381954E-02  3.43705005465907E-02 -6.82643288675631E-09  4.36901966493671E-08
 -1.32965689513314E-11 -1.00993899381993E-10 -1.51006604249840E-08  8.06101496361820E-08  2.21219724433403E-10
 -1.04099714738524E-09  6.99686070043530E-02  2.68043501647775E+00  2.03713889059959E+00 -2.46926683419446E-10
 -2.86917374976619E-08  5.73214737293665E-03  1.95519423136956E-01 -1.91942845636541E-03 -1.94628855277023E+00
 -6.99690489024812E-02 -2.68044091716849E+00 -2.03714071836041E+00  1.76271579345185E-11 -2.97693523355027E-08
  5.73220522431196E-03  1.95514765229978E-01  1.91937503993560E-03  1.94629288895701E+00
* ORBITAL    1   18
  7.92628279185554E-02 -4.05800372711664E-02 -2.99327577659411E-02 -3.81583998266771E+00 -6.01316257887507E+00
 -1.67634567406703E-08  4.87958010056809E-09 -3.53842591944406E-08  3.95055738536813E-09  1.87283573837680E-06
 -2.17295206284071E-07  7.12645267318631E-06 -4.91458778133286E-06 -1.92369693980019E-01 -3.24964978422933E-02
 -6.59487871099754E-01 -5.99479382610295E-01  7.27983832154009E-11 -3.98627632438490E-09  2.32360126969202E-08
 -1.44928834114353E-07 -2.85238769768405E-07 -4.36649516612531E-06 -5.13276128350922E-03 -2.78580342771688E-03
 -8.87154304673995E-02  3.73492023901548E-10  1.78129822653619E-10  3.35712986686956E-10 -6.02362721721237E-06
  8.11155714361550E-03 -1.93032781714378E-02 -7.23573875821640E-08  3.85302660854091E-07 -3.36013114387841E-10
  1.54478923889886E-09 -2.00008277855350E-08 -3.97130249078995E-07  5.07278430378480E-03 -2.03024604701422E-02
  1.22561068547527E-11 -4.59419802081027E-11  1.14460622678964E-02 -3.29683618911151E-02 -1.91276101868675E-10
  1.09443248120023E-09  1.97129316426376E-01  3.69361152305843E+00  7.65765303253587E-01 -1.46228905314230E-10
 -1.80085083545146E-08 -8.20198078827218E-03 -1.60021380679445E+00  1.01167960985914E-03 -1.36049765910571E+00
  1.97134133517658E-01  3.69369877650286E+00  7.65779116292272E-01  1.93759999226334E-09  1.00246447406315E-07
  8.20104329529687E-03  1.60028137764393E+00  1.01201408185329E-03 -1.36051246328963E+00
* ORBITAL    1   19
 -8.31745006554879E-07  3.77529297607518E-07  2.86761128963128E-07  3.97784378466803E-05  6.74201976082143E-05
  1.11143689718998E-08  1.00012585184584E-08 -4.27250587510665E-08 -2.35384537529060E-08  2.56652186091059E-01
 -5.81792752287344E-02  1.36365103687322E+00  4.31516950749129E-01  2.08875821056973E-06  2.84766889688570E-07
  7.97375481053712E-06  8.06618323751082E-06  1.15575013844473E-10  8.72884369356038E-11  3.16019097169708E-09
 -1.15818430029227E-02 -1.60142425272531E-02 -2.67048508163771E-01  5.09413943279746E-08  3.65593232467399E-08
  9.65857952223173E-07  1.27089285733094E-09 -1.87544972940487E-09  3.28729534658601E-08 -5.57312222775518E-09
 -1.28527291925985E-07 -2.46989912023004E-07 -7.78702847533395E-03  3.17366298305429E-02 -1.09587541468830E-11
  2.63171553824663E-10 -1.10287473024216E-03 -3.29383926207886E-02 -5.30511102517994E-08  1.72313291831236E-07
 -8.29261277946877E-11  7.46656844429255E-10 -1.20509933982300E-07  2.62069887320046E-07 -2.67984447281289E-10
  1.06056784028531E-09 -2.42757267378363E-01 -6.54070687392102E+00 -1.10727597786740E+00  4.29143621921235E-10
  1.47294978883561E-08 -4.30427225226746E-02  3.82693703715161E+00 -9.46161481748968E-03  1.17851052942780E+00
  2.42753295660398E-01  6.54062302745819E+00  1.10726023914647E+00 -1.50116048705538E-11  1.99361345199947E-08
 -4.30430700519456E-02  3.82690473976091E+00  9.46172118286157E-03 -1.17848357758957E+00
* ORBITAL    1   20
 -1.95942977356021E-07  4.95743920572123E-08  4.92655874374254E-08  9.02198773076103E-06  1.79583331092747E-05
  1.40862553992489E-08  7.66580068129379E-09 -2.91801978534625E-08 -2.35737924684612E-10  6.35424686546738E-03
  1.27659346849493E-01 -1.87150005810251E+00 -2.17967257036440E+00  5.10075808365279E-07  4.56161269929069E-08
  2.44994976244615E-06  2.93978165977784E-06 -2.67353631170343E-12  1.63958468127538E-11  4.08127140694541E-10
 -2.53410817455919E-02 -2.29547074153497E-02 -1.13063044814894E+00  1.28293302933042E-08  9.96987927971695E-09
  3.16241857478554E-07  1.50833266466399E-09 -2.37040521932424E-09  4.10969141018381E-08 -7.67905126844617E-09
 -5.71765888220383E-08 -4.25043056580372E-07  2.89930778082657E-03  2.20424622065568E-02  1.01357673444013E-13
  9.15497614437166E-11  5.56860599796542E-03 -7.28038704744721E-02 -1.28767081056130E-08  1.65871145386661E-08
 -1.35798517382725E-10  1.18452657255877E-09 -2.87296035877250E-08  3.67030592947428E-09 -1.65794442438561E-10
  5.78464529961113E-10 -2.44447282577150E-01  7.55532353542004E+00  7.45679364484590E-01  5.07922589694328E-10
 -6.00741204017167E-09 -1.99788120837638E-02 -2.08503537524749E+00 -2.95496313333357E-02 -4.31742600627544E-01
  2.44446557430582E-01 -7.55534691093231E+00 -7.45682554087873E-01  1.50694637603455E-10 -2.39444968711719E-10
 -1.99790190268992E-02 -2.08504180846349E+00  2.95497449400843E-02  4.31747796389508E-01
* ORBITAL    1   21
  2.65303061188172E-02  1.76414714585587E-01 -3.81890725589974E-03  1.26104661052186E-01 -2.87090651755945E+00
  2.73705385535060E-09 -1.57126981955328E-09  1.07174930142070E-08  1.32495081466980E-08  1.92526816572530E-07
  2.25061589920616E-08  2.06576545058915E-07 -2.46151013065757E-07 -8.48927693805213E-02 -4.76980101468875E-02
 -2.84780525682628E-02 -1.25789482886111E+00 -2.87090315895747E-10  1.46309202854078E-09 -1.66737056751333E-08
 -2.28971150957044E-08  9.54360200421292E-09 -7.52915923135122E-07 -2.01402931355829E-02  5.00557222551595E-02
 -5.66278347542025E-01 -5.62649125218007E-11 -2.83047494697918E-10  1.38780146205499E-09  3.31693966856317E-02
 -5.13649515143770E-02  1.02404167975086E+00 -1.61369019065864E-09  1.13476086849642E-08  1.57417867753919E-10
 -1.01123079736425E-09  5.03556604934610E-09 -5.61316992194833E-08  9.20995718100676E-04 -4.39395766631508E-05
 -8.53119110336855E-12  2.94396084048561E-11 -3.02342795440467E-03  4.68436903661437E-02  6.09311231372255E-11
 -3.02521691381234E-10 -2.75714681702243E-01  1.97488505427022E+00  1.09727843019999E-01  7.42615748030859E-10
  9.36733853493393E-09 -8.00944847201269E-03  3.15828538372996E-01 -6.76388293519257E-03  3.40357154458651E-01
 -2.75714068732568E-01  1.97488590443370E+00  1.09728197754898E-01 -7.72456853187874E-10 -3.44854194615997E-08
  8.00942093500697E-03 -3.15827002869166E-01 -6.76387851211129E-03  3.40355814115195E-01
* ORBITAL    1   22
  5.43998860653159E-10  1.66374060287678E-09 -2.85452915688375E-11 -2.05991612292335E-08 -2.89001589359558E-08
 -2.55488830369515E-01 -9.43086025296634E-02 -6.75229871700567E-02 -9.73325002137898E-01  3.21190126799744E-08
  5.92089008372370E-10  6.28188582057180E-08 -1.68492021339152E-08  1.01597135291741E-09  2.10635661056714E-10
 -4.55504130349465E-09 -6.81623241435897E-10 -7.48149150701825E-10  2.46752704005892E-09 -3.20741043265562E-08
 -2.73984862994661E-09  2.51226692019759E-09 -8.23887370884247E-08  1.28101949037754E-10 -4.67973300665843E-10
  5.34001684627376E-09 -3.95869090135638E-02  9.67873202302109E-02 -1.30059374335619E+00  7.04938508622004E-11
  6.89364245409273E-10  1.87715618912771E-09 -2.87326049700336E-10  8.72366771949542E-10  1.35215003878799E-10
 -6.25406249757383E-10  5.51485084454410E-10 -5.77859512412898E-09  1.47802039867457E-11  2.28676247449769E-10
  3.87343699750770E-03 -3.52319423352849E-02  8.20389184312065E-11  1.43440097434229E-10 -1.11700039546576E-03
  1.21436423331163E-02 -4.22505794553424E-08 -1.18110427332972E-07  4.27087638178528E-08  2.72656424891921E-03
  8.62575291930311E-01 -1.43585752168612E-09  8.55836478322616E-08 -1.21567753748020E-10  7.71341954639234E-08
  4.13914036682241E-08  1.58953926999410E-07 -4.07377725499174E-08  2.72655857833108E-03  8.62575209927612E-01
 -4.14601129204785E-10  9.68709529652247E-08 -7.06673713801028E-10 -9.52570258152835E-08
* ORBITAL    1   23
  2.51265185229841E-02 -8.88709247324990E-04  2.07343141774664E-03 -1.54350994385808E+00 -3.86232442079377E+00
  1.81305084770836E-09 -1.02572587888038E-09  1.09634585078611E-08  3.80450049894363E-09  1.64750008083482E-07
 -1.85157134061969E-08  9.94565305512799E-07  2.29213730627595E-07  1.74301570033367E-01  3.02312352737460E-02
 -2.84628427884337E-01  2.94186656242211E-02 -1.47575367271443E-09  3.81985429037904E-09 -6.53295230352826E-08
 -2.27688881037128E-08  6.51622906702637E-08 -6.54760003488171E-07  3.55849026752808E-02 -6.84832539471843E-02
  1.44559889654506E+00  9.42221940967781E-11 -5.11541862622783E-10  7.28974789898419E-09  1.92256878277364E-02
  2.90630886328428E-02  9.24258380163109E-01 -2.31789228324945E-09 -6.80826644196755E-09  3.34451838958619E-10
 -2.77579698682832E-09  6.32858431742687E-09 -4.04594211698342E-08 -4.44378242475284E-03  7.62596248772250E-02
 -2.27041931427677E-11  2.32016947629703E-10  9.37974048736313E-04  6.35661693971104E-02  2.88674306112775E-11
 -1.97579099096522E-10 -1.41644888621630E-01  2.78972576078170E+00  2.36451135677563E-01  9.69614971316915E-10
  4.40504724769928E-08 -4.70699291830875E-02  2.41963980808773E-01 -4.28124966004050E-02 -1.20359724663085E+00
 -1.41644370201685E-01  2.78973055038746E+00  2.36450854331556E-01 -1.44405093186992E-09 -6.74919045496813E-08
  4.70699733505264E-02 -2.41961802015734E-01 -4.28125534096302E-02 -1.20359898679008E+00
* ORBITAL    1   24
  8.33873611474718E-11  9.51149127101105E-09 -7.75688520661733E-11  1.82584954893916E-08 -1.01017256127739E-07
  2.04255663291199E-08  2.90857207025330E-08 -1.41780327805786E-07  2.63563557398849E-08 -1.54118002356067E-09
 -2.29798955156100E-10 -3.13896649649240E-09 -2.26584102551961E-09  9.10977479245842E-09  2.58929193828273E-09
  1.46370391920541E-08  2.38659664086069E-08  4.28255244750382E-02 -8.79342821903010E-02  1.78995560816357E+00
  5.88945557853320E-11  1.76238073145571E-11  2.02347477383728E-09  1.28830539028296E-09 -1.56608248189430E-09
  5.52325755756109E-08 -8.41600089477953E-10  5.76520304864072E-10 -6.03441599461816E-08  1.42657183269263E-09
 -1.88145808034621E-09  5.25065012301942E-08 -3.89097544552120E-13  3.84777790163532E-11 -7.99029398316945E-03
  7.25988526318890E-02 -1.98703989100922E-12  1.04038818489837E-10 -3.65748772499950E-10  2.88160398910666E-09
 -2.73054022281950E-11 -5.68440981131437E-10 -4.15384787306506E-10  2.23018383135846E-09 -1.13425735985577E-09
  6.60541804311627E-09 -9.67729416741141E-09  4.01035308053054E-08  2.75560890573480E-08 -2.52824824589077E-02
 -1.37886420979239E+00  1.40885597239788E-09  1.64040357555998E-08  3.20300382659212E-10 -3.99015772029752E-08
 -1.22739253473534E-08  6.83480083238661E-09  3.35415166239147E-08  2.52824858459438E-02  1.37886433459376E+00
 -1.20259546695124E-09 -3.20136739232076E-08  2.85906248098698E-10 -3.26056826503939E-08
* ORBITAL    1   25
  7.51818029346050E-02  3.51960969662724E-01  3.45603007393482E-02 -2.82852291588877E+00 -4.44769278558594E+00
 -4.51280261772178E-09 -7.53689471921120E-09  4.25710172556193E-08  7.68222832669759E-09 -7.54072809097123E-06
 -1.93064317124607E-06  5.68613532603746E-05  1.41078383556999E-05  5.55188390001699E-01  1.13073605660393E-01
 -2.29400953126253E+00 -1.00775108491992E+00  7.12803898979034E-10  1.13089853390578E-09  1.83953652299628E-08
 -6.06084418623771E-07  6.20778123331399E-06 -1.66614489436875E-05 -6.95661081125804E-03 -3.72719068982894E-02
 -6.89658523810110E-01  3.14259069837895E-11 -3.75666154828868E-10  1.30136441764960E-08 -1.42377737741157E-02
  2.65946555566357E-01 -6.14689691278690E-01 -6.99055446448960E-08 -1.59653613875301E-06 -3.80167375666344E-11
  6.04044666412448E-10  2.65155859852602E-07 -3.07212764183323E-09  1.17223035547781E-02  1.96364061719829E-02
 -6.08622835194729E-11  5.62827224735904E-10  2.09382205720548E-02  9.40976126393026E-02  1.00440612960994E-10
 -5.78671359916439E-10 -5.39872254819095E-01  3.85906208434212E+00  2.17531160433525E-01 -1.53150703496690E-10
 -2.73559546781795E-08 -2.83453073828548E-01 -9.60982285534737E-01 -1.72956123179351E-01  8.85740054032087E-02
 -5.39878684395402E-01  3.85928011934688E+00  2.17530260250525E-01 -1.38191618461238E-09 -2.36916864720932E-08
  2.83460002426512E-01  9.61046147008614E-01 -1.72964313217563E-01  8.85177331152142E-02
* ORBITAL    1   26
 -1.24084279956271E-06 -5.99850665986075E-06 -5.93252261341548E-07  4.66833592083066E-05  7.32734693157383E-05
 -2.77622393120588E-07 -2.59524608343755E-07  1.36604224271376E-06  1.58934885807725E-07 -4.86081001792332E-01
 -1.16590180526808E-01  3.37258665607357E+00  8.31613701990250E-01 -9.68530689112148E-06 -1.96137490580107E-06
  3.85083740421069E-05  1.64661651158460E-05  5.72645040588288E-11 -2.70274397854383E-10  1.24261336250305E-09
 -3.46547715768936E-02  3.73677400354747E-01 -9.52374302427514E-01  1.08226685700198E-07  6.43236491574597E-07
  1.13043879732152E-05  5.86171680248046E-09  5.35004736781721E-09  4.59276992847029E-07  2.26329524181062E-07
 -4.50821135969122E-06  9.95457368890608E-06 -3.96155463227468E-03 -9.74319704804708E-02 -7.25026767816284E-12
 -2.12937364363363E-10  1.56775655352090E-02  3.86518650034562E-03 -1.94605171619877E-07 -3.64097787140514E-07
 -1.61227209533281E-09  1.64911402399154E-08 -3.48449735531159E-07 -1.63166401477642E-06  1.98016376070798E-09
 -1.62770121472557E-08  2.27621428452825E-01 -6.41475960281141E+00 -1.27109390307664E-02 -2.59151338939540E-08
 -5.98683703753593E-07  2.10761765236116E-01  1.85652024392880E+00  2.48204871478315E-01  1.63588242688470E+00
 -2.27602659481236E-01  6.41463158368591E+00  1.27037316924139E-02 -2.52849059395433E-08 -5.98944509104257E-07
  2.10752138765951E-01  1.85648893729430E+00 -2.48198996794723E-01 -1.63588548300256E+00
* ORBITAL    1   27
 -4.10764154743372E-10  5.58696343306558E-11  5.43079971858013E-10 -1.07595994551957E-08 -7.43193644365769E-08
  5.73328418831011E-01  5.27430436704280E-01 -2.72213729414909E+00 -2.20914380928125E-01 -2.84734862076388E-07
 -5.91301346683044E-08  1.67757510302067E-06  4.12873604715714E-07  6.44912196539885E-09  5.95625642217184E-09
 -4.35381506685055E-08 -3.70330011266868E-09 -2.33848122930813E-09  3.66189616935607E-09 -9.47411098955397E-08
 -1.64894561755685E-08  1.92053134865000E-07 -4.59888416142064E-07 -2.15578220674382E-11 -4.59388414876278E-10
 -9.11214362312143E-09 -9.61090508871192E-03 -1.59590484382060E-02 -8.58830396327239E-01 -5.91759173899927E-11
  1.51786603510613E-09  4.47042884658592E-11 -1.86247911885450E-09 -5.01636528948460E-08 -1.22931563454624E-09
  2.36682502816500E-09  7.78591198166357E-09  4.70678115547208E-09  2.24399925478448E-11  4.63609847253148E-10
  3.14190567280572E-03 -3.08935921611418E-02  4.14071086787083E-11  1.28806934436428E-09 -3.50747675455405E-03
  3.00623708646890E-02  1.40050792550734E-07 -3.10266675034385E-06  1.21039749877855E-08  5.36024450728667E-02
  1.12764840124012E+00  1.07871289046989E-07  9.01749204310907E-07  1.27714594925649E-07  8.06629371300225E-07
 -1.49796374853935E-07  3.19744069718163E-06  2.08276013006860E-10  5.36024376215178E-02  1.12764824459481E+00
  1.11794109563930E-07  9.17827200934922E-07 -1.29832644746530E-07 -7.92359201067943E-07
* ORBITAL    1   28
 -1.37857882690664E-01 -8.12152771568444E-01 -1.29079964492930E-02  1.88285145331818E+00 -1.89102207669491E+00
 -6.82865184929273E-09 -3.52699348649339E-09  1.59759634012590E-08 -3.61445219270212E-09  1.39127582683287E-08
 -1.07305326593072E-08  1.83198723249290E-07 -2.94232149391524E-08  2.56473122282735E-01  6.03824512460674E-01
 -1.99784938930301E+00 -2.61476493766696E-01 -1.91388604170717E-10 -4.95763810159444E-10 -3.45684100802063E-09
 -9.21648374943738E-10  1.33243085100769E-08 -5.11741682781290E-08 -4.85647788523663E-03 -1.03008232068078E-02
 -4.72619415221813E-01  6.25936712713308E-11  3.20194289433547E-10  5.42839022781291E-09  5.81691579851969E-03
 -2.11061732563494E-01  6.44730952319058E-01  3.21607822521336E-11 -5.10546822203661E-09 -1.30459749874329E-11
  2.02602597546748E-10 -4.87030357452032E-10  1.47780658947182E-09 -8.89011678269840E-03 -3.10253773373353E-02
  1.44942807596059E-11 -2.15096692023248E-12 -2.45359278719344E-02 -2.67243280153655E-02 -1.38552197681003E-11
  3.91489550341051E-13  8.53517749866423E-01 -1.10457925074256E-01  2.14288399874217E-01 -7.60181215144665E-10
 -4.57896272179801E-09  2.33661923443878E-01  4.71712745079266E-02  1.37222168811980E-01  6.29900138715322E-01
  8.53517734626886E-01 -1.10457196652820E-01  2.14288030247362E-01 -1.00321052665711E-10 -1.11393331348195E-10
 -2.33661921678561E-01 -4.71710760744052E-02  1.37222148079882E-01  6.29899937403118E-01
* ORBITAL    1   29
  5.58943066655890E-09  2.56117483301752E-08 -2.47034255523065E-09 -2.76239255151142E-08 -1.42887885530365E-07
  1.75756466283375E-09  2.79097043569222E-09 -8.15226797513503E-09  2.52542928746130E-09 -1.98936033278209E-01
 -7.61008081611795E-01  4.32238644986893E+00  1.98847402767253E+00 -9.54983222735895E-09  2.06698625796321E-09
 -4.99485986158299E-09 -3.26211688388138E-08  3.73294057022823E-11  2.14380420608917E-10 -1.05201263461898E-09
 -5.72932097037057E-03 -6.01658830613087E-01  1.59871932340764E+00 -1.33020584824007E-10  3.43154906124653E-09
 -1.98230717896605E-08  7.39686050818312E-11  2.04017094957322E-09 -2.82912141086669E-09  3.90699061224353E-10
 -6.14673076626026E-09 -2.37722683580258E-09  4.15245566828143E-03  1.30408123044618E-01 -3.70358354409354E-11
  2.19767897504108E-10  3.34138755960587E-03 -1.85246773119916E-01 -1.35602605884903E-09  4.79719322739798E-09
 -1.54596102180405E-10  1.43321548506516E-09 -3.32646022600358E-12 -8.47158001036932E-09 -7.04502109773252E-11
  6.91847058318892E-10 -1.25171317208539E+00 -6.13312806300783E+00 -9.82870344525281E-01  2.08993765470439E-09
  1.92816227567081E-09 -9.52857877966593E-02  1.42073535364139E+00 -3.05365901027994E-01  1.30688014378604E+00
  1.25171319485475E+00  6.13312810834534E+00  9.82870427250696E-01  9.99928619841413E-10  8.31347384394346E-10
 -9.52857896883605E-02  1.42073540917720E+00  3.05365929698709E-01 -1.30688016045226E+00
* ORBITAL    1   30
 -4.62204409190695E-10  1.94989537792032E-09  2.60165964287407E-10  7.50323536838220E-09 -2.01678105006832E-08
 -1.50661796960663E-08  4.95681509521766E-09 -6.01880069513749E-08  5.51006498559509E-10  2.37691707547437E-09
 -5.29578189097646E-10  1.85079289726086E-10  7.97237157859555E-11  4.84501910527213E-09  1.73469732570281E-10
 -7.16718557850847E-10  4.54891806363951E-09 -1.07018341176366E-02 -3.97566764326425E-01  6.93362996136645E-01
 -2.38153896284627E-11 -9.31092708139830E-10  3.88743102119810E-11  3.79021423985861E-11 -1.58305925784633E-09
  1.90409570329735E-09  7.74194039258461E-10  3.60761857543617E-08 -6.95404772779451E-08  5.48434187233162E-11
  1.20379842254767E-09  5.54434132085131E-10  5.46143928289212E-11  1.43337549436981E-10  5.28026966757851E-02
 -3.40907858720704E-01  3.02015652291541E-11 -7.81084731738627E-10  2.78203003058839E-10 -1.51489339408722E-09
 -2.68157246512071E-09  1.95536448042442E-08 -5.36396941362574E-11  1.60755787081701E-09  6.92871587278487E-09
 -4.30648308458948E-08 -1.06750834967811E-08 -4.35696264752801E-09  2.47853895536282E-08 -5.37631462194130E-01
 -3.31067721205104E-02 -1.74501443000789E-09 -1.59686948376520E-09 -2.52259041443402E-09 -9.82737567787861E-10
 -4.03724516055586E-09  4.87792330886771E-10  1.75022924828709E-09  5.37631598485993E-01  3.31067816765074E-02
  8.02541649589310E-11  2.73554527704989E-09 -3.63872117545243E-10 -2.17918197643533E-09
* ORBITAL    1   31
 -2.27267232315513E-10 -1.40168920214131E-09 -9.96620855578157E-12  2.22236852995205E-09  1.71482433489626E-09
 -1.32964037391724E-01  2.78754263547311E-02 -3.52526248968787E-01  8.14447470193378E-02  1.17189533872783E-08
  2.37657045210224E-09 -1.62215191871887E-08 -1.73716617646440E-09  5.27226336477037E-10  3.18749668830425E-10
 -1.81687821885794E-10  4.87026465621758E-10  1.33078560617816E-09  5.80525812026897E-08 -7.65723138709361E-08
  8.22617314764465E-11 -5.76860067571105E-10 -3.31818085063340E-09  3.47955842360195E-13 -2.49055104610779E-10
 -5.32185853532033E-10  7.48740238555310E-03  4.15184223560097E-01 -5.36275921431351E-01  3.41658524756053E-11
  9.59908655647606E-10 -1.21322982225128E-09 -1.24066018489539E-10  9.11765388130986E-10 -6.19095870588163E-09
  4.53771506951617E-08 -5.32952752787520E-11  5.95469356257555E-11 -1.60900100382865E-11  1.46456699371271E-10
 -1.87483691145294E-02  1.55772177276579E-01  2.75989018541275E-11 -3.55807542029603E-10  6.48563323142449E-02
 -4.42954228314591E-01 -2.18983473974248E-10  1.08040633500273E-08 -4.96029264581099E-08  5.00046116712488E-01
 -8.88556327367647E-03 -2.28061508204197E-09 -5.36219858479822E-09 -5.99911052199498E-10 -4.10029565778455E-09
  3.70243630128382E-10 -1.39714552646161E-08  4.91956541651277E-08  5.00046009783094E-01 -8.88557118313925E-03
 -1.96430474127967E-09 -4.86279470465775E-09  1.56389836848992E-09  4.66402824019492E-09
* ORBITAL    1   32
  1.31517669414589E-01  5.83231308006999E-01  8.35859732625424E-03 -1.93516038398108E+00 -1.13886899660365E+00
  7.59822198245873E-10  4.70259576420872E-10 -2.92482545132298E-10 -3.14611878587127E-09  3.32708481066149E-08
 -2.08956318555500E-08  8.03904514835595E-08  2.66703057579561E-08  7.27620213815208E-02 -1.05095812708468E-01
  2.55147797681565E-01 -3.21764544048540E-02  9.94685026270506E-11  1.27180694521587E-09 -2.01123766807507E-09
  1.24239451961911E-11 -2.35600749943992E-08  2.84848429760035E-08 -5.79867759413278E-03 -3.80256120791395E-01
  9.32683056830594E-01 -2.70795632838320E-11 -1.41194396758165E-12 -4.78375196638659E-10 -9.66761496248883E-03
 -8.11342774893585E-02  4.44224633423007E-01 -2.21532845640304E-09  2.55500553227898E-08 -2.44015834391179E-11
  1.78093975049620E-10 -1.31444521074088E-09 -6.50541203013248E-09  7.72588508442761E-02 -6.00608537876836E-01
 -2.37964213245811E-11  3.49713708512005E-10 -2.38591882744355E-02  2.33283089780824E-01  5.44531384460641E-11
 -3.62114986623727E-10  7.01467722413843E-02  1.07347052588056E+00  6.86364791872751E-02  1.77339554181997E-09
  5.63983013770252E-10  1.96127055946392E-01 -9.61320755680487E-02 -4.03207380377839E-01 -5.48489990470063E-01
  7.01468757565676E-02  1.07347090068834E+00  6.86364366090700E-02 -1.17240961719504E-09 -1.28296357581292E-09
 -1.96127126450541E-01  9.61322419730798E-02 -4.03207383774665E-01 -5.48490025484027E-01
* ORBITAL    1   33
  5.26102280408103E-09  2.64881212588882E-08 -2.33891622346358E-10 -5.14387602002232E-08 -5.38520815674709E-08
 -1.07408007225728E-09  2.98325452557877E-10  1.97623099770622E-09 -9.81791036392652E-10  2.30423192185962E-02
 -2.54257792783434E-01  1.60512465896742E+00  1.48005755380399E-01  4.29466024574623E-09  2.30872196980121E-09
 -1.43772361995110E-08 -1.03406742670082E-08 -1.85904268842281E-11 -5.96133900456751E-10  7.81009329999756E-10
  2.78152700154043E-03 -1.78542689586730E-01  4.32762937981206E-01 -3.65337331081929E-11  2.76895849467871E-08
 -1.78699194020886E-08  7.05314513740562E-11 -1.23471391878872E-09  1.62829327175530E-09  3.85847915602736E-10
  6.64446227255773E-09  4.58875837904774E-11 -6.61078489803324E-02  6.12879396901904E-01 -3.07432368579683E-11
  3.63581606286599E-10 -5.29185420182918E-02  3.17923069142933E-01 -3.51414255946392E-09  3.28173478232515E-08
  1.31744677410533E-09 -1.10359277517560E-08  2.47881782788832E-09 -2.03132705687295E-08  4.72762374818775E-10
 -3.84311225830019E-09 -3.75602886700363E-01 -3.43160608267470E+00 -2.40233114073811E-02 -5.64355713171808E-10
 -1.04382664776109E-09 -3.59249607059716E-01  1.64018055358518E+00  2.70983117425367E-01  1.71941095498768E-01
  3.75602869520914E-01  3.43160616454309E+00  2.40233258510707E-02  1.91930791418884E-10 -6.78291602109144E-10
 -3.59249603716044E-01  1.64018057041626E+00 -2.70983112123456E-01 -1.71941110591379E-01
* ORBITAL    1   34
 -2.33340254701448E-10 -1.72110257315786E-09 -2.31428871630638E-11  2.32833780227648E-09  2.94812527296175E-09
  2.17861624761147E-02  1.09301029012036E-02 -1.46442675777937E-01 -7.58183379149545E-02  1.98722857007558E-09
 -1.82814185814275E-09  9.87696033734873E-09 -5.74058254053407E-10 -7.92778156992554E-10  1.11528888604462E-10
  2.02372981132376E-10  2.07891935848140E-10 -4.79554311393133E-11  1.68703411721606E-09 -8.69923499004524E-09
  1.10695895857573E-10  2.39063341637033E-10  7.12879074317034E-11 -1.68775807878442E-11  1.38421774885717E-10
 -3.36031582517344E-10 -3.74818265139650E-03  1.43503213959517E-01 -1.81611166300045E-01 -1.65240974599661E-11
 -2.31578573158173E-10  3.65234752271342E-11 -9.00113039930986E-10  7.74276352132110E-09 -9.41210344328804E-11
 -1.45515738370426E-10 -4.01253090058030E-10  2.68006352214879E-09 -2.25856195775507E-11  1.22107091838085E-10
 -1.13052106827812E-01  9.65448512736965E-01 -5.55863326364502E-11  3.23795663413409E-10 -4.97962182816611E-02
  4.31229300564909E-01  1.61431049845852E-09 -3.25608467626998E-08 -1.37454748217103E-08  4.61557123260731E-03
  1.12034944594381E-01 -4.04246112332613E-09  1.73773957761957E-08  3.19476157211238E-09  1.83238039030753E-09
  4.69363120062641E-10  3.01678648326924E-08  1.16709847141280E-08  4.61556604335631E-03  1.12034936689703E-01
 -4.35476141483572E-09  1.60315605882428E-08 -2.71934942215996E-09 -3.94819293140457E-10
* ORBITAL    1   35
  5.55616945278463E-01  2.44507521892322E+00  1.66174678979700E-02 -7.05050709446590E+00 -4.89745253613716E+00
 -9.97510262816787E-10  3.94855806878655E-10  1.07529756660699E-09  5.08893488681616E-09  3.11092536332865E-08
 -2.19602148567489E-08 -1.60052841595807E-07 -4.40511079192379E-08  1.53848013828858E-01  1.30945774621964E-02
 -1.63013339753968E+00 -7.73313905452288E-01  1.31546624324835E-10  2.30945500305611E-09 -1.20011490133059E-09
  2.01502239400748E-09  6.13630996148473E-08 -1.53072650147383E-07  2.70819435156545E-03  3.09300167139241E-01
 -1.08543799083073E-01 -5.64916742986189E-13 -6.92951633397792E-10  9.50025372293511E-10 -4.85175364259939E-03
 -3.98846393447078E-01  5.24152228422786E-01 -3.82610127242459E-09  5.27643840233231E-08  2.86950367859142E-10
 -2.17753124609159E-09  6.91791163924850E-09 -6.78707465617576E-08  3.07959309714938E-03 -5.94699477266901E-03
 -9.75390083140851E-11  6.86827277713511E-10  5.54894115177540E-02 -5.13765070102455E-01  1.18541317731067E-10
 -8.25981529827012E-10  4.15088476016815E-01  4.11956348233196E+00  3.29043108447822E-01 -1.23287389916989E-09
  1.24869158741808E-09 -8.65481553600014E-02 -1.03614515572740E+00 -7.04813682388577E-02 -9.24139935392775E-01
  4.15088305095397E-01  4.11956328356610E+00  3.29042956918258E-01  1.21322120899334E-09 -5.79428172759098E-09
  8.65480546225054E-02  1.03614515551991E+00 -7.04812480725208E-02 -9.24139994641214E-01
* ORBITAL    1   36
  3.47480642594442E-08  1.74190098375575E-07  8.91892548357089E-09 -8.02852081015050E-07 -9.11449991014397E-07
  2.19959130663254E-10 -1.14902132846736E-09 -9.33430037762705E-10 -7.23892749037645E-09  2.72520456071938E-01
  2.80058604710741E-01  5.37530363237387E-02  2.08326027298340E-01  9.06197423667566E-08 -3.46528466986220E-08
 -3.37449175762081E-07 -1.76730087869962E-07  7.68555130007990E-12 -6.87777586141928E-10  3.20442017552338E-10
 -2.59963367229908E-02 -6.09129844210999E-01  1.01925194165124E+00 -4.28945295405142E-10  8.82513665436934E-08
 -5.60646013225957E-09 -1.15958401259855E-10  8.83451919009766E-09 -8.47840878777972E-09 -4.50591294833388E-09
 -2.32386764872564E-07  3.23786540712891E-07  4.39458864102354E-02 -4.90705131800205E-01  1.36338679495308E-10
 -7.89676476849931E-10 -5.42767684610379E-02  4.87611769041671E-01 -4.13951993594812E-09  8.08590683411055E-08
  9.18527258285885E-11  5.08464070146173E-11 -1.95740782807112E-09  6.71736759294292E-08 -4.17700444741912E-10
  3.11310616306543E-09 -9.40850558483438E-01  8.70516070183044E-01  3.47494289126898E-02 -1.64867450202496E-10
  6.01239425058084E-09  2.97183567573496E-01 -5.11092059161328E-01  3.09430167905941E-01 -5.44290666155469E-01
  9.40850915846283E-01 -8.70514951516270E-01 -3.47492099300254E-02 -2.45447343477546E-10  6.04531367474668E-09
  2.97183764558059E-01 -5.11091989281317E-01 -3.09430417986447E-01  5.44290512859306E-01
* ORBITAL    1   37
 -1.51229471319709E-01 -7.46496852632346E-01  8.49511414437967E-03  9.30925919876869E-01 -7.61841733673731E-01
 -3.74313076099489E-09 -4.29507731041316E-10  9.54539990217871E-10  7.32579363706474E-09 -1.04094184149464E-07
 -6.19419366111352E-08  4.00842125278916E-08 -3.58264379935108E-08 -8.59164448645812E-02 -1.69430411874048E-01
  8.46574525931465E-02 -2.42395960458940E-01 -3.14564124263886E-12 -2.04825172388747E-09  1.66002397455259E-09
  7.06779186752822E-09  1.76282110461261E-07 -2.60006054317033E-07 -6.91345398506569E-03  1.15544811848947E-01
  2.56608817258168E-01  2.75256429995948E-12  1.39741675398303E-10  8.95345202246261E-10 -1.89268715695574E-02
 -8.65230970736537E-01  1.07422952863367E+00 -1.29676899490118E-08  1.34565604214203E-07 -1.91050866257159E-10
  8.83378782783055E-10  1.54103181174483E-08 -1.27175153006873E-07 -4.01843359572745E-02  4.57576414227215E-01
 -5.61755760982545E-11  3.26177342624219E-10 -4.62841994089976E-02  4.87236403034831E-01  2.00573431224786E-10
 -1.34514821436746E-09  6.27295102278159E-01 -2.74352424450909E-02  7.04211357069217E-03  1.91924624328371E-10
 -1.65979943041319E-09 -1.07463635563873E-01  5.42759363828377E-01 -3.44120592267632E-01  1.16666989991930E-01
  6.27294607995269E-01 -2.74346735375869E-02  7.04231112583250E-03 -7.94183999616146E-10  9.70870528098025E-10
  1.07463531609585E-01 -5.42759049005455E-01 -3.44120469467308E-01  1.16666665927100E-01
* ORBITAL    1   38
 -2.03047082735740E-02 -1.13639116276371E-01 -1.66278122944111E-02  7.12443233905784E-01  3.98599306827113E-02
 -6.27134423707501E-10 -3.21760380755572E-10 -1.70434346594437E-09  2.10612289420395E-09 -1.72575034205252E-08
 -1.17668889217368E-08  3.07119547181027E-09 -6.09838933733397E-09  2.95982279780176E-02  1.13760994603858E-01
 -9.05318495330293E-01 -4.00097008517653E-01  8.61551455513266E-11  5.11403948373057E-09 -7.05392135562562E-09
  1.16901178218448E-09  1.71617677412350E-08 -2.62875510004019E-08  1.51948246316976E-02  8.64280116956679E-01
 -1.38080176912702E+00 -1.78421726529452E-12  2.51753276778016E-09 -2.18563793538520E-09  4.83531277081523E-03
 -9.14151202359844E-02 -3.35545741118042E-01 -1.72395755100991E-09  2.04006609482963E-08  5.64946721737386E-10
 -5.11024912356790E-09  9.42488767519610E-10 -5.51663775706905E-09  7.65814772738319E-02 -6.71307650629343E-01
  7.98315997580036E-11 -8.49677058766366E-10 -5.26690205596284E-02  4.14271151093208E-01 -9.27984688339709E-11
  9.89671206770289E-10  1.09397707444278E-01 -2.76759275199737E-01 -9.53657876971013E-04  1.55255826529683E-09
  5.42249335063180E-09 -1.73794696505763E-01 -2.06309193094657E-01  3.29793237903941E-01  7.09275067844882E-01
  1.09397642439257E-01 -2.76759231646245E-01 -9.53646940621002E-04 -1.22917710137908E-09 -2.80858897122649E-09
  1.73794680880780E-01  2.06309220661829E-01  3.29793266082556E-01  7.09275034016419E-01
* ORBITAL    1   39
  6.67327032029885E-10  4.51319572267928E-09  1.49213506470591E-10 -8.77161414761634E-09 -7.35325916147895E-09
  1.13415359336298E-01  4.03842430908801E-02 -9.19740579825960E-01 -4.33897078952623E-01  6.69765553788766E-10
 -1.46110093638565E-09 -1.05902936369897E-09  3.40250389365927E-09  8.12471032338778E-10 -2.22354964350593E-10
 -5.86247426459799E-10  4.60734983755565E-09 -6.00588131883058E-10 -5.93319379596853E-08  7.52819585108709E-08
  2.55285289427413E-10  5.67538938160579E-09 -6.69578846785752E-09 -1.21579780104822E-12 -1.92359213497713E-09
  3.46275941316969E-09  8.88524304328597E-03  1.02743034995427E+00 -1.06952411840412E+00 -4.63553418639833E-11
 -1.87346402252660E-10  1.79803394450146E-09 -2.59454330228654E-10  2.03435338265332E-09 -5.32171313292363E-09
  5.02822934637601E-08  4.21259757015950E-10 -3.27129595713607E-09 -1.16094908829377E-10  1.42915759578379E-09
  5.09808403794983E-02 -3.80782737797338E-01  9.43263595520035E-11 -9.23734783324357E-10 -6.80900610647812E-02
  6.56647172410904E-01  9.78641201526371E-09 -1.85258765951355E-09 -6.96025086508958E-08  1.48065849047169E-01
  6.54382527903981E-01 -2.23504061420757E-09  1.83496926859085E-10 -2.64723053910080E-09  1.21389883255589E-09
 -1.00257949816728E-08  8.42380569209030E-09  7.04943736214908E-08  1.48065877559879E-01  6.54382606880143E-01
 -1.62679218192731E-09  2.71825165317812E-09  2.75805655676478E-10 -7.07526825551276E-09
* ORBITAL    1   40
  2.44610026851975E-09  1.54706210373676E-08  1.57825254817101E-10 -2.35549516066900E-08 -4.70596656629003E-08
 -1.19511364402837E-08 -3.05610991752795E-09  6.29069696723558E-08  2.66551632964320E-08  2.99704230893559E-10
 -4.13781967401178E-11 -4.70111888991744E-11 -4.36275894485280E-10  5.40935428576733E-09  1.88856291400897E-09
 -1.46847089201875E-08 -2.13867644962501E-09 -1.36251208923334E-02 -9.70005129568194E-01  1.30388532658503E+00
 -3.84141594277634E-11  2.77737447125150E-10 -1.38762635583010E-10  1.32448533423931E-10  4.92329978777780E-09
 -7.95270133314319E-09 -6.89335571896760E-10 -5.86274740918407E-08  6.41993719580174E-08  1.50195712303497E-10
  1.35142723236676E-09 -8.76891512588229E-10  1.15370637586975E-10 -5.74946501344905E-10 -9.76033973323731E-02
  9.03319216166150E-01  7.13272195815183E-12 -3.88800013057379E-11  4.96296123577655E-10 -4.51073721787472E-09
 -3.40186624137327E-09  2.35826963915804E-08  1.23429239271036E-11  9.39426235571534E-10  4.10040016776804E-09
 -3.94521767762419E-08 -4.98939364857223E-09  1.41506002645914E-08  2.16575017723928E-08 -2.11596513548062E-01
 -7.48680318003044E-01 -2.49892668090358E-09 -1.08137209777541E-08  9.08429296505976E-10 -2.63183965709113E-09
 -2.69904206160041E-09  1.13134214452032E-08  1.47078140163897E-08  2.11596501618882E-01  7.48680231191084E-01
  2.73440442987287E-09  9.79925552390945E-09  1.13365526570721E-09 -2.58292930942933E-09
* ORBITAL    1   41
 -7.19979262483434E-09 -2.22539457952893E-08  3.11966310098571E-09 -1.20506195737858E-07 -5.72167445766766E-08
  5.21056013084462E-10 -9.53173800415006E-10  3.95879153478578E-09 -1.86005470116654E-09  1.64870841562841E-01
  7.73239009819151E-01 -2.01540298982640E+00 -3.63492808206816E-01  9.05255018677969E-09 -1.51790347591667E-08
 -7.06260558861401E-08 -7.48341869013750E-09 -5.80157236321381E-11 -2.96866332221878E-10  2.89947461810678E-10
 -3.03689533836444E-02  4.82967213075442E-01 -6.92318741327537E-01  6.96450341581392E-10 -2.08172003844495E-08
 -2.25626078241284E-08 -9.72537850008287E-11  2.80100131963758E-09 -6.49737258111831E-11 -1.39189153130455E-10
  3.78567016227648E-08 -3.04953299932659E-08 -1.15336673932385E-01  9.60110522775103E-01  2.44984346030429E-11
 -4.76284113814323E-11  8.16525337388148E-04  5.07417855411031E-01  4.39428925823993E-09 -3.69871526787834E-08
 -4.83157352224717E-11  6.47089277857475E-10  6.28985173132765E-09 -3.52840095539562E-08  2.12473527468120E-10
 -2.81113042649090E-09  3.44115400869248E-01  1.93916797622382E+00  1.86792643114272E-01 -3.01870402047205E-09
  1.86182865439089E-10  1.18750033727403E+00 -6.48031753249253E-01 -1.74991124095383E-01 -3.11516211086938E-01
 -3.44115352375016E-01 -1.93916790099534E+00 -1.86792602379051E-01 -2.82217338941563E-09  4.17652798214083E-10
  1.18750047403616E+00 -6.48031696968520E-01  1.74991077098383E-01  3.11516207127338E-01
* ORBITAL    1   42
  5.75573610468257E-09  2.61862038652320E-08  3.88027454612076E-10 -3.22521802214916E-08 -1.87075791330222E-08
 -3.25067364354642E-01  1.44583573237501E-01 -9.33185057059506E-01  9.51264464246066E-02  1.96029890317352E-09
  2.69383712672615E-09 -9.82615666359121E-09 -4.79901237689786E-09  6.89392248917275E-10  7.24043885640781E-09
 -1.68067010636290E-08 -1.18758303734184E-09 -6.74856563996532E-10  6.20590846531279E-08  8.30082168476958E-09
 -1.64712014665131E-10 -6.72864121311261E-10 -5.27309907903083E-10  5.56447887988841E-11 -1.11467527757923E-08
 -3.60857873622384E-10  1.05725872322278E-02 -8.25383689938200E-01 -2.77268342399520E-01  1.44871154605921E-10
 -1.00382980095189E-08  7.15890039834218E-09 -1.90593822645295E-10  1.93907594971170E-09 -4.17354985478208E-09
  7.16423111172929E-08 -2.08886139852636E-10  3.79309210317039E-09 -5.26373474497675E-10 -4.51693786736723E-11
  2.05561732893019E-02 -3.72122861263453E-01 -1.65245783745579E-09  1.07851956336861E-08 -7.66201912684763E-02
  1.07821141076928E+00  3.35285297759797E-09  2.33004397580686E-08  3.70878241788807E-08  1.19244711528432E+00
  1.06135746710619E-01  6.40417764757113E-09 -6.10747461452893E-09  1.32241344165946E-08 -8.07820014875151E-09
  1.10444083332438E-08 -3.09846197523315E-09 -3.48831224919484E-08  1.19244724311402E+00  1.06135737403975E-01
  2.14901152604844E-10 -2.46735504320117E-09  1.71174960155877E-08 -4.41716160133715E-10
* ORBITAL    1   43
  3.72404337656349E-01  1.73306413933452E+00  2.30927691082763E-02 -1.95716030612603E+00 -1.21908247354975E+00
  6.60738974106054E-09 -2.70467104009162E-09  1.52325694097746E-08 -3.27398621748532E-09 -2.87105102969650E-08
 -4.22249265930878E-08 -2.44171506028841E-07 -1.55291181164398E-08  9.54587300340799E-02  4.73024592691385E-01
 -1.01737940693258E+00  4.70143192835874E-03  1.99894689652983E-12  2.27341996520796E-09  1.49463888210247E-09
  1.95870086800847E-10 -1.17119125600911E-07  1.14255039063270E-07  2.79291133179409E-03 -7.05295582351243E-01
  1.11728183861363E-02 -2.09794689651653E-10  1.30755044741471E-08  4.24244535970311E-09  1.18895138831099E-02
 -6.08534340206011E-01  4.33499173001806E-01  4.30873815321683E-10  5.00232787250076E-08 -1.79948833628606E-10
  3.13744416315832E-09 -2.38171916648873E-08  2.72052600312067E-07 -3.31058177519371E-02  4.13427688606122E-03
 -2.81398886868377E-10  5.74670618249175E-09 -1.05824101912016E-01  6.65472315053366E-01  1.23377962889278E-09
 -1.71002191154852E-08  3.23348913631435E-01  6.22559491699085E-01  1.15746067085303E-01 -2.20900870895456E-08
 -1.83804652334001E-09  2.35960292663808E-01 -1.33721463756160E-01  9.60887048165004E-01 -2.92598665027456E-01
  3.23348816719926E-01  6.22558928338800E-01  1.15745902713901E-01 -1.56230554495849E-08 -3.09257190273311E-09
 -2.35960297233380E-01  1.33721246116753E-01  9.60887524024507E-01 -2.92598461150790E-01
* ORBITAL    1   44
  6.03817716412702E-08  2.83142445158321E-07  1.46525293138928E-08 -9.76799926173693E-07 -6.23957131804914E-07
 -2.60865395450074E-09 -8.06876716437091E-10  2.40012268161024E-09 -2.98910276878451E-09  5.66858226162567E-01
  4.78300981745087E-01  5.56327852891143E-01 -2.57418679133435E-02 -6.70866958662575E-08  7.92946734774337E-08
 -5.82229451642342E-07 -5.83845557772093E-08 -3.86594746566007E-11 -1.04711123602853E-09 -3.69802623860308E-10
 -1.96938298180398E-02  5.53777351384116E-01 -7.65469997139294E-01  3.71681976442239E-09 -3.03357352253104E-07
 -1.32079816784078E-07 -2.27313733974593E-10 -7.28742889805117E-10 -1.27429873174652E-09  1.20080652185637E-10
 -6.22815682744086E-08 -6.67674816925535E-09 -1.89602345793559E-02 -1.31546553856246E-01  9.98342442389084E-11
 -1.27859204842820E-09  1.23899681066969E-01 -1.40885103283913E+00  5.89425522823782E-09 -1.44719956864606E-07
 -8.96034494301494E-11 -3.94625620949652E-10 -8.29348081700390E-09  6.83866390769887E-08 -9.66815495799321E-11
  1.01701471538666E-09 -4.32496155776406E-01 -9.11594170975544E-01  1.11151804172762E-01  2.96420114740664E-09
  1.43041850674742E-09  1.81517951478425E-01  3.65785705419782E-01  1.32271034817298E+00  3.34946022194029E-01
  4.32496730755555E-01  9.11594881279367E-01 -1.11151660504226E-01  8.20557684568091E-10  1.07292010634750E-09
  1.81518479900261E-01  3.65785970089952E-01 -1.32270991181172E+00 -3.34946144640489E-01
* ORBITAL    1   45
 -9.00654531062419E-02 -5.40527068260056E-01  2.39127940381176E-02 -2.07949752923477E+00 -1.66434040285874E+00
 -1.45061820964265E-09  1.51597781738001E-09 -1.73162265765018E-10 -4.53357048364431E-10 -2.23093965705489E-07
 -1.86006194431510E-07  1.31070480565370E-07  4.78354221929519E-08 -6.01693580669953E-01 -1.64489379445720E-01
 -1.30630120045664E+00 -3.19152811320337E-01  2.82525919914034E-10 -2.60361131061758E-08 -8.93419561020224E-09
  8.44167900914555E-09 -8.66959543255203E-08  2.23121938711884E-07  1.18518738971913E-02 -8.28894730915175E-01
 -5.13545047723960E-01  5.08599232005858E-11  5.60002662693429E-11  2.92326250570905E-10 -1.48478162804663E-02
  6.27028031883967E-02 -3.94020384382683E-01  8.72468866512743E-09 -8.14193435318736E-09  1.91316785276698E-09
 -3.26293897928919E-08 -2.71939369891488E-08  3.07600925342847E-07  4.83915627860385E-02 -6.74522703277117E-01
  1.25306967677251E-12  2.91740781256119E-10  4.56244317420497E-02 -2.88474537912845E-01  2.71703276381685E-11
 -5.88229115618015E-10  1.04506213541736E+00  1.02589457167969E+00  7.62067042008901E-02  3.16234031847091E-08
 -3.52452971434697E-10 -1.31588071619600E+00 -3.64520237294116E-01  2.62766752154459E-01 -2.27141123731534E-02
  1.04506192057401E+00  1.02589458056686E+00  7.62071356801715E-02 -3.30323021019691E-08  1.87111801199693E-09
  1.31588054940123E+00  3.64520242964118E-01  2.62767325028000E-01 -2.27140919792215E-02
* ORBITAL    1   46
 -3.75585068511353E-09 -2.30975661691219E-08  3.68049230562098E-10 -4.09423157812812E-08 -1.65118415600813E-08
  2.61666842876162E-08 -1.43276014792984E-08  5.14202395162554E-08 -6.20957502723345E-09  7.45635588967546E-10
  4.22757710987677E-10  1.28406487214250E-09  6.64514232114908E-10 -1.76088053287859E-08 -6.11293324422123E-09
 -2.60595354672226E-08 -8.73439980593390E-09 -1.00685965853361E-02  1.10612217251905E+00  3.19692683427054E-01
 -6.19609413091940E-11  5.45128177320986E-10 -1.23581734685381E-10  2.37860517892807E-10 -1.84275976989087E-08
 -1.24030530619836E-08 -4.03666133119295E-10  3.99258201076550E-08  1.75901099193549E-08 -4.28682889411383E-10
  2.31511079284330E-09 -1.08847470040473E-08 -6.68944985561275E-11 -2.51110054696033E-10 -7.74959028223770E-02
  1.33725522221140E+00  1.17399517975033E-10 -9.85246485201668E-10  1.25128515774785E-09 -1.63116346580786E-08
 -1.05171777802681E-09  1.83800378681771E-08  1.32502548654736E-09 -8.10083355733695E-09  3.78089633355698E-09
 -5.22792059824609E-08  2.72542688584590E-08  1.94344093773250E-08 -1.27406376957866E-08 -1.32699308187650E+00
  2.55663192888806E-02 -3.15664508601314E-08 -4.62156433543778E-09  5.48109167423142E-09  2.95996913608085E-09
  2.92112222417434E-08  2.16921251581190E-08 -3.68409560604804E-09  1.32699295187053E+00 -2.55663326229007E-02
  3.24270527021286E-08  5.09657773999951E-09  2.96796146169345E-09  2.08423605224541E-09
* ORBITAL    1   47
  2.07730203629248E-07  8.85448763216653E-07  1.06365346731944E-07 -3.99872068476217E-06 -2.21565129193952E-06
 -3.62032464202516E-09  1.82897088734484E-10  3.05321161608597E-09 -3.76273517969508E-09  1.64312302138227E+00
 -1.47257515545202E+00  4.55464401926020E+00  1.16899726431987E+00 -1.10382371309134E-06  9.85061990962438E-07
 -1.41906951129476E-06 -2.80451599193986E-07 -3.34248335777016E-11  2.75964423711176E-11 -3.77183621698146E-10
  2.13884057347252E-02  1.39390133011338E+00  1.29638833570179E+00  8.65750898397777E-09  1.94293690404746E-07
  2.95550285065775E-08 -3.43981875052972E-10  5.64753940739227E-10 -8.91027613922635E-10  5.90035012770767E-09
  6.32485164074331E-07  5.09660738905709E-07  5.68647863409878E-02 -3.73950369931361E-01 -5.33636992794365E-11
 -2.82663668415480E-10 -6.41846246232933E-02  9.96157347528536E-01 -3.04356466018060E-08  4.55502489335991E-07
 -1.76538705342638E-10  3.60568386749948E-10 -5.77054949606307E-08  6.50645029296703E-07  4.57536404318029E-11
 -4.07126235268912E-10 -4.37448934202733E+00 -3.41380051447719E+00 -4.48006876486235E-01  2.58213765614299E-10
  1.72871377951157E-09  5.71796613175334E-01  1.27831386982513E+00 -1.21679975464108E-01  1.08213367235864E+00
  4.37449425847039E+00  3.41380157083004E+00  4.48007223152287E-01  1.12445993468290E-10  1.00152692208843E-09
  5.71796598850797E-01  1.27831457711044E+00  1.21679088594983E-01 -1.08213408453758E+00
* ORBITAL    1   48
  3.18295772936169E-01  1.30296895015743E+00  1.68420952005119E-01 -6.45044623883725E+00 -3.70312183204884E+00
 -4.71796897943048E-09  6.60540873855767E-09 -6.11646739274753E-10 -3.99210587280391E-09 -1.12076728798193E-06
  8.83753446924388E-07 -2.78672845489168E-06 -7.25503000967087E-07 -1.88983749016535E+00  1.55961371282282E+00
 -2.25409913455899E+00 -5.05317414067909E-01 -1.78601872942004E-11  7.33319050837134E-10 -1.13277855304558E-09
 -1.15957766810862E-08 -8.62873422715234E-07 -7.86876902401676E-07  1.40865841346403E-02  2.96185412014527E-01
  4.00906527797604E-02  1.46717642156071E-10  2.55654668273776E-10 -5.47291241617720E-10  5.93994923967253E-03
  1.01758702565891E+00  8.02631412103220E-01 -3.58184945732521E-08  2.33643050957871E-07 -1.68107497936185E-11
 -2.79446067816303E-10  3.86200374989682E-08 -6.01630354766564E-07 -4.74702964202286E-02  7.14471130171149E-01
  1.16438715803198E-11  1.01028659716589E-10 -9.12786673323774E-02  1.03100309708032E+00 -7.83498668827897E-11
 -2.69931373980039E-10  4.09864034635231E+00  8.97486621841365E-01  2.53519173629795E-01 -7.16438470057563E-10
  9.55918545401956E-10 -2.49330664784807E-02 -5.72689204055551E-01 -7.09579772518999E-01 -3.30673347166979E-01
  4.09863469653856E+00  8.97482409149046E-01  2.53518895704975E-01 -4.57678699432189E-10  1.82577429936327E-09
  2.49323451232471E-02  5.72687632478662E-01 -7.09579886081543E-01 -3.30672029379786E-01
* ORBITAL    1   49
 -2.04685789932137E-10  1.33590090060045E-09 -3.63155437945932E-10  1.08181730874195E-08 -2.95253066995997E-09
 -3.22238258379382E+00  3.24779960136073E+00  2.18014713161664E-02 -2.53812677176292E-02  6.28787419668231E-09
  2.28661658310712E-09 -6.58409808341386E-09 -3.54548195180616E-09  8.17698188179036E-09 -5.13532078594316E-09
  2.31243374966251E-09  3.13332933760423E-09  7.27757355270416E-10  1.81365226248139E-09 -5.90210275609837E-10
 -1.68840652196814E-10 -2.56403465365717E-10 -1.70328057474337E-09 -1.00810883537327E-10 -1.91344435283094E-10
 -4.29288505042249E-11  2.54951478056415E-02  1.78744115230563E-01 -1.85292563278345E-01  2.23083078295148E-10
 -1.33369178726591E-09 -5.61553900314791E-10 -8.08701586302449E-11  2.50555100568085E-12 -1.80563268293589E-09
  2.94658392650203E-09  3.11282185218120E-11 -3.13811024706486E-10  5.73166477772156E-11 -7.50217030434977E-10
  1.12506865863215E-03  3.56390935211420E-02  2.46261554614206E-10 -1.12433946850534E-09  4.72702588416678E-03
 -1.03366507482350E-01 -1.27219307601571E-08  3.92311027914738E-09  1.29722101556254E-08 -2.29561119201990E-01
  3.43055766656398E-01 -1.82131268980294E-10 -4.42781915746163E-09  8.05616416040040E-10 -3.35973537426957E-09
 -3.15047983361655E-09 -1.26366132730001E-08 -2.27649107347552E-09 -2.29561113390670E-01  3.43055761974762E-01
  1.55299068545709E-11 -2.92812984040459E-09  9.48238115289760E-10  2.30374186799031E-09
* ORBITAL    1   50
  3.21947904079979E-01  9.14228047987986E-01 -5.42805907599140E-02 -5.98566465508532E+00 -1.56670720919885E+00
  1.55036163260034E-09 -1.98306237191211E-09 -2.78581991862001E-10  2.10815449694952E-09  3.48635197020196E-10
  1.93076087219767E-08  3.75443928400763E-09 -1.83990601885627E-09  2.58077653578820E+00 -3.29856432511831E+00
 -2.18527661729846E+00 -2.19715548492941E-01  6.69018430046197E-11 -1.65856255522346E-10 -1.92288550870974E-11
  2.60132238414970E-09  5.51411263617138E-09  8.38018606353286E-10 -1.82762813716849E-02 -5.86395626003796E-02
  1.76946469170673E-01 -2.08912455576554E-10  3.75011210365584E-12  2.17974887477984E-10  1.32540675049489E-01
  9.37878059865971E-01  6.64509644726421E-01  2.78524374501352E-09 -3.56387272402624E-09 -7.53782919008814E-11
 -1.29650420830129E-10  1.68774872337681E-09  6.30451448030532E-10 -1.42870651770133E-01  5.50362092425402E-01
 -1.13947514787748E-10  5.28988767673868E-11 -3.06989166545671E-01  1.00378128128208E+00 -1.45541021299979E-10
  7.67472181101926E-11  4.63804320992533E+00 -6.60449886835655E-01  7.07812874603441E-02  1.69151467206128E-10
 -1.53784699192340E-10 -5.78790027255926E-01 -2.51629021188751E-01 -6.42826951775403E-01 -4.12323638155232E-01
  4.63804327345676E+00 -6.60449915894468E-01  7.07812302681946E-02  4.67418244879488E-11 -3.07746129606080E-10
  5.78790033240710E-01  2.51629017762274E-01 -6.42826956285744E-01 -4.12323635020774E-01
* ORBITAL    1   51
 -4.65394783671686E-09 -1.89563215237089E-08  3.69301074048746E-09  1.90819507762601E-08 -3.44767843137989E-08
  1.12353534177210E-09 -5.67881027999184E-10 -7.64306224776044E-10  5.24955517693908E-10 -2.76443051541348E+00
  3.92447080163644E+00  1.44124375164717E+00 -1.06958164771938E-01 -4.17841881572547E-08  2.06877142646373E-08
  1.46353368928287E-08 -7.14697498098366E-09  1.64233697625515E-10 -4.74738614977734E-11  7.36189149374396E-11
  2.30895032812580E-01  1.22327354572374E+00  4.57238084941044E-01 -7.10656958138465E-10  1.26556677663675E-09
 -5.87755668572949E-10  3.69502511451154E-10 -3.03735895493401E-10  4.38428251503021E-10 -2.17476441037159E-10
 -3.33294877788485E-09 -3.12565305966949E-09  2.80065150904457E-01 -4.10007582599929E-01 -1.28252342137951E-10
  8.42247234067112E-11 -2.97312305454963E-01  5.42315750244845E-01  5.59055768919140E-09 -4.08082747118941E-09
 -9.32751740732719E-11  8.63004916501954E-11 -3.49200256238998E-10 -2.68560622773487E-09  6.66302406443022E-11
 -2.88373945156491E-11 -3.70208456653098E+00  2.47135883649835E+00  1.29822351760037E-01 -9.06639605114448E-11
 -6.84316042177199E-10  8.30060103751529E-01 -3.09705715163970E-01  5.47263498394342E-01 -2.44336008065437E-01
  3.70208457855127E+00 -2.47135880633497E+00 -1.29822357824454E-01 -1.26220423262790E-10 -5.21953265098978E-10
  8.30060095748389E-01 -3.09705710561773E-01 -5.47263491382243E-01  2.44336008800043E-01
* ORBITAL    1   52
  4.68717498159529E-11 -2.00644158589910E-10 -1.66009892261074E-11 -1.68127302831682E-09  6.23975710769104E-10
  1.54190960931452E-02 -2.34507228986149E-02  7.89046781712505E-02  3.71753591585292E-02  1.69807880488604E-09
  1.29449167706326E-09  1.65862529741676E-10  4.65999552594727E-10  1.45135533040779E-10 -5.87408393449801E-10
 -2.30186105383468E-10 -5.43487106632496E-10  4.34921309404163E-10 -5.93484799138016E-10  2.02115852082588E-09
  1.27063990733224E-10  3.96913055239716E-10 -4.38820020258315E-10 -2.84983568545029E-10  3.33610479162245E-10
  5.48506968398237E-11  1.67030152338755E-02 -2.42040858846858E-02  5.80697940484549E-02  6.28974805976003E-11
  2.43736298615244E-10  2.04932357684847E-10  1.73480782201787E-09 -1.01987037117246E-09 -5.91943743385975E-09
  3.45125939581904E-09  2.66849692647890E-09 -1.69673845535166E-09 -1.97396611910462E-09  1.12452144486729E-09
  9.53257302243723E-01 -4.35291553379240E-01  9.69867508920481E-10 -2.41568604489631E-10  7.19546803415122E-01
 -3.57103062503119E-01 -9.09083477605646E-10  8.79732068222341E-10 -3.94118735889845E-09 -2.05497035909106E-02
 -5.72737338878050E-02  2.72491900709479E-10 -8.95430449418397E-10  2.44807751111386E-10  1.56306091207460E-10
  3.83263392145982E-09 -6.16943376636823E-10  2.70106372250149E-09 -2.05497026046864E-02 -5.72737311468836E-02
  2.81782866353577E-10 -1.21916261917240E-09 -8.37132278234336E-10 -2.54064411211620E-10
* ORBITAL    1   53
  1.54834669903556E-02  2.32126736819589E-02 -2.78793086182402E-02 -1.96528194527200E-02  4.99774418004685E-03
 -5.60663729238205E-10  1.09286268299302E-10 -1.32476540873383E-10  1.48923257224496E-09  2.88359284305507E-08
 -4.12188463327184E-08 -1.19471046931869E-08 -2.96348003039122E-09  1.14601869454589E-02 -1.89116076792457E-02
 -1.07871517033196E-01 -4.27209969895826E-02 -9.95517958484367E-10  1.26111118529559E-09  3.30848424389535E-09
 -5.66615358207151E-09 -1.04348207184206E-08  1.85810873751711E-09  5.22684581994158E-02 -7.12228659851207E-02
 -9.52822606345168E-02  4.20865637171704E-10 -4.35472189893491E-10  2.35446029424419E-10 -2.29046941731087E-02
  8.19176279655907E-03 -8.27849373856547E-02 -1.00159986972292E-08  7.72566576497160E-09 -1.94523544873655E-08
  1.15002607121303E-08 -2.82547182734309E-08  1.59374027011842E-08  1.09767426777813E+00 -5.59155557190049E-01
  2.49711032022823E-09 -1.17262501296949E-09 -4.76699985982942E-01  2.04145325512143E-01  3.21525497454784E-10
 -9.30300827359567E-11 -1.27853743433330E-02  1.08308997558862E-02 -4.29959242513537E-04 -2.08428429881121E-09
 -2.91551601780188E-09 -5.90949066149467E-02 -5.01032536465569E-02  5.28014586640437E-02  6.53932706523144E-02
 -1.27854288035240E-02  1.08309525738112E-02 -4.29974461350281E-04  2.29608120764299E-09  2.83852955540879E-09
  5.90948878181207E-02  5.01032692523165E-02  5.28014808822927E-02  6.53932758912705E-02
* ORBITAL    1   54
  6.16176714933580E-11  7.63055346667956E-10 -1.30201616892690E-10  1.10904584546429E-09 -2.65730900058206E-09
  3.69277331701919E-08 -6.70083700038085E-08  5.33114104380343E-07  2.18102672995897E-07 -8.28702657101013E-10
  8.55779960570829E-10 -3.92101865621784E-09  2.10337499761105E-09  5.69329004114040E-10 -1.57030305944451E-11
 -1.71442897344420E-09 -5.28320077886096E-10  7.14041177584893E-02 -9.01800565847065E-02 -1.96790193268145E-01
 -6.15840456481280E-10 -5.19975590266413E-10 -3.48669123526139E-09  8.22200166872509E-10 -1.09415509761642E-09
 -1.50814229554208E-09 -1.57970948752400E-07  1.43909693824945E-07  2.66152682911081E-07 -1.51339922753785E-10
 -9.75208983758679E-11 -1.11193834689151E-09  2.53930583330636E-08 -1.31723930853762E-08  1.21133719979074E+00
 -7.12484832759098E-01  2.33401602652161E-08 -1.48682066984408E-08  1.74786627185597E-08 -8.84850552922145E-09
 -1.65383771778336E-06  8.36069171871753E-07 -7.95165903719477E-09  3.41867303204993E-09  2.23316405672075E-06
 -1.22843883683813E-06  3.35165078386858E-09  1.60240876856886E-08 -4.30852896277751E-09  1.37957499321794E-01
  1.74083752843110E-01 -2.12934683776594E-09 -1.21251707313053E-08  2.80848890675326E-09  2.91205328781529E-09
 -6.17195616268201E-09 -1.61816493886848E-08  7.46385029440968E-09 -1.37957915007537E-01 -1.74084438475856E-01
 -3.06926876775659E-10 -9.93839484224172E-09 -1.08420677329065E-09 -1.23100174918268E-09
* ORBITAL    1   55
 -1.37079812905519E-11  2.24359042208788E-10  8.36866722013779E-12  7.08915600714703E-10 -2.83422699797339E-09
 -1.72342781659637E-02  3.10545418813312E-02 -2.31460996020170E-01 -9.46097247191102E-02  1.89778779081317E-09
 -1.00550715680206E-10  5.59160292589995E-09 -1.10713063484733E-09  3.60470087676766E-10  1.34535774956001E-10
  1.18376372916079E-10 -8.49451944635539E-11  1.65061254151672E-07 -2.08173015947210E-07 -4.54683632605752E-07
  6.21084145513696E-10  1.35873421810807E-09  3.97906190583939E-09 -2.45118045179083E-10  2.34016881419580E-10
  9.46401301159002E-12  6.87207591507880E-02 -6.24401873984362E-02 -1.15384560465483E-01  3.20699113320500E-10
 -3.66417205927367E-10  1.84508524168242E-10 -2.76304526341883E-08  1.42495704025823E-08  2.79714498154881E-06
 -1.64487484735343E-06 -2.53045762673487E-08  1.63410603893553E-08 -1.08230163442487E-09  4.71835563832608E-10
  7.18191670091780E-01 -3.62920509982105E-01  6.35368797427540E-10 -3.94064129755375E-10 -9.65561280173074E-01
  5.31096687712881E-01 -8.48635820226643E-09 -1.83613243132141E-08 -2.79458862600778E-09  8.97668303175278E-02
  1.48796181080224E-01  1.63774162040473E-09  1.18867810125127E-08 -2.01969312494389E-09 -2.09165197655601E-09
  6.24349673499779E-09  1.91899256523077E-08  6.33972714635840E-09  8.97661938470717E-02  1.48795376468666E-01
  1.55234783443224E-09  1.24235037170962E-08  2.00805150571381E-09  1.58060948489587E-09
* ORBITAL    1   56
  1.50036123314546E-09  5.49247914480129E-09 -6.72727427883957E-10 -1.86947561822856E-08  5.94121243118600E-09
  4.17040418045257E-10 -1.05525485207445E-09  7.51514772018641E-09  3.03913558007311E-09  1.03254491571395E-02
 -3.12717910033051E-02  1.67314368921176E-01 -5.43537646879610E-02  1.15760708622770E-08 -1.20316948280535E-08
 -4.25112078276921E-09  4.17491020549535E-09  2.25484761536077E-09 -2.81749427954198E-09 -5.46042850972954E-09
  1.84180756342153E-02  3.03522710116242E-02  1.31981327939849E-01 -2.80102132758190E-09  1.88377472501500E-09
  2.37904072107046E-09 -2.25339637307951E-09  1.96051586714450E-09  3.64452171311046E-09  3.95687093515855E-09
  8.00905714656772E-12  4.33801139600133E-09 -8.89033598481804E-01  4.59903638711918E-01  3.43413504599758E-08
 -2.02379025506709E-08 -8.29950851568030E-01  5.32919425975024E-01 -2.20987956695367E-08  1.18748479553549E-08
 -1.97056921469513E-08  1.00894236819092E-08  1.33422139882085E-08 -4.25913906046216E-09  3.15536760780310E-08
 -1.72489719128053E-08 -1.63768275770119E-01 -5.82953047798248E-01  4.01552274320896E-02  1.18445994028201E-09
  2.58978512650880E-10  4.41777191621293E-02  3.95651793913962E-01 -7.02806346510787E-02 -6.30857772350629E-02
  1.63768291634141E-01  5.82953043251108E-01 -4.01552292918809E-02 -6.74063733886019E-09 -9.50048479366157E-09
  4.41777228971072E-02  3.95651791226604E-01  7.02806286771953E-02  6.30857718143277E-02
* ORBITAL    1   57
  3.39010114639450E-08  7.48554047454653E-08 -3.28259338336474E-08 -4.18066240404677E-07 -2.03466625783375E-07
  5.90329319913539E-10 -3.19029255961228E-10  1.38232533317232E-10 -8.94736706409944E-10 -9.06129120307928E-01
  1.58121738722223E+00  5.82695558275940E-01  1.16949052256163E-01  6.83677415379937E-08 -1.23424148018723E-07
 -1.24743685054869E-07 -3.59134614198820E-08  6.17963215777681E-10 -5.89137158835434E-10  2.24662643093522E-10
  4.43891164430045E-01  2.93339313515228E-01 -5.57480784621874E-02 -2.02778152940648E-08  1.31004403795046E-09
 -1.18672092245344E-08  4.10455965636714E-10 -2.80492821992749E-10  1.40895384672047E-10  5.86782000684899E-08
  6.59774150164642E-09  1.59036544562713E-08 -7.50838276526031E-01  2.96575476639721E-01  2.20398287496492E-10
 -2.11703677085879E-10  8.49104433594141E-01 -4.82826855821188E-01  7.77557646639387E-08 -3.57467694079569E-08
 -8.56293912397914E-10  3.71506569815465E-10  1.30335948382582E-07 -4.96943550330341E-08 -1.47129715802687E-10
  2.36990307216705E-11 -1.16600296940311E+00  1.75966311362124E-01 -5.26170450134724E-02  1.27937343606952E-10
 -2.38369883088697E-10  4.60279137584577E-01  7.63774376239367E-02  4.80077031480732E-01  1.17697650552465E-01
  1.16600333177159E+00 -1.75966101019506E-01  5.26170688923848E-02 -1.98132814756183E-10 -1.67117179562873E-11
  4.60279268221234E-01  7.63775356571862E-02 -4.80077106456118E-01 -1.17697720834080E-01
* ORBITAL    1   58
  2.62858455917844E-01  5.78404602700169E-01 -2.60790504336924E-01 -3.16038025455163E+00 -1.52682035627800E+00
  1.13798947645358E-09 -7.80248204538670E-10 -2.52101253663734E-10 -4.39453179690459E-10  1.05546915549966E-07
 -2.11482794183226E-07 -7.37452311993331E-08 -1.79018356594722E-08  5.49559804769366E-01 -9.59559098072100E-01
 -9.25467595782709E-01 -2.64977526603635E-01 -2.44958997337359E-10  2.24901788785639E-10 -3.38364419651036E-10
 -5.81478712613435E-08 -3.84119954551497E-08  8.80513714448719E-09 -1.64623219412533E-01  1.95974762971275E-02
 -7.80744691035003E-02 -4.74151877119539E-10  3.65562310582746E-10 -1.51014442102119E-10  4.74011561323140E-01
  2.74681736701944E-02  1.36693238913328E-01  1.02385610270428E-07 -4.07056105724354E-08  2.26870234134648E-10
 -2.07820939035016E-10 -1.07899917192131E-07  6.15944094125536E-08  4.74276233670851E-01 -2.14836065411350E-01
 -2.64099493846082E-10  1.29890802625984E-10  1.02738707032974E+00 -3.95457605692482E-01  8.16205549524405E-11
 -4.25723095307997E-11  1.35821868701707E+00  7.92324049934803E-01  9.41732552079316E-02  4.06983511717040E-11
  1.09998503976245E-10 -4.98574585883969E-01 -3.60550749685620E-01 -2.93296182915035E-01 -2.74809539849342E-01
  1.35821834607303E+00  7.92324085489783E-01  9.41732694016919E-02 -8.98280201849564E-11  1.93449634180531E-10
  4.98574461752608E-01  3.60550724947990E-01 -2.93296054731676E-01 -2.74809509994515E-01
* ORBITAL    1   59
  8.60603507094424E-11  1.10792336541217E-09 -7.01855576232163E-11  1.24091457250019E-09 -3.57106004704835E-09
  1.50720159007453E-01 -2.22539943371594E-01  1.49206114442404E-01  1.62596007747181E-01  8.63186345855678E-09
 -2.49614593403713E-09 -5.90414447932216E-10  2.11868158917487E-09  1.28522652578756E-09 -3.92946683801907E-11
 -6.10718784966828E-11  3.46502924331739E-10 -9.41520709989979E-08  7.84668875276107E-08 -3.62853817004094E-08
  1.29736188543104E-11 -8.30426672203560E-10 -1.57719120092152E-10 -3.12226694723722E-10  1.73794797712814E-10
 -9.73407585514678E-12  1.21835174201355E+00 -9.36498800009237E-01  4.28514890782733E-01  9.47452500450658E-10
 -8.21302735838821E-10  3.53343151757958E-10  9.38529147433175E-11  3.71907487014424E-11  4.47133096596677E-09
  7.40916617744776E-09 -4.07858496950997E-10 -2.96238576165045E-12 -2.35296351528984E-10 -1.91348406346646E-11
 -5.44403639140314E-02  7.93482805039947E-03  1.36767914417832E-10 -2.02788540689334E-10  4.56293320652457E-02
  3.51507274202099E-02 -4.04095008588836E-09 -5.23461453733091E-09 -1.85788837449000E-08  1.30101724134765E-01
 -2.17098473108694E-01 -6.78864881251476E-10 -5.22117240624101E-10 -4.08470504514909E-10 -1.28128722363867E-10
  2.96765138143320E-10  5.79016684079448E-09  2.18758394093438E-08  1.30101754985639E-01 -2.17098512205684E-01
 -5.57211707291991E-10  3.46263288614398E-10  5.90656681219102E-10 -6.47737605331845E-10
* ORBITAL    1   60
  7.07487256441973E-02  1.99296575855880E-01 -1.37226881903808E-02 -1.56546720190405E+00 -4.15350516358844E-01
 -1.79171834786349E-10 -5.16380894949644E-11  5.28100812326389E-11 -1.70588716333048E-10 -7.04537313472603E-09
  1.31782608884485E-08  1.73014314947373E-08  1.11530938000881E-10  4.03291367855383E-01 -6.49264425031212E-01
 -3.52153820929214E-01  1.09847881492084E-01 -1.36111940688706E-08  1.14105317762426E-08 -5.29118813006711E-09
 -7.64656931568531E-09  1.35980616033356E-08  1.70122262196440E-09  1.17795728716615E+00 -9.81773311503868E-01
  4.46654604673681E-01  4.51370207104578E-10 -3.34913532460100E-10  1.24661071946030E-10 -2.03215258617032E-01
  2.69823957896787E-01  4.01491917858510E-02 -1.36353074175442E-09 -1.09857288443078E-09  8.54782998409265E-10
  9.67426870141863E-10 -5.91536721836865E-10  3.95361498606321E-09  6.34768451977624E-02 -2.65791305638147E-02
  2.11983249247861E-10 -8.68330282823561E-11  2.73686475843172E-01 -3.48984848138216E-02 -6.21368586093805E-11
  3.41278061636556E-11  8.57240130202404E-01  6.71222935399204E-02  2.52570730258467E-02 -2.21269308361747E-09
  2.82708247397008E-09 -2.69931291083256E-01 -7.20694870557189E-02 -2.41614593525125E-02 -3.20084322119772E-01
  8.57240185801589E-01  6.71222922610288E-02  2.52570587699843E-02  2.27424710702374E-09 -2.85903152292335E-09
  2.69931299374681E-01  7.20694943459585E-02 -2.41614628079168E-02 -3.20084327314094E-01
* ORBITAL    1   61
  4.45191034688461E-10 -7.86533734347485E-10 -4.45270692782877E-11 -1.72503337014050E-08  6.81727057874298E-09
  1.51763059280120E-08 -1.93009905427267E-08  1.13759748079074E-08  1.03008155786589E-08  1.04864924968363E-09
 -1.04285633495083E-09 -4.04961332086628E-10  2.17899482536148E-10  2.98637814204841E-09 -7.69855881676333E-09
 -3.09642485695122E-09  1.59807696956731E-09  1.23173971493052E+00 -1.03207698309624E+00  4.75602672907183E-01
 -3.74029011141650E-10  1.84499052280292E-11 -6.13656379225757E-11  1.28828883837274E-08 -1.07240216162421E-08
  4.88737337977537E-09  9.30415833303645E-08 -7.20253797578076E-08  3.26452954397264E-08 -2.51185334006472E-09
  3.27545073954735E-09 -5.51565170161086E-11  4.59306943723156E-10 -1.55168173933906E-10 -6.65469708992716E-02
 -9.34809178774397E-02 -1.87185273434523E-10  9.88878947676915E-11  7.15177432041407E-10 -2.12008330344834E-10
 -4.87314246216515E-09  9.02055659458521E-10  3.43326222771357E-09 -5.29451788746236E-10  3.18343167368601E-09
  2.91059202105165E-09  1.34036491381487E-08 -6.46373372630139E-10 -9.05744683201653E-09  2.05071844211835E-01
 -2.59113973796489E-01 -3.12423012716820E-09  5.91325212833080E-10 -5.71498125883937E-10 -2.28689505817295E-09
  1.17113723334520E-08 -4.59286380040186E-10 -1.84322926918371E-09 -2.05071823504479E-01  2.59113940333253E-01
  2.67555035604051E-09 -9.64719360844066E-10 -1.00363957713713E-10 -2.39755680106674E-09
* ORBITAL    1   62
  2.69250603107203E-01  7.52544588935240E-01 -1.09390795499317E-01 -4.02352081533409E+00 -8.96788560759861E-01
 -2.46249878332842E-10 -1.97415399844244E-10  1.04471297220150E-10  4.89886706789492E-10 -3.49934553243395E-09
  1.64033881307338E-08  2.64173659143078E-08  4.71892176751269E-09  6.59537407952116E-01 -1.05078854981098E+00
 -1.34999978944009E+00 -1.23865671487831E-01 -3.41474448929683E-10  2.47716625247724E-10 -1.01373720854139E-10
 -1.34174728734407E-08  2.23682736161333E-08  2.32974602941036E-09 -3.15887222944045E-01  3.22917593162123E-01
 -1.15852728050161E-01  7.15223802849058E-10 -5.55441293856013E-10  2.54509648229222E-10 -1.13622635267345E+00
  1.46784778307038E+00 -7.17403103287211E-02 -1.46106954203492E-09 -2.19097662668394E-09  2.99914641748558E-10
 -1.72490558774119E-10 -2.57393391962895E-10  6.17417113957722E-09  1.45993108620194E-01  2.45277269769781E-01
 -3.21229007985271E-12 -6.68670824800494E-12  3.67666853698764E-01  3.07949279861092E-01 -1.58829658465907E-10
  7.50791771438145E-11  2.76081733722575E+00 -3.48563576880164E-01  5.65152315065834E-02  4.87990977884328E-11
 -4.81690564686826E-11 -2.47912578655968E-01 -4.19267319757846E-01 -4.93058806004014E-01 -1.79284355416613E-01
  2.76081742748751E+00 -3.48563575749670E-01  5.65152384806277E-02  6.63937806106365E-11 -4.29939799100301E-10
  2.47912592121515E-01  4.19267330871912E-01 -4.93058809376211E-01 -1.79284364981891E-01
* ORBITAL    1   63
 -6.10860301723988E-09 -1.57891037339332E-08  4.69388564937428E-09  5.76407902151498E-08  6.73980012545102E-09
  7.53350518539591E-10 -4.44215149923452E-10 -9.10568507036414E-11  6.89491308273022E-10 -1.23986662485433E+00
  2.05141518135710E+00  2.42966223961565E+00  1.63044757714943E-01 -4.02807045941418E-09  1.27481866496164E-08
  1.30746119216752E-08 -2.74643652026737E-09 -1.37911047735552E-10  8.25377000658936E-11 -1.05514685256746E-10
 -1.18727063082919E+00  2.10555611162087E+00  1.32049233619431E-01 -3.94261768588992E-09  3.22426238634331E-09
 -2.37057798971273E-09  2.78884125631285E-10 -2.99312853874830E-10  2.00973639203241E-10  1.31495121418822E-08
 -1.51682244571761E-08  1.18418732144247E-09 -2.68194205273803E-01 -1.24706289117551E-01 -3.10344513482178E-11
 -4.73082678608717E-11  2.55646966792615E-01  3.38562374674523E-01 -1.02480058856954E-09 -2.09663943799240E-09
 -1.52586889003690E-10  9.11733520295994E-11 -5.96776187290344E-09 -1.45319795385974E-09  2.63377591642942E-11
 -4.74507956552362E-11 -3.69783860222569E+00  2.44813869774567E-01 -3.67688989582415E-02  7.39335685777801E-11
 -2.72297565758152E-11  6.97928202577105E-01  4.54275930444053E-01  3.39425389522579E-01  4.43204971811648E-01
  3.69783854090530E+00 -2.44813874298297E-01  3.67689072997545E-02  1.18326064992627E-11 -1.57568020044191E-10
  6.97928195651526E-01  4.54275921547061E-01 -3.39425381379812E-01 -4.43204963050202E-01
* ORBITAL    1   64
  3.45188591525574E+00  8.43861457256859E+00 -4.16991410619256E+00 -8.31716720513053E+00 -2.81302626641846E+00
 -3.37478808026316E-11  2.58641313736123E-11 -1.26281075673701E-10 -1.91124250331814E-10 -8.72649546846915E-09
  6.51844819543210E-09  2.31921303489656E-09 -3.86833632472998E-09 -5.28431566651083E-01  1.10813360765484E+00
 -7.47212092384380E-01 -3.54744575322591E-01  7.38426277493176E-11 -4.95318008996874E-11 -5.50235116004595E-11
 -5.09069600775072E-10  3.92178479088586E-09  6.07241460333384E-10  2.83772409183156E-02 -1.79040512319347E-02
  1.88946668030790E-01 -1.53942956142314E-11  6.73648881434792E-12 -3.22508750253221E-11  8.25657120394839E-03
 -2.99616021688348E-01  3.46550214803180E-01 -3.26095209224722E-10 -2.92003717373893E-10  6.09140913855102E-11
 -6.15142917459701E-11  3.97363534115988E-10  7.44195183711764E-10 -1.07197700561861E-01  1.10131359283368E-01
  1.22048640049618E-12 -1.49076526837198E-12 -1.94099722609575E-01  1.46028974819296E-01 -6.66845695857456E-12
  1.34942208667944E-11 -4.83564772745715E-01  2.96598617164614E+00  1.95702680450545E-01  2.16463301234313E-11
  7.06118873889052E-12  4.96410406693292E-01 -6.89506550131353E-01  3.25977316181912E-01 -7.70650083751333E-01
 -4.83564767802778E-01  2.96598615307602E+00  1.95702684434397E-01 -2.07909459667168E-12  3.18385751654254E-10
 -4.96410402113324E-01  6.89506546351673E-01  3.25977313114196E-01 -7.70650081421162E-01
#OCC
* OCCUPATION NUMBERS
  2.00000000000000E+00  1.99425178928634E+00  1.89223742101398E+00  1.61772745675561E+00  1.53842344205519E+00
  2.33871318670437E-01  1.69555181868432E-01  1.49912421708951E-01  1.53668929875857E-01  1.56724643992121E-01
  9.36273947730938E-02  0.00000000000000E+00  0.00000000000000E+00  0.00000000000000E+00  0.00000000000000E+00
  0.00000000000000E+00  0.00000000000000E+00  0.00000000000000E+00  0.00000000000000E+00  0.00000000000000E+00
  0.00000000000000E+00  0.00000000000000E+00  0.00000000000000E+00  0.00000000000000E+00  0.00000000000000E+00
  0.00000000000000E+00  0.00000000000000E+00  0.00000000000000E+00  0.00000000000000E+00  0.00000000000000E+00
  0.00000000000000E+00  0.00000000000000E+00  0.00000000000000E+00  0.00000000000000E+00  0.00000000000000E+00
  0.00000000000000E+00  0.00000000000000E+00  0.00000000000000E+00  0.00000000000000E+00  0.00000000000000E+00
  0.00000000000000E+00  0.00000000000000E+00  0.00000000000000E+00  0.00000000000000E+00  0.00000000000000E+00
  0.00000000000000E+00  0.00000000000000E+00  0.00000000000000E+00  0.00000000000000E+00  0.00000000000000E+00
  0.00000000000000E+00  0.00000000000000E+00  0.00000000000000E+00  0.00000000000000E+00  0.00000000000000E+00
  0.00000000000000E+00  0.00000000000000E+00  0.00000000000000E+00  0.00000000000000E+00  0.00000000000000E+00
  0.00000000000000E+00  0.00000000000000E+00  0.00000000000000E+00  0.00000000000000E+00
#OCHR
* OCCUPATION NUMBERS (HUMAN-READABLE)
  2.0000  1.9943  1.8922  1.6177  1.5384  0.2339  0.1696  0.1499  0.1537  0.1567
  0.0936  0.0000  0.0000  0.0000  0.0000  0.0000  0.0000  0.0000  0.0000  0.0000
  0.0000  0.0000  0.0000  0.0000  0.0000  0.0000  0.0000  0.0000  0.0000  0.0000
  0.0000  0.0000  0.0000  0.0000  0.0000  0.0000  0.0000  0.0000  0.0000  0.0000
  0.0000  0.0000  0.0000  0.0000  0.0000  0.0000  0.0000  0.0000  0.0000  0.0000
  0.0000  0.0000  0.0000  0.0000  0.0000  0.0000  0.0000  0.0000  0.0000  0.0000
  0.0000  0.0000  0.0000  0.0000
#ONE
* ONE ELECTRON ENERGIES
 -2.0826E+01 -1.5600E+00 -9.0390E-01 -7.0683E-01 -6.0512E-01 -1.0146E-02  4.8709E-02  1.1392E-01  1.1329E-01  1.5028E-01
  2.6447E-01  1.7362E-01  2.4217E-01  2.9805E-01  3.1695E-01  3.4083E-01  4.6671E-01  5.1275E-01  5.2589E-01  5.6141E-01
  6.2005E-01  6.5696E-01  7.3199E-01  7.4826E-01  9.3047E-01  9.3948E-01  9.5351E-01  1.0244E+00  1.5215E+00  1.6396E+00
  1.7161E+00  1.7704E+00  1.8622E+00  1.8671E+00  1.9132E+00  1.9942E+00  2.0314E+00  2.0637E+00  2.0934E+00  2.1455E+00
  2.3878E+00  2.5701E+00  2.5747E+00  2.6612E+00  2.7248E+00  2.7476E+00  3.5877E+00  3.6064E+00  4.1466E+00  5.0839E+00
  5.5311E+00  6.2266E+00  6.2475E+00  6.2633E+00  6.2667E+00  6.2686E+00  6.5367E+00  6.5962E+00  6.8819E+00  6.9301E+00
  6.9537E+00  7.2213E+00  7.4841E+00  1.0673E+01
#INDEX
* 1234567890
0 i222222222
1 2sssssssss
2 ssssssssss
3 ssssssssss
4 ssssssssss
5 ssssssssss
6 ssss
