0.0 0.0
0.1 0.0
0.2 0.0
0.3 0.0
0.4 0.0
0.5 0.0
0.6 0.0
0.7 0.0
0.8 0.0
0.9 0.0
1.0 0.0
1.1 0.0
1.2 0.0
1.3 0.0
1.4 0.0
1.5 0.0
1.6 0.0
1.7 0.0
1.8 0.0
1.9 0.0
2.0 0.0
2.1 0.0
2.2 0.0
2.3 0.0
2.4 0.0
2.5 0.0
2.6 0.0
2.7 0.0
2.8 0.0
2.9 0.0
3.0 0.0
3.1 0.0
3.2 0.0
3.3 0.0
3.4 0.0
3.5 0.0
3.6 0.0
3.7 0.0
3.8 0.0
3.9 0.0
4.0 0.0
4.1 0.0
4.2 0.0
4.3 0.0
4.4 0.0
4.5 0.0
4.6 0.0
4.7 0.0
4.8 0.0
4.9 0.0
5.0 0.0
5.1 0.0
5.2 0.0
5.3 0.0
5.4 0.0
5.5 0.0
5.6 0.0
5.7 0.0
5.8 0.0
5.9 0.0
6.0 0.0
6.1 0.0
6.2 0.0
6.3 0.0
6.4 0.0
6.5 0.0
6.6 0.0
6.7 0.0
6.8 0.0
6.9 0.0
7.0 0.0
7.1 0.0
7.2 0.0
7.3 0.0
7.4 0.0
7.5 0.0
7.6 0.0
7.7 0.0
7.8 0.0
7.9 0.0
8.0 0.0
8.1 0.0
8.2 0.0
8.3 0.0
8.4 0.0
8.5 0.0
8.6 0.0
8.7 0.0
8.8 0.0
8.9 0.0
9.0 0.0
9.1 0.0
9.2 0.0
9.3 0.0
9.4 0.0
9.5 0.0
9.6 0.0
9.7 0.0
9.8 0.0
9.9 0.0
10.0 0.0
10.1 0.0
10.2 0.0
10.3 0.0
10.4 0.0
10.5 0.0
10.6 0.0
10.7 0.0
10.8 0.0
10.9 0.0
11.0 0.0
11.1 0.0
11.2 0.0
11.3 0.0
11.4 0.0
11.5 0.0
11.6 0.0
11.7 0.0
11.8 0.0
11.9 0.0
12.0 0.0
12.1 0.0
12.2 0.0
12.3 0.0
12.4 0.0
12.5 0.0
12.6 0.0
12.7 0.0
12.8 0.0
12.9 0.0
13.0 0.0
13.1 0.0
13.2 0.0
13.3 0.0
13.4 0.0
13.5 0.0
13.6 0.0
13.7 0.0
13.8 0.0
13.9 0.0
14.0 0.0
14.1 0.0
14.2 0.0
14.3 0.0
14.4 0.0
14.5 0.0
14.6 0.0
14.7 0.0
14.8 0.0
14.9 0.0
15.0 0.0
15.1 0.0
15.2 0.0
15.3 0.0
15.4 0.0
15.5 0.0
15.6 0.0
15.7 0.0
15.8 0.0
15.9 0.0
16.0 0.0
16.1 0.0
16.2 0.0
16.3 0.0
16.4 0.0
16.5 0.0
16.6 0.0
16.7 0.0
16.8 0.0
16.9 0.0
17.0 0.0
17.1 0.0
17.2 0.0
17.3 0.0
17.4 0.0
17.5 0.0
17.6 0.0
17.7 0.0
17.8 0.0
17.9 0.0
18.0 0.0
18.1 0.0
18.2 0.0
18.3 0.0
18.4 0.0
18.5 0.0
18.6 0.0
18.7 0.0
18.8 0.0
18.9 0.0
19.0 0.0
19.1 0.0
19.2 0.0
19.3 0.0
19.4 0.0
19.5 0.0
19.6 0.0
19.7 0.0
19.8 0.0
19.9 0.0
20.0 0.0
20.1 0.0
20.2 0.0
20.3 0.0
20.4 0.0
20.5 0.0
20.6 0.0
20.7 0.0
20.8 0.0
20.9 0.0
21.0 0.0
21.1 0.0
21.2 0.0
21.3 0.0
21.4 0.0
21.5 0.0
21.6 0.0
21.7 0.0
21.8 0.0
21.9 0.0
22.0 0.0
22.1 0.0
22.2 0.0
22.3 0.0
22.4 0.0
22.5 0.0
22.6 0.0
22.7 0.0
22.8 0.0
22.9 0.0
23.0 0.0
23.1 0.0
23.2 0.0
23.3 0.0
23.4 0.0
23.5 0.0
23.6 0.0
23.7 0.0
23.8 0.0
23.9 0.0
24.0 0.0
24.1 0.0
24.2 0.0
24.3 0.0
24.4 0.0
24.5 0.0
24.6 0.0
24.7 0.0
24.8 0.0
24.9 0.0
25.0 0.0
25.1 0.0
25.2 0.0
25.3 0.0
25.4 0.0
25.5 0.0
25.6 0.0
25.7 0.0
25.8 0.0
25.9 0.0
26.0 0.0
26.1 0.0
26.2 0.0
26.3 0.0
26.4 0.0
26.5 0.0
26.6 0.0
26.7 0.0
26.8 0.0
26.9 0.0
27.0 0.0
27.1 0.0
27.2 0.0
27.3 0.0
27.4 0.0
27.5 0.0
27.6 0.0
27.7 0.0
27.8 0.0
27.9 0.0
28.0 0.0
28.1 0.0
28.2 0.0
28.3 0.0
28.4 0.0
28.5 0.0
28.6 0.0
28.7 0.0
28.8 0.0
28.9 0.0
29.0 0.0
29.1 0.0
29.2 0.0
29.3 0.0
29.4 0.0
29.5 0.0
29.6 0.0
29.7 0.0
29.8 0.0
29.9 0.0
30.0 0.0
30.1 0.0
30.2 0.0
30.3 0.0
30.4 0.0
30.5 0.0
30.6 0.0
30.7 0.0
30.8 0.0
30.9 0.0
31.0 0.0
31.1 0.0
31.2 0.0
31.3 0.0
31.4 0.0
31.5 0.0
31.6 0.0
31.7 0.0
31.8 0.0
31.9 0.0
32.0 0.0
32.1 0.0
32.2 0.0
32.3 0.0
32.4 0.0
32.5 0.0
32.6 0.0
32.7 0.0
32.8 0.0
32.9 0.0
33.0 0.0
33.1 0.0
33.2 0.0
33.3 0.0
33.4 0.0
33.5 0.0
33.6 0.0
33.7 0.0
33.8 0.0
33.9 0.0
34.0 0.0
34.1 0.0
34.2 0.0
34.3 0.0
34.4 0.0
34.5 0.0
34.6 0.0
34.7 0.0
34.8 0.0
34.9 0.0
35.0 0.0
35.1 0.0
35.2 0.0
35.3 0.0
35.4 0.0
35.5 0.0
35.6 0.0
35.7 0.0
35.8 0.0
35.9 0.0
36.0 0.0
36.1 0.0
36.2 0.0
36.3 0.0
36.4 0.0
36.5 0.0
36.6 0.0
36.7 0.0
36.8 0.0
36.9 0.0
37.0 0.0
37.1 0.0
37.2 0.0
37.3 0.0
37.4 0.0
37.5 0.0
37.6 0.0
37.7 0.0
37.8 0.0
37.9 0.0
38.0 0.0
38.1 0.0
38.2 0.0
38.3 0.0
38.4 0.0
38.5 0.0
38.6 0.0
38.7 0.0
38.8 0.0
38.9 0.0
39.0 0.0
39.1 0.0
39.2 0.0
39.3 0.0
39.4 0.0
39.5 0.0
39.6 0.0
39.7 0.0
39.8 0.0
39.9 0.0
40.0 0.0
40.1 0.0
40.2 0.0
40.3 0.0
40.4 0.0
40.5 0.0
40.6 0.0
40.7 0.0
40.8 0.0
40.9 0.0
41.0 0.0
41.1 0.0
41.2 0.0
41.3 0.0
41.4 0.382286236842
41.5 0.388284808868
41.6 0.387069561349
41.7 0.385584010495
41.8 0.383900519286
41.9 0.382032461956
42.0 0.3799844002
42.1 0.377758427215
42.2 0.375355664449
42.3 0.372776724777
42.4 0.370021959026
42.5 0.367091636399
42.6 0.36398604485
42.7 0.360705549745
42.8 0.357250620412
42.9 0.353621972154
43.0 0.349820622627
43.1 0.345847923337
43.2 0.341705629604
43.3 0.337395925646
43.4 0.332921460663
43.5 0.32828540522
43.6 0.323487753052
43.7 0.318514112983
43.8 0.313365908823
43.9 0.308049578532
44.0 0.302571732169
44.1 0.296939311029
44.2 0.291160133017
44.3 0.285254191026
44.4 0.279231572431
44.5 0.273068105184
44.6 0.266795196261
44.7 0.260423615792
44.8 0.253964426395
44.9 0.247428946853
45.0 0.240828664541
45.1 0.23417513773
45.2 0.227479971401
45.3 0.220754858531
45.4 0.214011572122
45.5 0.207261938246
45.6 0.200517840752
45.7 0.193791276818
45.8 0.187094366455
45.9 0.180439394669
46.0 0.173838882779
46.1 0.167305752791
46.2 0.160853178934
46.3 0.154494276467
46.4 0.148242155867
46.5 0.142110136512
46.6 0.136111599728
46.7 0.130259696879
46.8 0.124567270454
46.9 0.119046880815
47.0 0.113710471102
47.1 0.108572334809
47.2 0.103647305067
47.3 0.0989341961163
47.4 0.0944417953528
47.5 0.090176295887
47.6 0.0861414330205
47.7 0.0823386309963
47.8 0.0787671636996
47.9 0.0754243716575
48.0 0.0723058080844
48.1 0.0694054797697
48.2 0.0667160691733
48.3 0.0642290830397
48.4 0.0619290879714
48.5 0.0597920043597
48.6 0.0578138167417
48.7 0.0559987569341
48.8 0.0543392901278
48.9 0.0528245578536
49.0 0.0514428110782
49.1 0.0501819914383
49.2 0.049030275844
49.3 0.0479764576631
49.4 0.0470101761345
49.5 0.0461220480004
49.6 0.0453036891435
49.7 0.0445476775738
49.8 0.0438474924536
49.9 0.0431974323112
50.0 0.0425925198962
