0.0 0.0
0.1 0.0
0.2 0.0
0.3 0.0
0.4 0.0
0.5 0.0
0.6 0.0
0.7 0.0
0.8 0.0
0.9 0.0
1.0 0.0
1.1 0.0
1.2 0.0
1.3 0.0
1.4 0.0
1.5 0.0
1.6 0.0
1.7 0.0
1.8 0.0
1.9 0.0
2.0 0.0
2.1 0.0
2.2 0.0
2.3 0.0
2.4 0.0
2.5 0.0
2.6 0.0
2.7 0.0
2.8 0.0
2.9 0.0
3.0 0.0
3.1 0.0
3.2 0.0
3.3 0.0
3.4 0.0
3.5 0.0
3.6 0.0
3.7 0.0
3.8 0.0
3.9 0.0
4.0 0.0
4.1 0.0
4.2 0.0
4.3 0.0
4.4 0.0
4.5 0.0
4.6 0.0
4.7 0.0
4.8 0.0
4.9 0.0
5.0 0.0
5.1 0.0
5.2 0.0
5.3 0.0
5.4 0.0
5.5 0.0
5.6 0.0
5.7 0.0
5.8 0.0
5.9 0.0
6.0 0.0
6.1 0.0
6.2 0.0
6.3 0.0
6.4 0.0
6.5 0.0
6.6 0.0
6.7 0.0
6.8 0.0
6.9 0.0
7.0 0.0
7.1 0.0
7.2 0.0
7.3 0.0
7.4 0.0
7.5 0.0
7.6 0.0
7.7 0.0
7.8 0.0
7.9 0.0
8.0 0.0
8.1 0.0
8.2 0.0
8.3 0.0
8.4 0.0
8.5 0.0
8.6 0.0
8.7 0.0
8.8 0.0
8.9 0.0
9.0 0.0
9.1 0.0
9.2 0.0
9.3 0.0
9.4 0.0
9.5 0.0
9.6 0.0
9.7 0.0
9.8 0.0
9.9 0.0
10.0 0.0
10.1 0.0
10.2 0.0
10.3 0.0
10.4 0.0
10.5 0.0
10.6 0.0
10.7 0.0
10.8 0.0
10.9 0.0
11.0 0.0
11.1 0.0
11.2 0.0
11.3 0.0
11.4 0.0
11.5 0.0
11.6 0.0
11.7 0.0
11.8 0.0
11.9 0.0
12.0 0.0
12.1 0.0
12.2 0.0
12.3 0.0
12.4 0.0
12.5 0.0
12.6 0.0
12.7 0.0
12.8 0.0
12.9 0.0
13.0 0.0
13.1 0.0
13.2 0.0
13.3 0.0
13.4 0.0
13.5 0.0
13.6 0.0
13.7 0.0
13.8 0.0
13.9 0.0
14.0 0.0
14.1 0.0
14.2 0.0
14.3 0.0
14.4 0.0
14.5 0.0
14.6 0.0
14.7 0.0
14.8 0.0
14.9 0.0
15.0 0.0
15.1 0.0
15.2 0.0
15.3 0.0
15.4 0.0
15.5 0.0
15.6 0.0
15.7 0.0
15.8 0.0
15.9 0.0
16.0 0.0
16.1 0.0
16.2 0.0
16.3 0.0
16.4 0.0
16.5 0.0
16.6 0.0
16.7 0.0
16.8 0.0
16.9 0.0
17.0 0.0
17.1 0.0
17.2 0.0
17.3 0.0
17.4 0.0
17.5 0.0
17.6 0.0
17.7 0.0
17.8 0.0
17.9 0.0
18.0 0.0
18.1 0.0
18.2 0.0
18.3 0.0
18.4 0.0
18.5 0.0
18.6 0.0
18.7 0.0
18.8 0.0
18.9 0.0
19.0 0.0
19.1 0.0
19.2 0.0
19.3 0.0
19.4 0.0
19.5 0.0
19.6 0.0
19.7 0.0
19.8 0.0
19.9 0.0
20.0 0.0
20.1 0.0
20.2 0.0
20.3 0.0
20.4 0.0
20.5 0.0
20.6 0.0
20.7 0.0
20.8 0.0
20.9 0.0
21.0 0.0
21.1 0.0
21.2 0.0
21.3 0.0
21.4 0.0
21.5 0.0
21.6 0.0
21.7 0.0
21.8 0.0
21.9 0.0
22.0 0.0
22.1 0.0
22.2 0.0
22.3 0.0
22.4 0.0
22.5 0.0
22.6 0.0
22.7 0.0
22.8 0.0
22.9 0.0
23.0 0.0
23.1 0.0
23.2 0.0
23.3 0.0
23.4 0.0
23.5 0.0
23.6 0.0
23.7 0.0
23.8 0.0
23.9 0.0
24.0 0.0
24.1 0.0
24.2 0.0
24.3 0.0
24.4 0.0
24.5 0.0
24.6 0.0
24.7 0.0
24.8 0.0
24.9 0.0
25.0 0.0
25.1 0.0
25.2 0.0
25.3 0.0
25.4 0.0
25.5 0.0
25.6 0.0
25.7 0.0
25.8 0.0
25.9 0.0
26.0 0.0
26.1 0.0
26.2 0.0
26.3 0.0
26.4 0.0
26.5 0.0
26.6 0.0
26.7 0.0
26.8 0.0
26.9 0.0
27.0 0.0
27.1 0.0
27.2 0.0
27.3 0.0
27.4 0.0
27.5 0.0
27.6 0.0
27.7 0.0
27.8 0.0
27.9 0.0
28.0 0.0
28.1 0.0
28.2 0.0
28.3 0.0
28.4 0.0
28.5 0.0
28.6 0.0
28.7 0.0
28.8 0.0
28.9 0.0
29.0 0.0
29.1 0.0
29.2 0.0
29.3 0.0
29.4 0.0
29.5 0.0
29.6 0.0
29.7 0.0
29.8 0.0
29.9 0.0
30.0 0.0
30.1 0.0
30.2 0.0
30.3 0.0
30.4 0.0
30.5 0.0
30.6 0.0
30.7 0.0
30.8 0.0
30.9 0.0
31.0 0.0
31.1 0.0
31.2 0.0
31.3 0.0
31.4 0.0
31.5 0.0
31.6 0.0
31.7 0.0
31.8 0.0
31.9 0.0
32.0 0.0
32.1 0.0
32.2 0.0
32.3 0.0
32.4 0.0
32.5 0.0
32.6 0.0
32.7 0.0
32.8 0.0
32.9 0.0
33.0 0.0
33.1 0.0
33.2 0.0
33.3 0.0
33.4 0.0
33.5 0.0
33.6 0.0
33.7 0.0
33.8 0.0
33.9 0.0
34.0 0.0
34.1 0.0
34.2 0.0
34.3 0.0
34.4 0.0
34.5 0.0
34.6 0.0
34.7 0.0
34.8 0.0
34.9 0.0
35.0 0.0
35.1 0.0
35.2 0.0
35.3 0.0
35.4 0.0
35.5 0.00136754548499
35.6 0.355904111745
35.7 0.382487578578
35.8 0.384921544929
35.9 0.386198183657
36.0 0.387176310739
36.1 0.388025993815
36.2 0.388803949189
36.3 0.389535662238
36.4 0.390234498298
36.5 0.390908718511
36.6 0.391563890164
36.7 0.392204018423
36.8 0.392831281332
36.9 0.393264955977
37.0 0.393361067143
37.1 0.393410872078
37.2 0.39343571285
37.3 0.393439748605
37.4 0.393424915224
37.5 0.393392728094
37.6 0.393344738364
37.7 0.393282680223
37.8 0.393208509542
37.9 0.39312438003
38.0 0.393032618166
38.1 0.392935658391
38.2 0.392835981286
38.3 0.392736046671
38.4 0.39263822872
38.5 0.392544754833
38.6 0.392457648845
38.7 0.392378683577
38.8 0.392309342917
38.9 0.392250795076
39.0 0.392203876479
39.1 0.392169087224
39.2 0.392146597257
39.3 0.39213626165
39.4 0.392137644991
39.5 0.392150052716
39.6 0.392172568918
39.7 0.392204097986
39.8 0.392243407975
39.9 0.392289175359
40.0 0.392340025675
40.1 0.392394584777
40.2 0.39245150681
40.3 0.392509509546
40.4 0.392567400157
40.5 0.392624093148
40.6 0.392678617447
40.7 0.392730104094
40.8 0.392777723956
40.9 0.392820388372
41.0 0.392852194099
41.1 0.392738130999
41.2 0.392520265079
41.3 0.392343421354
41.4 0.00743667424637
41.5 0.000258534381319
41.6 0.000130826399983
41.7 9.37410352557e-05
41.8 7.59714464761e-05
41.9 6.52205360279e-05
42.0 5.77807707136e-05
42.1 5.21793436377e-05
42.2 4.77259683886e-05
42.3 4.40710859887e-05
42.4 4.10263687482e-05
42.5 3.84907605283e-05
42.6 3.64230132571e-05
42.7 3.48034192316e-05
42.8 3.36442711618e-05
42.9 3.29692975936e-05
43.0 3.28146900631e-05
43.1 3.32249636859e-05
43.2 3.42505860517e-05
43.3 3.59458614286e-05
43.4 3.83671946304e-05
43.5 4.15714657691e-05
43.6 4.56960193835e-05
43.7 5.06325252277e-05
43.8 5.65100587494e-05
43.9 6.33726055574e-05
44.0 7.12583337719e-05
44.1 8.01988444573e-05
44.2 9.02220205837e-05
44.3 0.00010565842074
44.4 0.000153640396352
44.5 0.000158989837941
44.6 0.000164948688222
44.7 0.000171672802403
44.8 0.000179194879594
44.9 0.000187522122269
45.0 0.000196650438869
45.1 0.000206568421389
45.2 0.000217258449253
45.3 0.000228697752707
45.4 0.000240858395047
45.5 0.000253707745018
45.6 0.000267208231625
45.7 0.000281317464543
45.8 0.000295988024472
45.9 0.00031116731532
46.0 0.000326797209329
46.1 0.000342814887713
46.2 0.000359151728439
46.3 0.000375733745368
46.4 0.000392481864225
46.5 0.000409312300349
46.6 0.000426137186285
46.7 0.000442865457041
46.8 0.000459404114498
46.9 0.000475659508924
47.0 0.000491539475826
47.1 0.000506954812263
47.2 0.000521821326278
47.3 0.000536061669211
47.4 0.000549607551856
47.5 0.000562401378216
47.6 0.000574397393797
47.7 0.000585562737491
47.8 0.000595878029282
47.9 0.000605337220506
48.0 0.000613947089883
48.1 0.000621726364431
48.2 0.000628704359389
48.3 0.000634919360544
48.4 0.000638630022232
48.5 0.000638905342107
48.6 0.00063915819989
48.7 0.000639384366279
48.8 0.000639580390087
48.9 0.00063974393507
49.0 0.000639873777103
49.1 0.000639969806118
49.2 0.000640032965912
49.3 0.000640065031118
49.4 0.000640068538273
49.5 0.000640046594957
49.6 0.000640002734627
49.7 0.000639940665418
49.8 0.000639864138848
49.9 0.000639776901696
50.0 0.00063968243796
