-1.173031679
-1.172751678
-1.171880219
-1.170457076
-1.168625056
-1.166634122
-1.164813478
-1.163506595
-1.162982136
-1.163352756
-1.164538470
-1.166292814
-1.168278686
-1.170158764
-1.171666212
-1.172639094
-1.173020984
-1.172840321
-1.172181632
-1.171156993
-1.169879894
-1.168439124
-1.166876639
-1.165205391
-1.163488114
-1.161851316
-1.160415677
-1.159267761
-1.158464709
-1.158041473
-1.158015099
-1.158386612
-1.159141127
-1.160246227
-1.161648071
-1.163264523
-1.164979158
-1.166662570
-1.168241303
-1.169700464
-1.171004000
-1.172067943
-1.172780297
-1.173027267
-1.172719232
-1.171818993
-1.170370896
-1.168523192
-1.166530901
-1.164726076
-1.163451103
-1.162969016
-1.163383566
-1.164605395
-1.166381241
-1.168371508
-1.170240560
-1.171725930
-1.172670935
-1.173023881
-1.172816707
-1.172136041
-1.171094759
-1.169805949
-1.168356798
-1.166787396
-1.165112037
-1.163398068
-1.161772801
-1.160354589
-1.159227757
-1.158447831
-1.158048555
-1.158045970
-1.158440185
-1.159215382
-1.160338085
-1.161753129
-1.163376685
-1.165090908
-1.166768259
-1.168340241
-1.169792159
-1.171084260
-1.172129608
-1.172815105
-1.173027622
-1.172680053
-1.171739758
-1.170257578
-1.168389354
-1.166396981
-1.164616100
-1.163387063
-1.162964572
-1.163439697
-1.164710108
-1.166513445
-1.168507147
-1.170358357
-1.171810984
-1.172715766
-1.173027596
-1.172783216
-1.172072081
-1.171008055
-1.169703455
-1.168242890
-1.166663424
-1.164980948
-1.163268996
-1.161656188
-1.160258231
-1.159156822
-1.158405531
-1.158036597
-1.158064776
-1.158488956
-1.159292038
-1.160439056
-1.161872945
-1.163507397
-1.165222427
-1.166892743
-1.168456027
-1.169897922
-1.171174611
-1.172196105
-1.172848477
-1.173019902
-1.172626807
-1.171642468
-1.170125715
-1.168241229
-1.166258234
-1.164515129
-1.163347983
-1.162999976
-1.163546389
-1.164869952
-1.166698938
-1.168689077
-1.170512389
-1.171921316
-1.172775739
-1.173038199
-1.172750695
-1.172005465
-1.170916939
-1.169595849
-1.168122924
-1.166530886
-1.164837488
-1.163123923
-1.161520603
-1.160140455
-1.159062324
-1.158337677
-1.157997170
-1.158054284
-1.158506791
-1.159336530
-1.160507412
-1.161961035
-1.163609382
-1.165330800
-1.167000794
-1.168560502
-1.169996262
-1.171262706
-1.172268859
-1.172901079
-1.173049069
-1.172632021
-1.171627138
-1.170097926
-1.168213528
-1.166245936
-1.164533028
-1.163406186
-1.163100421
-1.163681724
-1.165025487
-1.166856823
-1.168832851
-1.170630213
-1.172007209
-1.172829098
-1.173062386
-1.172751380
-1.171989161
-1.170889816
-1.169562645
-1.168085874
-1.166489613
-1.164791885
-1.163076673
-1.161475196
-1.160099652
-1.159028118
-1.158311495
-1.157980016
-1.158046801
-1.158509255
-1.159348786
-1.160528716
-1.161989764
-1.163642575
-1.165364022
-1.167030035
-1.168584344
-1.170013990
-1.171272480
-1.172267661
-1.172885148
-1.173014419
-1.172575137
-1.171545908
-1.169992737
-1.168088224
-1.166108160
-1.164393455
-1.163276463
-1.162990300
-1.163596477
-1.164964736
-1.166815245
-1.168802265
-1.170602042
-1.171974411
-1.172787182
-1.173009575
-1.172688222
-1.171917883
-1.170813591
-1.169484831
-1.168009249
-1.166416039
-1.164722880
-1.163013975
-1.161420759
-1.160055557
-1.158996436
-1.158294127
-1.157978532
-1.158062276
-1.158542074
-1.159398374
-1.160593148
-1.162065157
-1.163722357
-1.165439504
-1.167095407
-1.168639637
-1.170059399
-1.171305200
-1.172282645
-1.172876479
-1.172976607
-1.172504556
-1.171442448
-1.169861370
-1.167939910
-1.165959274
-1.164263160
-1.163182273
-1.162943208
-1.163597701
-1.165005630
-1.166880336
-1.168873880
-1.170664556
-1.172016865
-1.172804038
-1.173000103
-1.172655208
-1.171866175
-1.170748698
-1.169411485
-1.167929905
-1.166330768
-1.164633338
-1.162926119
-1.161341205
-1.159989328
-1.158946978
-1.158263665
-1.157968306
-1.158072661
-1.158572616
-1.159447762
-1.160659096
-1.162144169
-1.163809414
-1.165528457
-1.167181745
-1.168721938
-1.170136111
-1.171373073
-1.172337497
-1.172914349
-1.172994839
-1.172502896
-1.171424056
-1.169833466
-1.167913544
-1.165947783
-1.164279249
-1.163234392
-1.163032613
-1.163717648
-1.165143185
-1.167020036
-1.169001594
-1.170770159
-1.172095193
-1.172854428
-1.173025168
-1.172659440
-1.171854712
-1.170726315
-1.169381657
-1.167893922
-1.166288165
-1.164585520
-1.162878000
-1.161297675
-1.159953569
-1.158920724
-1.158247655
-1.157962587
-1.158076777
-1.158585731
-1.159468742
-1.160686552
-1.162176472
-1.163844703
-1.165564816
-1.167217928
-1.168757442
-1.170169836
-1.171402800
-1.172360357
-1.172927475
-1.172996003
-1.172491177
-1.171400522
-1.169801681
-1.167879614
-1.165919625
-1.164264965
-1.163240076
-1.163060380
-1.163764792
-1.165202920
-1.167083468
-1.169060019
-1.170816815
-1.172126064
-1.172868179
-1.173022561
-1.172642574
-1.171826301
-1.170689071
-1.169337699
-1.167844265
-1.166233251
-1.164527935
-1.162822926
-1.161249718
-1.159915636
-1.158894387
-1.158233562
-1.157960723
-1.158086617
-1.158606328
-1.159498771
-1.160724317
-1.162219884
-1.163891281
-1.165612118
-1.167264859
-1.168804082
-1.170215090
-1.171443694
-1.172392809
-1.172947243
-1.172999591
-1.172476805
-1.171369123
-1.169757699
-1.167831184
-1.165877675
-1.164241033
-1.163243253
-1.163094461
-1.163826920
-1.165284423
-1.167172466
-1.169144588
-1.170887481
-1.172177026
-1.172897339
-1.173030802
-1.172632750
-1.171802258
-1.170654783
-1.169296436
-1.167797888
-1.166182879
-1.164477083
-1.162777782
-1.161215704
-1.159896360
-1.158892036
-1.158249307
-1.157994937
-1.158138962
-1.158675766
-1.159583473
-1.160821479
-1.162325394
-1.163999378
-1.165716294
-1.167361747
-1.168893936
-1.170296460
-1.171511512
-1.172439594
-1.172964671
-1.172980048
-1.172415166
-1.171264790
-1.169616533
-1.167666536
-1.165709540
-1.164092662
-1.163135622
-1.163040378
-1.163827301
-1.165328460
-1.167241469
-1.169217563
-1.170946120
-1.172208696
-1.172895895
-1.172995828
-1.172568036
-1.171714100
-1.170550343
-1.169182117
-1.167677912
-1.166060024
-1.164356926
-1.162669031
-1.161126165
-1.159831759
-1.158856382
-1.158245230
-1.158023821
-1.158200940
-1.158769573
-1.159706156
-1.160967879
-1.162487304
-1.164164770
-1.165871597
-1.167500386
-1.169016677
-1.170401443
-1.171591385
-1.172483770
-1.172961983
-1.172921285
-1.172295867
-1.171088242
-1.169396248
-1.167426957
-1.165483560
-1.163915329
-1.163035205
-1.163029988
-1.163900823
-1.165462819
-1.167404003
-1.169375009
-1.171071756
-1.172285917
-1.172918432
-1.172965823
-1.172493268
-1.171605202
-1.170418211
-1.169035244
-1.167519929
-1.165891186
-1.164182519
-1.162500909
-1.160975622
-1.159706994
-1.158762949
-1.158186664
-1.158002004
-1.158216267
-1.158820971
-1.159790936
-1.161081384
-1.162622275
-1.164310691
-1.166016433
-1.167637039
-1.169143220
-1.170514461
-1.171684317
-1.172548623
-1.172991348
-1.172910314
-1.172244353
-1.171002592
-1.169290687
-1.167322995
-1.165406864
-1.163890005
-1.163076956
-1.163140859
-1.164068118
-1.165662857
-1.167608940
-1.169559727
-1.171218442
-1.172385593
-1.172970054
-1.172974124
-1.172466325
-1.171552233
-1.170347630
-1.168952586
-1.167425926
-1.165783494
-1.164063507
-1.162378834
-1.160858557
-1.159600743
-1.158671397
-1.158112310
-1.157946317
-1.158179901
-1.158803884
-1.159792450
-1.161100169
-1.162656211
-1.164356544
-1.166069686
-1.167693163
-1.169198989
-1.170567252
-1.171731594
-1.172588156
-1.173021676
-1.172931254
-1.172257475
-1.171011520
-1.169300997
-1.167341481
-1.165440085
-1.163942384
-1.163149080
-1.163228814
-1.164164291
-1.165757961
-1.167694366
-1.169629312
-1.171269191
-1.172417437
-1.172985061
-1.172975567
-1.172457871
-1.171537342
-1.170329083
-1.168932042
-1.167403527
-1.165758274
-1.164035037
-1.162347766
-1.160825780
-1.159567004
-1.158637299
-1.158078359
-1.157912964
-1.158147568
-1.158772976
-1.159763362
-1.161073278
-1.162631836
-1.164334827
-1.166050326
-1.167675366
-1.169182111
-1.170551149
-1.171716432
-1.172574140
-1.173008864
-1.172919421
-1.172246012
-1.170999389
-1.169286802
-1.167323684
-1.165417374
-1.163914115
-1.163115616
-1.163191586
-1.164125512
-1.165720094
-1.167659576
-1.169599103
-1.171244314
-1.172398006
-1.172970773
-1.172965932
-1.172452394
-1.171535648
-1.170331042
-1.168937948
-1.167414353
-1.165775355
-1.164058542
-1.162376463
-1.160858397
-1.159602716
-1.158675633
-1.158119044
-1.157955808
-1.158192352
-1.158819351
-1.159810717
-1.161120556
-1.162677294
-1.164375926
-1.166084748
-1.167703238
-1.169204900
-1.170568923
-1.171727428
-1.172575367
-1.172996684
-1.172890141
-1.172196651
-1.170928649
-1.169196099
-1.167217896
-1.165304811
-1.163805311
-1.163021013
-1.163118802
-1.164077333
-1.165694056
-1.167649212
-1.169596130
-1.171240789
-1.172387803
-1.172950193
-1.172933632
-1.172408922
-1.171482832
-1.170271354
-1.168873878
-1.167348036
-1.165709348
-1.163997215
-1.162324737
-1.160820065
-1.159580387
-1.158671021
-1.158133127
-1.157988872
-1.158243959
-1.158888235
-1.159894594
-1.161215804
-1.162778491
-1.164475710
-1.166176292
-1.167785270
-1.169278897
-1.170633003
-1.171775833
-1.172600338
-1.172990319
-1.172846211
-1.172112618
-1.170807770
-1.169049025
-1.167062827
-1.165165265
-1.163705255
-1.162978464
-1.163140323
-1.164155961
-1.165811684
-1.167782156
-1.169721340
-1.171340424
-1.172451258
-1.172973905
-1.172919575
-1.172362646
-1.171411559
-1.170182183
-1.168771926
-1.167235106
-1.165586712
-1.163872476
-1.162209651
-1.160724174
-1.159509895
-1.158629590
-1.158122546
-1.158009459
-1.158294764
-1.158967118
-1.159998191
-1.161339356
-1.162915520
-1.164617951
-1.166315903
-1.167919139
-1.169406005
-1.170749226
-1.171873817
-1.172671511
-1.173026924
-1.172843298
-1.172070138
-1.170732506
-1.168955629
-1.166972988
-1.165104233
-1.163695907
-1.163034581
-1.163261859
-1.164328647
-1.166011283
-1.167981322
-1.169896146
-1.171474433
-1.172536645
-1.173010368
-1.172912165
-1.172319435
-1.171341566
-1.170093523
-1.168669930
-1.167121147
-1.165461579
-1.163743247
-1.162087011
-1.160616620
-1.159422927
-1.158566474
-1.158084949
-1.157997805
-1.158308436
-1.159004526
-1.160056732
-1.161415235
-1.163003414
-1.164710857
-1.166407007
-1.168005523
-1.169486501
-1.170820302
-1.171929453
-1.172704706
-1.173031242
-1.172814429
-1.172007598
-1.170641243
-1.168846970
-1.166864105
-1.165015497
-1.163646211
-1.163035949
-1.163315534
-1.164424572
-1.166131243
-1.168104265
-1.170003328
-1.171552731
-1.172579581
-1.173017399
-1.172887079
-1.172268561
-1.171272127
-1.170012147
-1.168581099
-1.167026274
-1.165361633
-1.163643538
-1.161995104
-1.160538652
-1.159363139
-1.158527654
-1.158068767
-1.158004993
-1.158338842
-1.159057079
-1.160129291
-1.161504289
-1.163103589
-1.164814681
-1.166507172
-1.168099090
-1.169572586
-1.170896015
-1.171989777
-1.172743804
-1.173043768
-1.172796880
-1.171959786
-1.170567687
-1.168757708
-1.166774222
-1.164942802
-1.163607184
-1.163041094
-1.163366051
-1.164511966
-1.166240077
-1.168216717
-1.170103569
-1.171629719
-1.172627918
-1.173036711
-1.172880654
-1.172241821
-1.171231226
-1.169962651
-1.168526587
-1.166967456
-1.165298451
-1.163579113
-1.161934501
-1.160486281
-1.159322308
-1.158500776
-1.158057527
-1.158010425
-1.158361317
-1.159096225
-1.160183814
-1.161571636
-1.163179411
-1.164892523
-1.166580495
-1.168165130
-1.169630500
-1.170943471
-1.172022697
-1.172757256
-1.173032930
-1.172758094
-1.171891799
-1.170472943
-1.168643285
-1.166651812
-1.164827181
-1.163513094
-1.162979335
-1.163340316
-1.164517890
-1.166266916
-1.168250771
-1.170131803
-1.171642325
-1.172619391
-1.173005670
-1.172828956
-1.172173418
-1.171151044
-1.169875487
-1.168435954
-1.166874874
-1.165204813
-1.163487099
-1.161847881
-1.160408539
-1.159256365
-1.158449013
-1.158021793
-1.157991987
-1.158360763
-1.159113298
-1.160217138
-1.161618281
-1.163234243
-1.164948049
-1.166629882
-1.168206581
-1.169664109
-1.170967330
-1.172032918
-1.172749137
-1.173002087
-1.172701651
-1.171809713
-1.170369284
-1.168527007
-1.166536376
-1.164728516
-1.163445991
-1.162953305
-1.163356644
-1.164569271
-1.166339878
-1.168329665
-1.170202636
-1.171695205
-1.172649289
-1.173011906
-1.172814019
-1.172141644
-1.171107361
-1.169824199
-1.168379380
-1.166812611
-1.165136419
-1.163416365
-1.161780637
-1.160349444
-1.159208491
-1.158414215
-1.158001023
-1.157985499
-1.158368253
-1.159133996
-1.160249874
-1.161661515
-1.163286055
-1.165006086
-1.166691565
-1.168269799
-1.169727115
-1.171028273
-1.172089969
-1.172800910
-1.173048070
-1.172742605
-1.171847958
-1.170408736
-1.168572775
-1.166593809
-1.164801773
-1.163536549
-1.163059043
-1.163472036
-1.164686745
-1.166451767
-1.168429937
-1.170287817
-1.171764405
-1.172703612
-1.173053630
-1.172845842
-1.172166123
-1.171126546
-1.169839374
-1.168390831
-1.166819696
-1.165138870
-1.163415670
-1.161778724
-1.160347485
-1.159206934
-1.158413059
-1.158000021
-1.157984296
-1.158366482
-1.159131365
-1.160246245
-1.161657010
-1.163281185
-1.165001776
-1.166688685
-1.168268490
-1.169726939
-1.171028412
-1.172089275
-1.172797996
-1.173041458
-1.172730924
-1.171830213
-1.170384626
-1.168542995
-1.166560181
-1.164767077
-1.163503957
-1.163031283
-1.163450584
-1.164671399
-1.166440784
-1.168420617
-1.170277263
-1.171750148
-1.172683970
-1.173027799
-1.172813801
-1.172128451
-1.171084222
-1.169793602
-1.168342954
-1.166771425
-1.165092998
-1.163375820
-1.161747842
-1.160327453
-1.159198869
-1.158417533
-1.158017153
-1.158013772
-1.158407526
-1.159182664
-1.160305819
-1.161721992
-1.163347575
-1.165064809
-1.166745492
-1.168320101
-1.169774101
-1.171068589
-1.172117316
-1.172807571
-1.173026366
-1.172686460
-1.171754736
-1.170281147
-1.168420266
-1.166432547
-1.164652415
-1.163419732
-1.162989779
-1.163455238
-1.164715930
-1.166511488
-1.168500609
-1.170350774
-1.171805453
-1.172714506
-1.173031837
-1.172793318
-1.172087761
-1.171028650
-1.169728214
-1.168271307
-1.166695372
-1.165015893
-1.163305204
-1.161691623
-1.160291295
-1.159186366
-1.158430753
-1.158056963
-1.158079986
-1.158498938
-1.159296960
-1.160439361
-1.161869423
-1.163501272
-1.165215314
-1.166885938
-1.168449887
-1.169892763
-1.171171326
-1.172195950
-1.172852672
-1.173029243
-1.172641276
-1.171660870
-1.170145453
-1.168258371
-1.166268058
-1.164513175
-1.163331370
-1.162968500
-1.163502843
-1.164819465
-1.166647611
-1.168642507
-1.170474640
-1.171894543
-1.172760353
-1.173033347
-1.172754797
-1.172016708
-1.170933684
-1.169617056
-1.168148712
-1.166562698
-1.164876254
-1.163167979
-1.161567342
-1.160187900
-1.159109254
-1.158383399
-1.158041326
-1.158096691
-1.158547305
-1.159374900
-1.160543092
-1.161992936
-1.163635613
-1.165349026
-1.167010340
-1.168563170
-1.169993404
-1.171253712
-1.172251479
-1.172871978
-1.173004327
-1.172567779
-1.171540506
-1.169988119
-1.168082999
-1.166101019
-1.164383549
-1.163263734
-1.162975594
-1.163581351
-1.164951007
-1.166804482
-1.168795411
-1.170599279
-1.171975245
-1.172790650
-1.173014471
-1.172693281
-1.171921916
-1.170815578
-1.169484007
-1.168005219
-1.166409079
-1.164714565
-1.163006825
-1.161416707
-1.160055511
-1.159000542
-1.158302041
-1.157989599
-1.158075649
-1.158556811
-1.159413540
-1.160607931
-1.162079041
-1.163735375
-1.165452457
-1.167109453
-1.168655313
-1.170076459
-1.171323018
-1.172300642
-1.172894451
-1.172994978
-1.172524555
-1.171466127
-1.169891422
-1.167979183
-1.166010009
-1.164326116
-1.163256082
-1.163024325
-1.163681113
-1.165086038
-1.166953373
-1.168936856
-1.170716585
-1.172058500
-1.172836691
-1.173025479
-1.172674876
-1.171881308
-1.170759949
-1.169418872
-1.167932671
-1.166327645
-1.164624144
-1.162912566
-1.161325054
-1.159971446
-1.158927498
-1.158242290
-1.157944544
-1.158046001
-1.158542696
-1.159414542
-1.160623081
-1.162106718
-1.163773058
-1.165496474
-1.167155732
-1.168700941
-1.170119480
-1.171361770
-1.172333744
-1.172921071
-1.173015152
-1.172539472
-1.171478316
-1.169904665
-1.167998036
-1.166038862
-1.164367942
-1.163311287
-1.163090255
-1.163752551
-1.165156572
-1.167017049
-1.168989459
-1.170756175
-1.172085237
-1.172852251
-1.173032353
-1.172675782
-1.171878767
-1.170756003
-1.169414858
-1.167929007
-1.166323801
-1.164619182
-1.162905869
-1.161316416
-1.159960884
-1.158915153
-1.158228391
-1.157929392
-1.158029961
-1.158526190
-1.159398041
-1.160607091
-1.162091759
-1.163759604
-1.165484777
-1.167145564
-1.168691868
-1.170111372
-1.171354790
-1.172328099
-1.172916807
-1.173012008
-1.172536786
-1.171474988
-1.169899236
-1.167988912
-1.166024691
-1.164348071
-1.163286129
-1.163061364
-1.163722318
-1.165127659
-1.166991760
-1.168969318
-1.170741805
-1.172076498
-1.172848501
-1.173032724
-1.172679390
-1.171884862
-1.170764050
-1.169424638
-1.167940753
-1.166338225
-1.164636881
-1.162926703
-1.161339917
-1.159986639
-1.158942844
-1.158257749
-1.157960155
-1.158061837
-1.158558818
-1.159430954
-1.160639659
-1.162123113
-1.163788596
-1.165510276
-1.167167470
-1.168711074
-1.170128174
-1.171368329
-1.172336694
-1.172918368
-1.173004414
-1.172518317
-1.171444857
-1.169858150
-1.167939496
-1.165971503
-1.164296981
-1.163243040
-1.163030638
-1.163705541
-1.165123272
-1.166995727
-1.168976418
-1.170746977
-1.172075795
-1.172839501
-1.173014506
-1.172652243
-1.171849904
-1.170722850
-1.169378863
-1.167891933
-1.166288106
-1.164588536
-1.162884078
-1.161306162
-1.159963828
-1.158932263
-1.158260107
-1.157975659
-1.158090207
-1.158599243
-1.159481980
-1.160699007
-1.162187383
-1.163853008
-1.165569578
-1.167219559
-1.168757396
-1.170168532
-1.171399000
-1.172351615
-1.172910660
-1.172967812
-1.172448757
-1.171342255
-1.169728064
-1.167793973
-1.165828266
-1.164176377
-1.163163126
-1.163001989
-1.163728001
-1.165186216
-1.167081593
-1.169065775
-1.170823019
-1.172126977
-1.172860183
-1.173004183
-1.172614101
-1.171789246
-1.170645598
-1.169290027
-1.167794147
-1.166182292
-1.164479304
-1.162781257
-1.161219013
-1.159898708
-1.158893097
-1.158249036
-1.157993441
-1.158136427
-1.158672398
-1.159579461
-1.160816963
-1.162320433
-1.163993939
-1.165710336
-1.167355402
-1.168887514
-1.170290444
-1.171506644
-1.172436873
-1.172965284
-1.172985270
-1.172426195
-1.171282518
-1.169641255
-1.167697681
-1.165745532
-1.164131070
-1.163173630
-1.163075476
-1.163857929
-1.165354332
-1.167263477
-1.169237339
-1.170965498
-1.172229248
-1.172918656
-1.173021212
-1.172595885
-1.171743796
-1.170580934
-1.169212404
-1.167706436
-1.166085025
-1.164376839
-1.162683090
-1.161133976
-1.159832884
-1.158850319
-1.158231489
-1.158002034
-1.158170967
-1.158731643
-1.159661051
-1.160917214
-1.162433931
-1.164113114
-1.165826521
-1.167463479
-1.168986575
-1.170378270
-1.171577961
-1.172484763
-1.172982931
-1.172967621
-1.172371728
-1.171195010
-1.169531055
-1.167581671
-1.165644996
-1.164067256
-1.163161997
-1.163120770
-1.163952403
-1.165480078
-1.167397739
-1.169358403
-1.171056998
-1.172281981
-1.172930252
-1.172994559
-1.172537167
-1.171660646
-1.170480787
-1.169100830
-1.167585592
-1.165954634
-1.164239847
-1.162546929
-1.161005856
-1.159718074
-1.158752434
-1.158152928
-1.157944229
-1.158134514
-1.158716330
-1.159665802
-1.160939909
-1.162471066
-1.164159362
-1.165875331
-1.167510382
-1.169030056
-1.170416358
-1.171607013
-1.172500207
-1.172980272
-1.172943462
-1.172324891
-1.171127671
-1.169449578
-1.167496622
-1.165569824
-1.164015507
-1.163143684
-1.163139260
-1.164003266
-1.165552524
-1.167477913
-1.169433057
-1.171116177
-1.172320176
-1.172946209
-1.172990318
-1.172516845
-1.171629270
-1.170443244
-1.169060795
-1.167544526
-1.165912249
-1.164197122
-1.162506999
-1.160972004
-1.159692915
-1.158737949
-1.158150568
-1.157954973
-1.158158864
-1.158754258
-1.159716622
-1.161002050
-1.162541683
-1.164233870
-1.165947998
-1.167577476
-1.169090605
-1.170469206
-1.171649726
-1.172529500
-1.172992653
-1.172935905
-1.172295648
-1.171077200
-1.169381378
-1.167417598
-1.165489734
-1.163945249
-1.163092682
-1.163112847
-1.164001214
-1.165569390
-1.167504983
-1.169460919
-1.171136896
-1.172328512
-1.172939866
-1.172969524
-1.172483624
-1.171586659
-1.170394517
-1.169008648
-1.167490327
-1.165856274
-1.164140361
-1.162451695
-1.160920554
-1.159647402
-1.158700106
-1.158121784
-1.157936270
-1.158150852
-1.158757047
-1.159729690
-1.161024017
-1.162569954
-1.164264288
-1.165975686
-1.167599905
-1.169107708
-1.170480412
-1.171653197
-1.172522739
-1.172973211
-1.172902065
-1.172247162
-1.171016021
-1.169312167
-1.167347662
-1.165428066
-1.163900618
-1.163071224
-1.163116103
-1.164025535
-1.165607056
-1.167546481
-1.169497372
-1.171161773
-1.172338301
-1.172933883
-1.172949228
-1.172451793
-1.171546616
-1.170349440
-1.168960866
-1.167440725
-1.165804886
-1.164088674
-1.162402779
-1.160877219
-1.159611643
-1.158673233
-1.158104582
-1.157929096
-1.158153677
-1.158769472
-1.159750928
-1.161052834
-1.162604563
-1.164302274
-1.166014493
-1.167638226
-1.169145184
-1.170515982
-1.171684818
-1.172547922
-1.172989609
-1.172908064
-1.172242485
-1.171002307
-1.169293329
-1.167329744
-1.165418347
-1.163905964
-1.163096121
-1.163161144
-1.164087103
-1.165678394
-1.167619626
-1.169565105
-1.171218913
-1.172382143
-1.172963946
-1.172966649
-1.172458640
-1.171545274
-1.170342084
-1.168948941
-1.167424588
-1.165784758
-1.164067099
-1.162383921
-1.160864326
-1.159606585
-1.158676871
-1.158117087
-1.157950146
-1.158182582
-1.158805254
-1.159792364
-1.161098483
-1.162652778
-1.164351270
-1.166062774
-1.167685345
-1.169191001
-1.170559215
-1.171722971
-1.172577924
-1.173008485
-1.172913588
-1.172233881
-1.170980948
-1.169263216
-1.167297438
-1.165392066
-1.163893777
-1.163103698
-1.163189921
-1.164133737
-1.165735784
-1.167678997
-1.169618218
-1.171259622
-1.172407016
-1.172972100
-1.172959154
-1.172437790
-1.171513911
-1.170303010
-1.168904372
-1.167375868
-1.165733443
-1.164017079
-1.162340171
-1.160830601
-1.159585215
-1.158669163
-1.158123608
-1.157970866
-1.158216934
-1.158852120
-1.159850004
-1.161164386
-1.162723413
-1.164422024
-1.166129390
-1.167746970
-1.169248416
-1.170610697
-1.171763860
-1.172601929
-1.173009023
-1.172885121
-1.172173451
-1.170889837
-1.169148316
-1.167171631
-1.165272836
-1.163799767
-1.163049894
-1.163183238
-1.164170977
-1.165804931
-1.167763108
-1.169700062
-1.171325313
-1.172447824
-1.172984567
-1.172944137
-1.172399080
-1.171456822
-1.170233039
-1.168825820
-1.167290865
-1.165643834
-1.163928972
-1.162262269
-1.160769937
-1.159546485
-1.158655276
-1.158136109
-1.158010169
-1.158282399
-1.158942034
-1.159961443
-1.161292921
-1.162862638
-1.164563326
-1.166264322
-1.167872452
-1.169364327
-1.170713956
-1.171847914
-1.172658634
-1.173030537
-1.172865773
-1.172111775
-1.170790583
-1.169023810
-1.167041524
-1.165161381
-1.163730542
-1.163039311
-1.163235393
-1.164276276
-1.165943209
-1.167909672
-1.169831962
-1.171425678
-1.172507510
-1.173001623
-1.172922054
-1.172344706
-1.171378408
-1.170138447
-1.168720689
-1.167177338
-1.165523041
-1.163806763
-1.162147584
-1.160670254
-1.159467051
-1.158599597
-1.158106363
-1.158007399
-1.158306579
-1.158992002
-1.160034704
-1.161385250
-1.162967439
-1.164671255
-1.166365979
-1.167964150
-1.169445571
-1.170781588
-1.171895640
-1.172678753
-1.173015731
-1.172810914
-1.172015944
-1.170659041
-1.168869293
-1.166883894
-1.165024793
-1.163638111
-1.163006697
-1.163265867
-1.164359633
-1.166059065
-1.168033534
-1.169941373
-1.171504355
-1.172546847
-1.173000066
-1.172883334
-1.172275759
-1.171287429
-1.170033049
-1.168605910
-1.167054206
-1.165391348
-1.163671396
-1.162016975
-1.160551723
-1.159365883
-1.158519441
-1.158049605
-1.157975373
-1.158299660
-1.159009596
-1.160075143
-1.161445532
-1.163042764
-1.164754669
-1.166450023
-1.168044772
-1.169520965
-1.170848819
-1.171950327
-1.172716084
-1.173031564
-1.172802929
-1.171984838
-1.170609591
-1.168810826
-1.166829618
-1.164989565
-1.163634852
-1.163042548
-1.163339725
-1.164462325
-1.166176126
-1.168149288
-1.170042600
-1.171582432
-1.172598189
-1.173025356
-1.172886194
-1.172261371
-1.171261328
-1.170000026
-1.168568828
-1.167013207
-1.165345630
-1.163622949
-1.161969771
-1.160509270
-1.159330729
-1.158493360
-1.158033774
-1.157970484
-1.158305961
-1.159026895
-1.160102752
-1.161482137
-1.163086183
-1.164801603
-1.166496710
-1.168088848
-1.169561296
-1.170884166
-1.171979131
-1.172736788
-1.173043000
-1.172804727
-1.171977831
-1.170596127
-1.168794834
-1.166816219
-1.164984126
-1.163641620
-1.163063322
-1.163373165
-1.164504272
-1.166220822
-1.168190937
-1.170076642
-1.171606191
-1.172610890
-1.173027734
-1.172879946
-1.172248635
-1.171244244
-1.169980345
-1.168547487
-1.166990020
-1.165319847
-1.163594602
-1.161939671
-1.160478293
-1.159299592
-1.158462633
-1.158003916
-1.157941868
-1.158278893
-1.159001626
-1.160079478
-1.161460997
-1.163067223
-1.164784682
-1.166481351
-1.168074391
-1.169547306
-1.170870501
-1.171965806
-1.172723871
-1.173030566
-1.172792819
-1.171966433
-1.170585139
-1.168784054
-1.166805356
-1.164972837
-1.163629590
-1.163050353
-1.163359231
-1.164489525
-1.166205541
-1.168175448
-1.170061251
-1.171591136
-1.172596328
-1.173013748
-1.172866575
-1.172235898
-1.171232177
-1.169969052
-1.168537259
-1.166981518
-1.165314059
-1.163592253
-1.161940950
-1.160483127
-1.159307812
-1.158474016
-1.158018182
-1.157958672
-1.158297812
-1.159022139
-1.160100946
-1.161482634
-1.163088084
-1.164803821
-1.166498486
-1.168090310
-1.169562627
-1.170884774
-1.171977738
-1.172731796
-1.173032838
-1.172788192
-1.171954479
-1.170566665
-1.168761381
-1.166782263
-1.164954016
-1.163619600
-1.163052345
-1.163373955
-1.164515080
-1.166237989
-1.168209982
-1.170093385
-1.171617521
-1.172615056
-1.173024251
-1.172869303
-1.172231943
-1.171222910
-1.169955806
-1.168521059
-1.166963116
-1.165294986
-1.163575712
-1.161930201
-1.160480305
-1.159314072
-1.158489831
-1.158043539
-1.157993166
-1.158340688
-1.159072294
-1.160156883
-1.161542367
-1.163149012
-1.164862882
-1.166553575
-1.168141754
-1.169610793
-1.170927791
-1.172011757
-1.172751994
-1.173034358
-1.172767136
-1.171909065
-1.170498458
-1.168676223
-1.166690352
-1.164868608
-1.163554219
-1.163017181
-1.163372839
-1.164544414
-1.166288116
-1.168268235
-1.170147424
-1.171657762
-1.172635743
-1.173023378
-1.172847857
-1.172192890
-1.171170183
-1.169893333
-1.168451787
-1.166888689
-1.165218004
-1.163502284
-1.161867139
-1.160432629
-1.159285036
-1.158481391
-1.158056636
-1.158027859
-1.158396182
-1.159146875
-1.160247755
-1.161645344
-1.163258087
-1.164970385
-1.166653403
-1.168233126
-1.169693767
-1.170998862
-1.172064387
-1.172778454
-1.173027472
-1.172722063
-1.171825263
-1.170381560
-1.168539144
-1.166552680
-1.164753543
-1.163483226
-1.163003877
-1.163418663
-1.164638143
-1.166409484
-1.168393854
-1.170256449
-1.171735502
-1.172674775
-1.173022775
-1.172811449
-1.172127321
-1.171083106
-1.169791704
-1.168340103
-1.166768329
-1.165091217
-1.163376994
-1.161752928
-1.160336782
-1.159212399
-1.158434987
-1.158038088
-1.158037608
-1.158433565
-1.159210082
-1.160333651
-1.161749099
-1.163372623
-1.165086470
-1.166763297
-1.168334765
-1.169786120
-1.171077543
-1.172122220
-1.172807342
-1.173020197
-1.172674174
-1.171737116
-1.170260178
-1.168399163
-1.166415400
-1.164643390
-1.163421933
-1.163004200
-1.163480275
-1.164747747
-1.166545068
-1.168531042
-1.170374255
-1.171819765
-1.172719012
-1.173027142
-1.172780812
-1.172069194
-1.171005771
-1.169702404
-1.168243138
-1.166664357
-1.164981426
-1.163267958
-1.161652996
-1.160252533
-1.159148413
-1.158394306
-1.158022543
-1.158047985
-1.158469647
-1.159270600
-1.160416100
-1.161849380
-1.163484481
-1.165201495
-1.166874071
-1.168438535
-1.169881311
-1.171160501
-1.172187608
-1.172849475
-1.173034360
-1.172657987
-1.171691977
-1.170192471
-1.168320683
-1.166342308
-1.164593290
-1.163409506
-1.163036816
-1.163555531
-1.164854168
-1.166665667
-1.168648063
-1.170473158
-1.171891379
-1.172759805
-1.173038232
-1.172766459
-1.172035271
-1.170958417
-1.169646735
-1.168181885
-1.166597412
-1.164908812
-1.163193181
-1.161580868
-1.160187010
-1.159092405
-1.158349908
-1.157991201
-1.158030577
-1.158466488
-1.159281386
-1.160439771
-1.161883846
-1.163526201
-1.165245366
-1.166915365
-1.168475327
-1.169912649
-1.171184545
-1.172201726
-1.172850872
-1.173020733
-1.172628234
-1.171646954
-1.170135651
-1.168258385
-1.166283148
-1.164546643
-1.163383198
-1.163034814
-1.163576634
-1.164892383
-1.166712091
-1.168693379
-1.170509756
-1.171914490
-1.172767648
-1.173031494
-1.172747506
-1.172007332
-1.170924845
-1.169610281
-1.168143914
-1.166557590
-1.164866689
-1.163150136
-1.161539135
-1.160148535
-1.159058664
-1.158321986
-1.157969862
-1.158016298
-1.158459481
-1.159281591
-1.160446824
-1.161897009
-1.163544229
-1.165266398
-1.166937370
-1.168496979
-1.169933202
-1.171203419
-1.172218464
-1.172865262
-1.173032932
-1.172638886
-1.171657249
-1.170147284
-1.168273345
-1.166303297
-1.164573189
-1.163416217
-1.163073050
-1.163617732
-1.164933492
-1.166750589
-1.168727430
-1.170538530
-1.171938067
-1.172786731
-1.173047096
-1.172760682
-1.172018997
-1.170935659
-1.169620576
-1.168153634
-1.166566341
-1.164874169
-1.163156505
-1.161544661
-1.160153313
-1.159062640
-1.158325027
-1.157971807
-1.158017006
-1.158458864
-1.159279648
-1.160443684
-1.161892989
-1.163539900
-1.165262557
-1.166934615
-1.168495356
-1.169932468
-1.171203164
-1.172218067
-1.172863857
-1.173029430
-1.172632043
-1.171645824
-1.170130288
-1.168250350
-1.166274734
-1.164540475
-1.163381587
-1.163039057
-1.163586572
-1.164906418
-1.166727672
-1.168707713
-1.170520454
-1.171919958
-1.172767182
-1.173025180
-1.172736011
-1.171991681
-1.170906226
-1.169589903
-1.168122976
-1.166537536
-1.164849666
-1.163138499
-1.161534571
-1.160152060
-1.159070860
-1.158343116
-1.157999900
-1.158054919
-1.158506015
-1.159334932
-1.160505296
-1.161958154
-1.163604606
-1.165322118
-1.166986734
-1.168541415
-1.169973138
-1.171236182
-1.172239083
-1.172867719
-1.173011335
-1.172588764
-1.171577065
-1.170039968
-1.168147330
-1.166172348
-1.164454361
-1.163326019
-1.163022900
-1.163610562
-1.164963059
-1.166803756
-1.168788199
-1.170592043
-1.171973301
-1.172797515
-1.173031796
-1.172721141
-1.171959270
-1.170860789
-1.169535405
-1.168061730
-1.166470354
-1.164779461
-1.163072310
-1.161479413
-1.160112694
-1.159050072
-1.158342268
-1.158019284
-1.158093953
-1.158563343
-1.159408447
-1.160592079
-1.162054311
-1.163705082
-1.165421217
-1.167080873
-1.168630284
-1.170055647
-1.171308478
-1.172295523
-1.172902320
-1.173019132
-1.172567207
-1.171527480
-1.169968760
-1.168066356
-1.166097756
-1.164403551
-1.163313202
-1.163054774
-1.163684017
-1.165066087
-1.166919117
-1.168898114
-1.170682063
-1.172034314
-1.172825941
-1.173028579
-1.172690273
-1.171906317
-1.170791585
-1.169454814
-1.167972465
-1.166373261
-1.164677553
-1.162972756
-1.161389350
-1.160037157
-1.158992287
-1.158304158
-1.158001773
-1.158097118
-1.158586449
-1.159449898
-1.160649246
-1.162123221
-1.163780018
-1.165495287
-1.167149619
-1.168693283
-1.170111721
-1.171353333
-1.172322760
-1.172904991
-1.172991229
-1.172505296
-1.171432468
-1.169847452
-1.167932084
-1.165969242
-1.164301519
-1.163255234
-1.163050110
-1.163730597
-1.165151256
-1.167023658
-1.169001644
-1.170767604
-1.172090819
-1.172848705
-1.173018232
-1.172651149
-1.171844749
-1.170714323
-1.169367428
-1.167877726
-1.166271317
-1.164570856
-1.162868714
-1.161295752
-1.159959750
-1.158934941
-1.158269328
-1.157990794
-1.158110350
-1.158623325
-1.159508879
-1.160727665
-1.162216965
-1.163883101
-1.165600266
-1.167250921
-1.168789013
-1.170199944
-1.171430233
-1.172383436
-1.172944688
-1.173006508
-1.172495247
-1.171399910
-1.169799778
-1.167881195
-1.165930038
-1.164288805
-1.163279711
-1.163114930
-1.163830107
-1.165272648
-1.167150746
-1.169119075
-1.170863940
-1.172159819
-1.172889039
-1.173032308
-1.172643667
-1.171821351
-1.170680436
-1.169327136
-1.167832641
-1.166220754
-1.164515200
-1.162811377
-1.161240643
-1.159909880
-1.158892446
-1.158235694
-1.157967000
-1.158096944
-1.158620435
-1.159516171
-1.160744226
-1.162241073
-1.163911872
-1.165629690
-1.167277626
-1.168811639
-1.170217542
-1.171441215
-1.172385718
-1.172936105
-1.172985274
-1.172460483
-1.171352236
-1.169741819
-1.167817767
-1.165867714
-1.164234719
-1.163239778
-1.163092104
-1.163823438
-1.165277613
-1.167160688
-1.169127064
-1.170864322
-1.172149059
-1.172865852
-1.172997295
-1.172598756
-1.171769209
-1.170623912
-1.169268682
-1.167773715
-1.166161699
-1.164456255
-1.162753561
-1.161185457
-1.159858953
-1.158847386
-1.158198005
-1.157938006
-1.158077699
-1.158611614
-1.159517909
-1.160755878
-1.162260834
-1.163936316
-1.165654115
-1.167298835
-1.168829237
-1.170231149
-1.171449093
-1.172385089
-1.172923742
-1.172958132
-1.172416462
-1.171291073
-1.169665959
-1.167732874
-1.165782394
-1.164159134
-1.163183290
-1.163060687
-1.163817955
