    540.000000000000	      0.000007595852
    540.010000000000	      0.000007595236
    540.020000000000	      0.000007594620
    540.030000000000	      0.000007594004
    540.040000000000	      0.000007593389
    540.050000000000	      0.000007592773
    540.060000000000	      0.000007592158
    540.070000000000	      0.000007591542
    540.080000000000	      0.000007590927
    540.090000000000	      0.000007590312
    540.100000000000	      0.000007589696
    540.110000000000	      0.000007589081
    540.120000000000	      0.000007588466
    540.130000000000	      0.000007587851
    540.140000000000	      0.000007587236
    540.150000000000	      0.000007586621
    540.160000000000	      0.000007586007
    540.170000000000	      0.000007585392
    540.180000000000	      0.000007584777
    540.190000000000	      0.000007584163
    540.200000000000	      0.000007583548
    540.210000000000	      0.000007582934
    540.220000000000	      0.000007582320
    540.230000000000	      0.000007581705
    540.240000000000	      0.000007581091
    540.250000000000	      0.000007580477
    540.260000000000	      0.000007579863
    540.270000000000	      0.000007579249
    540.280000000000	      0.000007578635
    540.290000000000	      0.000007578022
    540.300000000000	      0.000007577408
    540.310000000000	      0.000007576794
    540.320000000000	      0.000007576181
    540.330000000000	      0.000007575567
    540.340000000000	      0.000007574954
    540.350000000000	      0.000007574341
    540.360000000000	      0.000007573727
    540.370000000000	      0.000007573114
    540.380000000000	      0.000007572501
    540.390000000000	      0.000007571888
    540.400000000000	      0.000007571275
    540.410000000000	      0.000007570662
    540.420000000000	      0.000007570049
    540.430000000000	      0.000007569437
    540.440000000000	      0.000007568824
    540.450000000000	      0.000007568211
    540.460000000000	      0.000007567599
    540.470000000000	      0.000007566986
    540.480000000000	      0.000007566374
    540.490000000000	      0.000007565762
    540.500000000000	      0.000007565149
    540.510000000000	      0.000007564537
    540.520000000000	      0.000007563925
    540.530000000000	      0.000007563313
    540.540000000000	      0.000007562701
    540.549999999999	      0.000007562089
    540.559999999999	      0.000007561478
    540.569999999999	      0.000007560866
    540.579999999999	      0.000007560254
    540.589999999999	      0.000007559643
    540.599999999999	      0.000007559031
    540.609999999999	      0.000007558420
    540.619999999999	      0.000007557809
    540.629999999999	      0.000007557197
    540.639999999999	      0.000007556586
    540.649999999999	      0.000007555975
    540.659999999999	      0.000007555364
    540.669999999999	      0.000007554753
    540.679999999999	      0.000007554142
    540.689999999999	      0.000007553531
    540.699999999999	      0.000007552921
    540.709999999999	      0.000007552310
    540.719999999999	      0.000007551699
    540.729999999999	      0.000007551089
    540.739999999999	      0.000007550478
    540.749999999999	      0.000007549868
    540.759999999999	      0.000007549258
    540.769999999999	      0.000007548648
    540.779999999999	      0.000007548037
    540.789999999999	      0.000007547427
    540.799999999999	      0.000007546817
    540.809999999999	      0.000007546207
    540.819999999999	      0.000007545598
    540.829999999999	      0.000007544988
    540.839999999999	      0.000007544378
    540.849999999999	      0.000007543769
    540.859999999999	      0.000007543159
    540.869999999999	      0.000007542549
    540.879999999999	      0.000007541940
    540.889999999999	      0.000007541331
    540.899999999999	      0.000007540722
    540.909999999999	      0.000007540112
    540.919999999999	      0.000007539503
    540.929999999999	      0.000007538894
    540.939999999999	      0.000007538285
    540.949999999999	      0.000007537676
    540.959999999999	      0.000007537068
    540.969999999999	      0.000007536459
    540.979999999999	      0.000007535850
    540.989999999999	      0.000007535242
    540.999999999999	      0.000007534633
    541.009999999999	      0.000007534025
    541.019999999999	      0.000007533416
    541.029999999999	      0.000007532808
    541.039999999999	      0.000007532200
    541.049999999999	      0.000007531592
    541.059999999999	      0.000007530983
    541.069999999999	      0.000007530375
    541.079999999999	      0.000007529768
    541.089999999999	      0.000007529160
    541.099999999999	      0.000007528552
    541.109999999999	      0.000007527944
    541.119999999999	      0.000007527337
    541.129999999999	      0.000007526729
    541.139999999999	      0.000007526121
    541.149999999999	      0.000007525514
    541.159999999999	      0.000007524907
    541.169999999999	      0.000007524299
    541.179999999999	      0.000007523692
    541.189999999999	      0.000007523085
    541.199999999999	      0.000007522478
    541.209999999999	      0.000007521871
    541.219999999999	      0.000007521264
    541.229999999999	      0.000007520657
    541.239999999999	      0.000007520051
    541.249999999999	      0.000007519444
    541.259999999999	      0.000007518837
    541.269999999999	      0.000007518231
    541.279999999999	      0.000007517624
    541.289999999999	      0.000007517018
    541.299999999999	      0.000007516412
    541.309999999999	      0.000007515805
    541.319999999999	      0.000007515199
    541.329999999999	      0.000007514593
    541.339999999999	      0.000007513987
    541.349999999999	      0.000007513381
    541.359999999999	      0.000007512775
    541.369999999999	      0.000007512170
    541.379999999999	      0.000007511564
    541.389999999999	      0.000007510958
    541.399999999999	      0.000007510353
    541.409999999999	      0.000007509747
    541.419999999999	      0.000007509142
    541.429999999999	      0.000007508536
    541.439999999999	      0.000007507931
    541.449999999999	      0.000007507326
    541.459999999999	      0.000007506721
    541.469999999999	      0.000007506116
    541.479999999999	      0.000007505511
    541.489999999999	      0.000007504906
    541.499999999999	      0.000007504301
    541.509999999999	      0.000007503696
    541.519999999999	      0.000007503091
    541.529999999999	      0.000007502487
    541.539999999999	      0.000007501882
    541.549999999999	      0.000007501278
    541.559999999999	      0.000007500673
    541.569999999999	      0.000007500069
    541.579999999999	      0.000007499465
    541.589999999999	      0.000007498861
    541.599999999999	      0.000007498256
    541.609999999999	      0.000007497652
    541.619999999999	      0.000007497048
    541.629999999999	      0.000007496444
    541.639999999999	      0.000007495841
    541.649999999998	      0.000007495237
    541.659999999998	      0.000007494633
    541.669999999998	      0.000007494030
    541.679999999998	      0.000007493426
    541.689999999998	      0.000007492823
    541.699999999998	      0.000007492219
    541.709999999998	      0.000007491616
    541.719999999998	      0.000007491013
    541.729999999998	      0.000007490410
    541.739999999998	      0.000007489806
    541.749999999998	      0.000007489203
    541.759999999998	      0.000007488600
    541.769999999998	      0.000007487998
    541.779999999998	      0.000007487395
    541.789999999998	      0.000007486792
    541.799999999998	      0.000007486189
    541.809999999998	      0.000007485587
    541.819999999998	      0.000007484984
    541.829999999998	      0.000007484382
    541.839999999998	      0.000007483779
    541.849999999998	      0.000007483177
    541.859999999998	      0.000007482575
    541.869999999998	      0.000007481973
    541.879999999998	      0.000007481371
    541.889999999998	      0.000007480769
    541.899999999998	      0.000007480167
    541.909999999998	      0.000007479565
    541.919999999998	      0.000007478963
    541.929999999998	      0.000007478361
    541.939999999998	      0.000007477760
    541.949999999998	      0.000007477158
    541.959999999998	      0.000007476557
    541.969999999998	      0.000007475955
    541.979999999998	      0.000007475354
    541.989999999998	      0.000007474753
    541.999999999998	      0.000007474151
    542.009999999998	      0.000007473550
    542.019999999998	      0.000007472949
    542.029999999998	      0.000007472348
    542.039999999998	      0.000007471747
    542.049999999998	      0.000007471147
    542.059999999998	      0.000007470546
    542.069999999998	      0.000007469945
    542.079999999998	      0.000007469344
    542.089999999998	      0.000007468744
    542.099999999998	      0.000007468143
    542.109999999998	      0.000007467543
    542.119999999998	      0.000007466943
    542.129999999998	      0.000007466342
    542.139999999998	      0.000007465742
    542.149999999998	      0.000007465142
    542.159999999998	      0.000007464542
    542.169999999998	      0.000007463942
    542.179999999998	      0.000007463342
    542.189999999998	      0.000007462742
    542.199999999998	      0.000007462143
    542.209999999998	      0.000007461543
    542.219999999998	      0.000007460943
    542.229999999998	      0.000007460344
    542.239999999998	      0.000007459744
    542.249999999998	      0.000007459145
    542.259999999998	      0.000007458546
    542.269999999998	      0.000007457946
    542.279999999998	      0.000007457347
    542.289999999998	      0.000007456748
    542.299999999998	      0.000007456149
    542.309999999998	      0.000007455550
    542.319999999998	      0.000007454951
    542.329999999998	      0.000007454352
    542.339999999998	      0.000007453754
    542.349999999998	      0.000007453155
    542.359999999998	      0.000007452556
    542.369999999998	      0.000007451958
    542.379999999998	      0.000007451359
    542.389999999998	      0.000007450761
    542.399999999998	      0.000007450163
    542.409999999998	      0.000007449564
    542.419999999998	      0.000007448966
    542.429999999998	      0.000007448368
    542.439999999998	      0.000007447770
    542.449999999998	      0.000007447172
    542.459999999998	      0.000007446574
    542.469999999998	      0.000007445976
    542.479999999998	      0.000007445379
    542.489999999998	      0.000007444781
    542.499999999998	      0.000007444183
    542.509999999998	      0.000007443586
    542.519999999998	      0.000007442988
    542.529999999998	      0.000007442391
    542.539999999998	      0.000007441794
    542.549999999998	      0.000007441197
    542.559999999998	      0.000007440599
    542.569999999998	      0.000007440002
    542.579999999998	      0.000007439405
    542.589999999998	      0.000007438808
    542.599999999998	      0.000007438211
    542.609999999998	      0.000007437615
    542.619999999998	      0.000007437018
    542.629999999998	      0.000007436421
    542.639999999998	      0.000007435825
    542.649999999998	      0.000007435228
    542.659999999998	      0.000007434632
    542.669999999998	      0.000007434035
    542.679999999998	      0.000007433439
    542.689999999998	      0.000007432843
    542.699999999998	      0.000007432247
    542.709999999998	      0.000007431651
    542.719999999998	      0.000007431055
    542.729999999998	      0.000007430459
    542.739999999998	      0.000007429863
    542.749999999997	      0.000007429267
    542.759999999997	      0.000007428671
    542.769999999997	      0.000007428076
    542.779999999997	      0.000007427480
    542.789999999997	      0.000007426885
    542.799999999997	      0.000007426289
    542.809999999997	      0.000007425694
    542.819999999997	      0.000007425098
    542.829999999997	      0.000007424503
    542.839999999997	      0.000007423908
    542.849999999997	      0.000007423313
    542.859999999997	      0.000007422718
    542.869999999997	      0.000007422123
    542.879999999997	      0.000007421528
    542.889999999997	      0.000007420933
    542.899999999997	      0.000007420339
    542.909999999997	      0.000007419744
    542.919999999997	      0.000007419149
    542.929999999997	      0.000007418555
    542.939999999997	      0.000007417960
    542.949999999997	      0.000007417366
    542.959999999997	      0.000007416772
    542.969999999997	      0.000007416178
    542.979999999997	      0.000007415583
    542.989999999997	      0.000007414989
    542.999999999997	      0.000007414395
    543.009999999997	      0.000007413801
    543.019999999997	      0.000007413208
    543.029999999997	      0.000007412614
    543.039999999997	      0.000007412020
    543.049999999997	      0.000007411426
    543.059999999997	      0.000007410833
    543.069999999997	      0.000007410239
    543.079999999997	      0.000007409646
    543.089999999997	      0.000007409052
    543.099999999997	      0.000007408459
    543.109999999997	      0.000007407866
    543.119999999997	      0.000007407273
    543.129999999997	      0.000007406680
    543.139999999997	      0.000007406087
    543.149999999997	      0.000007405494
    543.159999999997	      0.000007404901
    543.169999999997	      0.000007404308
    543.179999999997	      0.000007403715
    543.189999999997	      0.000007403123
    543.199999999997	      0.000007402530
    543.209999999997	      0.000007401938
    543.219999999997	      0.000007401345
    543.229999999997	      0.000007400753
    543.239999999997	      0.000007400160
    543.249999999997	      0.000007399568
    543.259999999997	      0.000007398976
    543.269999999997	      0.000007398384
    543.279999999997	      0.000007397792
    543.289999999997	      0.000007397200
    543.299999999997	      0.000007396608
    543.309999999997	      0.000007396016
    543.319999999997	      0.000007395425
    543.329999999997	      0.000007394833
    543.339999999997	      0.000007394241
    543.349999999997	      0.000007393650
    543.359999999997	      0.000007393058
    543.369999999997	      0.000007392467
    543.379999999997	      0.000007391876
    543.389999999997	      0.000007391285
    543.399999999997	      0.000007390693
    543.409999999997	      0.000007390102
    543.419999999997	      0.000007389511
    543.429999999997	      0.000007388920
    543.439999999997	      0.000007388329
    543.449999999997	      0.000007387739
    543.459999999997	      0.000007387148
    543.469999999997	      0.000007386557
    543.479999999997	      0.000007385967
    543.489999999997	      0.000007385376
    543.499999999997	      0.000007384786
    543.509999999997	      0.000007384195
    543.519999999997	      0.000007383605
    543.529999999997	      0.000007383015
    543.539999999997	      0.000007382425
    543.549999999997	      0.000007381834
    543.559999999997	      0.000007381244
    543.569999999997	      0.000007380654
    543.579999999997	      0.000007380065
    543.589999999997	      0.000007379475
    543.599999999997	      0.000007378885
    543.609999999997	      0.000007378295
    543.619999999997	      0.000007377706
    543.629999999997	      0.000007377116
    543.639999999997	      0.000007376527
    543.649999999997	      0.000007375937
    543.659999999997	      0.000007375348
    543.669999999997	      0.000007374759
    543.679999999997	      0.000007374170
    543.689999999997	      0.000007373580
    543.699999999997	      0.000007372991
    543.709999999997	      0.000007372402
    543.719999999997	      0.000007371814
    543.729999999997	      0.000007371225
    543.739999999997	      0.000007370636
    543.749999999997	      0.000007370047
    543.759999999997	      0.000007369459
    543.769999999997	      0.000007368870
    543.779999999997	      0.000007368282
    543.789999999997	      0.000007367693
    543.799999999997	      0.000007367105
    543.809999999997	      0.000007366517
    543.819999999997	      0.000007365928
    543.829999999997	      0.000007365340
    543.839999999997	      0.000007364752
    543.849999999996	      0.000007364164
    543.859999999996	      0.000007363576
    543.869999999996	      0.000007362989
    543.879999999996	      0.000007362401
    543.889999999996	      0.000007361813
    543.899999999996	      0.000007361225
    543.909999999996	      0.000007360638
    543.919999999996	      0.000007360050
    543.929999999996	      0.000007359463
    543.939999999996	      0.000007358876
    543.949999999996	      0.000007358288
    543.959999999996	      0.000007357701
    543.969999999996	      0.000007357114
    543.979999999996	      0.000007356527
    543.989999999996	      0.000007355940
    543.999999999996	      0.000007355353
    544.009999999996	      0.000007354766
    544.019999999996	      0.000007354179
    544.029999999996	      0.000007353593
    544.039999999996	      0.000007353006
    544.049999999996	      0.000007352419
    544.059999999996	      0.000007351833
    544.069999999996	      0.000007351246
    544.079999999996	      0.000007350660
    544.089999999996	      0.000007350074
    544.099999999996	      0.000007349488
    544.109999999996	      0.000007348901
    544.119999999996	      0.000007348315
    544.129999999996	      0.000007347729
    544.139999999996	      0.000007347143
    544.149999999996	      0.000007346557
    544.159999999996	      0.000007345972
    544.169999999996	      0.000007345386
    544.179999999996	      0.000007344800
    544.189999999996	      0.000007344215
    544.199999999996	      0.000007343629
    544.209999999996	      0.000007343044
    544.219999999996	      0.000007342458
    544.229999999996	      0.000007341873
    544.239999999996	      0.000007341288
    544.249999999996	      0.000007340703
    544.259999999996	      0.000007340117
    544.269999999996	      0.000007339532
    544.279999999996	      0.000007338947
    544.289999999996	      0.000007338363
    544.299999999996	      0.000007337778
    544.309999999996	      0.000007337193
    544.319999999996	      0.000007336608
    544.329999999996	      0.000007336024
    544.339999999996	      0.000007335439
    544.349999999996	      0.000007334855
    544.359999999996	      0.000007334270
    544.369999999996	      0.000007333686
    544.379999999996	      0.000007333102
    544.389999999996	      0.000007332517
    544.399999999996	      0.000007331933
    544.409999999996	      0.000007331349
    544.419999999996	      0.000007330765
    544.429999999996	      0.000007330181
    544.439999999996	      0.000007329598
    544.449999999996	      0.000007329014
    544.459999999996	      0.000007328430
    544.469999999996	      0.000007327846
    544.479999999996	      0.000007327263
    544.489999999996	      0.000007326679
    544.499999999996	      0.000007326096
    544.509999999996	      0.000007325513
    544.519999999996	      0.000007324929
    544.529999999996	      0.000007324346
    544.539999999996	      0.000007323763
    544.549999999996	      0.000007323180
    544.559999999996	      0.000007322597
    544.569999999996	      0.000007322014
    544.579999999996	      0.000007321431
    544.589999999996	      0.000007320848
    544.599999999996	      0.000007320265
    544.609999999996	      0.000007319683
    544.619999999996	      0.000007319100
    544.629999999996	      0.000007318518
    544.639999999996	      0.000007317935
    544.649999999996	      0.000007317353
    544.659999999996	      0.000007316771
    544.669999999996	      0.000007316188
    544.679999999996	      0.000007315606
    544.689999999996	      0.000007315024
    544.699999999996	      0.000007314442
    544.709999999996	      0.000007313860
    544.719999999996	      0.000007313278
    544.729999999996	      0.000007312696
    544.739999999996	      0.000007312115
    544.749999999996	      0.000007311533
    544.759999999996	      0.000007310951
    544.769999999996	      0.000007310370
    544.779999999996	      0.000007309788
    544.789999999996	      0.000007309207
    544.799999999996	      0.000007308625
    544.809999999996	      0.000007308044
    544.819999999996	      0.000007307463
    544.829999999996	      0.000007306882
    544.839999999996	      0.000007306301
    544.849999999996	      0.000007305720
    544.859999999996	      0.000007305139
    544.869999999996	      0.000007304558
    544.879999999996	      0.000007303977
    544.889999999996	      0.000007303396
    544.899999999996	      0.000007302816
    544.909999999996	      0.000007302235
    544.919999999996	      0.000007301655
    544.929999999996	      0.000007301074
    544.939999999996	      0.000007300494
    544.949999999995	      0.000007299914
    544.959999999995	      0.000007299333
    544.969999999995	      0.000007298753
    544.979999999995	      0.000007298173
    544.989999999995	      0.000007297593
    544.999999999995	      0.000007297013
    545.009999999995	      0.000007296433
    545.019999999995	      0.000007295853
    545.029999999995	      0.000007295274
    545.039999999995	      0.000007294694
    545.049999999995	      0.000007294114
    545.059999999995	      0.000007293535
    545.069999999995	      0.000007292955
    545.079999999995	      0.000007292376
    545.089999999995	      0.000007291797
    545.099999999995	      0.000007291217
    545.109999999995	      0.000007290638
    545.119999999995	      0.000007290059
    545.129999999995	      0.000007289480
    545.139999999995	      0.000007288901
    545.149999999995	      0.000007288322
    545.159999999995	      0.000007287743
    545.169999999995	      0.000007287164
    545.179999999995	      0.000007286586
    545.189999999995	      0.000007286007
    545.199999999995	      0.000007285428
    545.209999999995	      0.000007284850
    545.219999999995	      0.000007284272
    545.229999999995	      0.000007283693
    545.239999999995	      0.000007283115
    545.249999999995	      0.000007282537
    545.259999999995	      0.000007281958
    545.269999999995	      0.000007281380
    545.279999999995	      0.000007280802
    545.289999999995	      0.000007280224
    545.299999999995	      0.000007279646
    545.309999999995	      0.000007279069
    545.319999999995	      0.000007278491
    545.329999999995	      0.000007277913
    545.339999999995	      0.000007277336
    545.349999999995	      0.000007276758
    545.359999999995	      0.000007276181
    545.369999999995	      0.000007275603
    545.379999999995	      0.000007275026
    545.389999999995	      0.000007274449
    545.399999999995	      0.000007273871
    545.409999999995	      0.000007273294
    545.419999999995	      0.000007272717
    545.429999999995	      0.000007272140
    545.439999999995	      0.000007271563
    545.449999999995	      0.000007270986
    545.459999999995	      0.000007270410
    545.469999999995	      0.000007269833
    545.479999999995	      0.000007269256
    545.489999999995	      0.000007268680
    545.499999999995	      0.000007268103
    545.509999999995	      0.000007267527
    545.519999999995	      0.000007266950
    545.529999999995	      0.000007266374
    545.539999999995	      0.000007265798
    545.549999999995	      0.000007265222
    545.559999999995	      0.000007264645
    545.569999999995	      0.000007264069
    545.579999999995	      0.000007263493
    545.589999999995	      0.000007262918
    545.599999999995	      0.000007262342
    545.609999999995	      0.000007261766
    545.619999999995	      0.000007261190
    545.629999999995	      0.000007260615
    545.639999999995	      0.000007260039
    545.649999999995	      0.000007259464
    545.659999999995	      0.000007258888
    545.669999999995	      0.000007258313
    545.679999999995	      0.000007257738
    545.689999999995	      0.000007257162
    545.699999999995	      0.000007256587
    545.709999999995	      0.000007256012
    545.719999999995	      0.000007255437
    545.729999999995	      0.000007254862
    545.739999999995	      0.000007254287
    545.749999999995	      0.000007253713
    545.759999999995	      0.000007253138
    545.769999999995	      0.000007252563
    545.779999999995	      0.000007251989
    545.789999999995	      0.000007251414
    545.799999999995	      0.000007250840
    545.809999999995	      0.000007250265
    545.819999999995	      0.000007249691
    545.829999999995	      0.000007249117
    545.839999999995	      0.000007248542
    545.849999999995	      0.000007247968
    545.859999999995	      0.000007247394
    545.869999999995	      0.000007246820
    545.879999999995	      0.000007246246
    545.889999999995	      0.000007245672
    545.899999999995	      0.000007245099
    545.909999999995	      0.000007244525
    545.919999999995	      0.000007243951
    545.929999999995	      0.000007243378
    545.939999999995	      0.000007242804
    545.949999999995	      0.000007242231
    545.959999999995	      0.000007241657
    545.969999999995	      0.000007241084
    545.979999999995	      0.000007240511
    545.989999999995	      0.000007239938
    545.999999999995	      0.000007239365
    546.009999999995	      0.000007238792
    546.019999999995	      0.000007238219
    546.029999999995	      0.000007237646
    546.039999999995	      0.000007237073
    546.049999999994	      0.000007236500
    546.059999999994	      0.000007235927
    546.069999999994	      0.000007235355
    546.079999999994	      0.000007234782
    546.089999999994	      0.000007234210
    546.099999999994	      0.000007233637
    546.109999999994	      0.000007233065
    546.119999999994	      0.000007232493
    546.129999999994	      0.000007231921
    546.139999999994	      0.000007231348
    546.149999999994	      0.000007230776
    546.159999999994	      0.000007230204
    546.169999999994	      0.000007229632
    546.179999999994	      0.000007229060
    546.189999999994	      0.000007228489
    546.199999999994	      0.000007227917
    546.209999999994	      0.000007227345
    546.219999999994	      0.000007226774
    546.229999999994	      0.000007226202
    546.239999999994	      0.000007225631
    546.249999999994	      0.000007225059
    546.259999999994	      0.000007224488
    546.269999999994	      0.000007223917
    546.279999999994	      0.000007223345
    546.289999999994	      0.000007222774
    546.299999999994	      0.000007222203
    546.309999999994	      0.000007221632
    546.319999999994	      0.000007221061
    546.329999999994	      0.000007220490
    546.339999999994	      0.000007219920
    546.349999999994	      0.000007219349
    546.359999999994	      0.000007218778
    546.369999999994	      0.000007218208
    546.379999999994	      0.000007217637
    546.389999999994	      0.000007217067
    546.399999999994	      0.000007216496
    546.409999999994	      0.000007215926
    546.419999999994	      0.000007215356
    546.429999999994	      0.000007214786
    546.439999999994	      0.000007214216
    546.449999999994	      0.000007213645
    546.459999999994	      0.000007213075
    546.469999999994	      0.000007212506
    546.479999999994	      0.000007211936
    546.489999999994	      0.000007211366
    546.499999999994	      0.000007210796
    546.509999999994	      0.000007210227
    546.519999999994	      0.000007209657
    546.529999999994	      0.000007209088
    546.539999999994	      0.000007208518
    546.549999999994	      0.000007207949
    546.559999999994	      0.000007207379
    546.569999999994	      0.000007206810
    546.579999999994	      0.000007206241
    546.589999999994	      0.000007205672
    546.599999999994	      0.000007205103
    546.609999999994	      0.000007204534
    546.619999999994	      0.000007203965
    546.629999999994	      0.000007203396
    546.639999999994	      0.000007202827
    546.649999999994	      0.000007202259
    546.659999999994	      0.000007201690
    546.669999999994	      0.000007201122
    546.679999999994	      0.000007200553
    546.689999999994	      0.000007199985
    546.699999999994	      0.000007199416
    546.709999999994	      0.000007198848
    546.719999999994	      0.000007198280
    546.729999999994	      0.000007197712
    546.739999999994	      0.000007197143
    546.749999999994	      0.000007196575
    546.759999999994	      0.000007196007
    546.769999999994	      0.000007195440
    546.779999999994	      0.000007194872
    546.789999999994	      0.000007194304
    546.799999999994	      0.000007193736
    546.809999999994	      0.000007193169
    546.819999999994	      0.000007192601
    546.829999999994	      0.000007192034
    546.839999999994	      0.000007191466
    546.849999999994	      0.000007190899
    546.859999999994	      0.000007190332
    546.869999999994	      0.000007189764
    546.879999999994	      0.000007189197
    546.889999999994	      0.000007188630
    546.899999999994	      0.000007188063
    546.909999999994	      0.000007187496
    546.919999999994	      0.000007186929
    546.929999999994	      0.000007186362
    546.939999999994	      0.000007185796
    546.949999999994	      0.000007185229
    546.959999999994	      0.000007184662
    546.969999999994	      0.000007184096
    546.979999999994	      0.000007183529
    546.989999999994	      0.000007182963
    546.999999999994	      0.000007182397
    547.009999999994	      0.000007181830
    547.019999999994	      0.000007181264
    547.029999999994	      0.000007180698
    547.039999999994	      0.000007180132
    547.049999999994	      0.000007179566
    547.059999999994	      0.000007179000
    547.069999999994	      0.000007178434
    547.079999999994	      0.000007177868
    547.089999999994	      0.000007177303
    547.099999999994	      0.000007176737
    547.109999999994	      0.000007176171
    547.119999999994	      0.000007175606
    547.129999999994	      0.000007175040
    547.139999999994	      0.000007174475
    547.149999999993	      0.000007173909
    547.159999999993	      0.000007173344
    547.169999999993	      0.000007172779
    547.179999999993	      0.000007172214
    547.189999999993	      0.000007171649
    547.199999999993	      0.000007171084
    547.209999999993	      0.000007170519
    547.219999999993	      0.000007169954
    547.229999999993	      0.000007169389
    547.239999999993	      0.000007168824
    547.249999999993	      0.000007168260
    547.259999999993	      0.000007167695
    547.269999999993	      0.000007167131
    547.279999999993	      0.000007166566
    547.289999999993	      0.000007166002
    547.299999999993	      0.000007165437
    547.309999999993	      0.000007164873
    547.319999999993	      0.000007164309
    547.329999999993	      0.000007163745
    547.339999999993	      0.000007163181
    547.349999999993	      0.000007162617
    547.359999999993	      0.000007162053
    547.369999999993	      0.000007161489
    547.379999999993	      0.000007160925
    547.389999999993	      0.000007160361
    547.399999999993	      0.000007159798
    547.409999999993	      0.000007159234
    547.419999999993	      0.000007158670
    547.429999999993	      0.000007158107
    547.439999999993	      0.000007157544
    547.449999999993	      0.000007156980
    547.459999999993	      0.000007156417
    547.469999999993	      0.000007155854
    547.479999999993	      0.000007155291
    547.489999999993	      0.000007154728
    547.499999999993	      0.000007154165
    547.509999999993	      0.000007153602
    547.519999999993	      0.000007153039
    547.529999999993	      0.000007152476
    547.539999999993	      0.000007151913
    547.549999999993	      0.000007151350
    547.559999999993	      0.000007150788
    547.569999999993	      0.000007150225
    547.579999999993	      0.000007149663
    547.589999999993	      0.000007149100
    547.599999999993	      0.000007148538
    547.609999999993	      0.000007147976
    547.619999999993	      0.000007147414
    547.629999999993	      0.000007146851
    547.639999999993	      0.000007146289
    547.649999999993	      0.000007145727
    547.659999999993	      0.000007145165
    547.669999999993	      0.000007144604
    547.679999999993	      0.000007144042
    547.689999999993	      0.000007143480
    547.699999999993	      0.000007142918
    547.709999999993	      0.000007142357
    547.719999999993	      0.000007141795
    547.729999999993	      0.000007141234
    547.739999999993	      0.000007140672
    547.749999999993	      0.000007140111
    547.759999999993	      0.000007139550
    547.769999999993	      0.000007138988
    547.779999999993	      0.000007138427
    547.789999999993	      0.000007137866
    547.799999999993	      0.000007137305
    547.809999999993	      0.000007136744
    547.819999999993	      0.000007136183
    547.829999999993	      0.000007135622
    547.839999999993	      0.000007135062
    547.849999999993	      0.000007134501
    547.859999999993	      0.000007133940
    547.869999999993	      0.000007133380
    547.879999999993	      0.000007132819
    547.889999999993	      0.000007132259
    547.899999999993	      0.000007131698
    547.909999999993	      0.000007131138
    547.919999999993	      0.000007130578
    547.929999999993	      0.000007130018
    547.939999999993	      0.000007129458
    547.949999999993	      0.000007128898
    547.959999999993	      0.000007128338
    547.969999999993	      0.000007127778
    547.979999999993	      0.000007127218
    547.989999999993	      0.000007126658
    547.999999999993	      0.000007126099
    548.009999999993	      0.000007125539
    548.019999999993	      0.000007124979
    548.029999999993	      0.000007124420
    548.039999999993	      0.000007123860
    548.049999999993	      0.000007123301
    548.059999999993	      0.000007122742
    548.069999999993	      0.000007122182
    548.079999999993	      0.000007121623
    548.089999999993	      0.000007121064
    548.099999999993	      0.000007120505
    548.109999999993	      0.000007119946
    548.119999999993	      0.000007119387
    548.129999999993	      0.000007118828
    548.139999999993	      0.000007118270
    548.149999999993	      0.000007117711
    548.159999999993	      0.000007117152
    548.169999999993	      0.000007116594
    548.179999999993	      0.000007116035
    548.189999999993	      0.000007115477
    548.199999999993	      0.000007114918
    548.209999999993	      0.000007114360
    548.219999999993	      0.000007113802
    548.229999999993	      0.000007113244
    548.239999999993	      0.000007112685
    548.249999999992	      0.000007112127
    548.259999999992	      0.000007111569
    548.269999999992	      0.000007111012
    548.279999999992	      0.000007110454
    548.289999999992	      0.000007109896
    548.299999999992	      0.000007109338
    548.309999999992	      0.000007108780
    548.319999999992	      0.000007108223
    548.329999999992	      0.000007107665
    548.339999999992	      0.000007107108
    548.349999999992	      0.000007106550
    548.359999999992	      0.000007105993
    548.369999999992	      0.000007105436
    548.379999999992	      0.000007104879
    548.389999999992	      0.000007104322
    548.399999999992	      0.000007103764
    548.409999999992	      0.000007103207
    548.419999999992	      0.000007102651
    548.429999999992	      0.000007102094
    548.439999999992	      0.000007101537
    548.449999999992	      0.000007100980
    548.459999999992	      0.000007100423
    548.469999999992	      0.000007099867
    548.479999999992	      0.000007099310
    548.489999999992	      0.000007098754
    548.499999999992	      0.000007098197
    548.509999999992	      0.000007097641
    548.519999999992	      0.000007097085
    548.529999999992	      0.000007096529
    548.539999999992	      0.000007095972
    548.549999999992	      0.000007095416
    548.559999999992	      0.000007094860
    548.569999999992	      0.000007094304
    548.579999999992	      0.000007093748
    548.589999999992	      0.000007093193
    548.599999999992	      0.000007092637
    548.609999999992	      0.000007092081
    548.619999999992	      0.000007091525
    548.629999999992	      0.000007090970
    548.639999999992	      0.000007090414
    548.649999999992	      0.000007089859
    548.659999999992	      0.000007089304
    548.669999999992	      0.000007088748
    548.679999999992	      0.000007088193
    548.689999999992	      0.000007087638
    548.699999999992	      0.000007087083
    548.709999999992	      0.000007086528
    548.719999999992	      0.000007085973
    548.729999999992	      0.000007085418
    548.739999999992	      0.000007084863
    548.749999999992	      0.000007084308
    548.759999999992	      0.000007083753
    548.769999999992	      0.000007083199
    548.779999999992	      0.000007082644
    548.789999999992	      0.000007082090
    548.799999999992	      0.000007081535
    548.809999999992	      0.000007080981
    548.819999999992	      0.000007080427
    548.829999999992	      0.000007079872
    548.839999999992	      0.000007079318
    548.849999999992	      0.000007078764
    548.859999999992	      0.000007078210
    548.869999999992	      0.000007077656
    548.879999999992	      0.000007077102
    548.889999999992	      0.000007076548
    548.899999999992	      0.000007075994
    548.909999999992	      0.000007075441
    548.919999999992	      0.000007074887
    548.929999999992	      0.000007074333
    548.939999999992	      0.000007073780
    548.949999999992	      0.000007073226
    548.959999999992	      0.000007072673
    548.969999999992	      0.000007072119
    548.979999999992	      0.000007071566
    548.989999999992	      0.000007071013
    548.999999999992	      0.000007070460
    549.009999999992	      0.000007069907
    549.019999999992	      0.000007069354
    549.029999999992	      0.000007068801
    549.039999999992	      0.000007068248
    549.049999999992	      0.000007067695
    549.059999999992	      0.000007067142
    549.069999999992	      0.000007066589
    549.079999999992	      0.000007066037
    549.089999999992	      0.000007065484
    549.099999999992	      0.000007064932
    549.109999999992	      0.000007064379
    549.119999999992	      0.000007063827
    549.129999999992	      0.000007063275
    549.139999999992	      0.000007062722
    549.149999999992	      0.000007062170
    549.159999999992	      0.000007061618
    549.169999999992	      0.000007061066
    549.179999999992	      0.000007060514
    549.189999999992	      0.000007059962
    549.199999999992	      0.000007059410
    549.209999999992	      0.000007058858
    549.219999999992	      0.000007058307
    549.229999999992	      0.000007057755
    549.239999999992	      0.000007057203
    549.249999999992	      0.000007056652
    549.259999999992	      0.000007056100
    549.269999999992	      0.000007055549
    549.279999999992	      0.000007054998
    549.289999999992	      0.000007054446
    549.299999999992	      0.000007053895
    549.309999999992	      0.000007053344
    549.319999999992	      0.000007052793
    549.329999999992	      0.000007052242
    549.339999999992	      0.000007051691
    549.349999999991	      0.000007051140
    549.359999999991	      0.000007050589
    549.369999999991	      0.000007050038
    549.379999999991	      0.000007049488
    549.389999999991	      0.000007048937
    549.399999999991	      0.000007048387
    549.409999999991	      0.000007047836
    549.419999999991	      0.000007047286
    549.429999999991	      0.000007046735
    549.439999999991	      0.000007046185
    549.449999999991	      0.000007045635
    549.459999999991	      0.000007045085
    549.469999999991	      0.000007044534
    549.479999999991	      0.000007043984
    549.489999999991	      0.000007043434
    549.499999999991	      0.000007042884
    549.509999999991	      0.000007042335
    549.519999999991	      0.000007041785
    549.529999999991	      0.000007041235
    549.539999999991	      0.000007040685
    549.549999999991	      0.000007040136
    549.559999999991	      0.000007039586
    549.569999999991	      0.000007039037
    549.579999999991	      0.000007038487
    549.589999999991	      0.000007037938
    549.599999999991	      0.000007037389
    549.609999999991	      0.000007036840
    549.619999999991	      0.000007036290
    549.629999999991	      0.000007035741
    549.639999999991	      0.000007035192
    549.649999999991	      0.000007034643
    549.659999999991	      0.000007034094
    549.669999999991	      0.000007033546
    549.679999999991	      0.000007032997
    549.689999999991	      0.000007032448
    549.699999999991	      0.000007031899
    549.709999999991	      0.000007031351
    549.719999999991	      0.000007030802
    549.729999999991	      0.000007030254
    549.739999999991	      0.000007029706
    549.749999999991	      0.000007029157
    549.759999999991	      0.000007028609
    549.769999999991	      0.000007028061
    549.779999999991	      0.000007027513
    549.789999999991	      0.000007026965
    549.799999999991	      0.000007026417
    549.809999999991	      0.000007025869
    549.819999999991	      0.000007025321
    549.829999999991	      0.000007024773
    549.839999999991	      0.000007024225
    549.849999999991	      0.000007023678
    549.859999999991	      0.000007023130
    549.869999999991	      0.000007022582
    549.879999999991	      0.000007022035
    549.889999999991	      0.000007021488
    549.899999999991	      0.000007020940
    549.909999999991	      0.000007020393
    549.919999999991	      0.000007019846
    549.929999999991	      0.000007019298
    549.939999999991	      0.000007018751
    549.949999999991	      0.000007018204
    549.959999999991	      0.000007017657
    549.969999999991	      0.000007017110
    549.979999999991	      0.000007016564
    549.989999999991	      0.000007016017
