# time  poten(istate=1)  kinen  toten
0.0000000000  -39.8931147600  0.0269862423  -39.8661285177
4.1341370000  -39.8940790800  0.0279482355  -39.8661308445
8.2682740000  -39.8951292400  0.0289972142  -39.8661320258
12.4024110000  -39.8962479200  0.0301142546  -39.8661336654
16.5365480000  -39.8974141400  0.0312798506  -39.8661342894
20.6706850000  -39.8986101400  0.0324747629  -39.8661353771
24.8048220000  -39.8998172300  0.0336808094  -39.8661364206
28.9389590000  -39.9010186200  0.0348812523  -39.8661373677
33.0730960000  -39.9021994000  0.0360610130  -39.8661383870
37.2072330000  -39.9033464400  0.0372072408  -39.8661391992
41.3413700000  -39.9044490200  0.0383091575  -39.8661398625
45.4755070000  -39.9054983300  0.0393579995  -39.8661403305
49.6096440000  -39.9064878000  0.0403469951  -39.8661408049
53.7437810000  -39.9074124000  0.0412712221  -39.8661411779
57.8779180000  -39.9082688500  0.0421274088  -39.8661414412
62.0120550000  -39.9090553100  0.0429136609  -39.8661416491
66.1461920000  -39.9097711200  0.0436292521  -39.8661418679
70.2803290000  -39.9104163700  0.0442744657  -39.8661419043
74.4144660000  -39.9109926400  0.0448503088  -39.8661423312
78.5486030000  -39.9115005300  0.0453583175  -39.8661422125
82.6827400000  -39.9119426900  0.0458005221  -39.8661421679
86.8168770000  -39.9123214200  0.0461792954  -39.8661421246
90.9510140000  -39.9126393100  0.0464972432  -39.8661420668
95.0851510000  -39.9128991300  0.0467571384  -39.8661419916
99.2192880000  -39.9131037800  0.0469618285  -39.8661419515
103.3534250000  -39.9132560600  0.0471141209  -39.8661419391
107.4875620000  -39.9133592200  0.0472170469  -39.8661421731
111.6216990000  -39.9134161500  0.0472737526  -39.8661423974
115.7558360000  -39.9134298400  0.0472872806  -39.8661425594
119.8899730000  -39.9134031600  0.0472607245  -39.8661424355
124.0241100000  -39.9133391000  0.0471969122  -39.8661421878
128.1582470000  -39.9132404000  0.0470985335  -39.8661418665
132.2923840000  -39.9131098000  0.0469683102  -39.8661414898
136.4265210000  -39.9129499400  0.0468088359  -39.8661411041
140.5606580000  -39.9127633100  0.0466225979  -39.8661407121
144.6947950000  -39.9125522400  0.0464119955  -39.8661402445
148.8289320000  -39.9123189400  0.0461791819  -39.8661397581
152.9630690000  -39.9120654900  0.0459262021  -39.8661392879
157.0972060000  -39.9117941600  0.0456550440  -39.8661391160
161.2313430000  -39.9115054200  0.0453674366  -39.8661379834
165.3654800000  -39.9112025200  0.0450649581  -39.8661375619
169.4996170000  -39.9108861500  0.0447490256  -39.8661371244
173.6337540000  -39.9105575000  0.0444207012  -39.8661367988
177.7678910000  -39.9102175700  0.0440810195  -39.8661365505
181.9020280000  -39.9098678900  0.0437309277  -39.8661369623
186.0361650000  -39.9095082800  0.0433712781  -39.8661370019
190.1703020000  -39.9091397100  0.0430027483  -39.8661369617
194.3044390000  -39.9087624100  0.0426254632  -39.8661369468
198.4385760000  -39.9083769100  0.0422396398  -39.8661372702
202.5727130000  -39.9079824000  0.0418454928  -39.8661369072
206.7068500000  -39.9075803000  0.0414431726  -39.8661371274
210.8409870000  -39.9071696400  0.0410325464  -39.8661370936
214.9751240000  -39.9067502400  0.0406131699  -39.8661370701
219.1092610000  -39.9063223600  0.0401847140  -39.8661376460
223.2433980000  -39.9058847900  0.0397469918  -39.8661377982
227.3775350000  -39.9054365200  0.0392995687  -39.8661369513
231.5116720000  -39.9049783500  0.0388419529  -39.8661363971
235.6458090000  -39.9045105000  0.0383741289  -39.8661363711
239.7799460000  -39.9040320400  0.0378959869  -39.8661360531
243.9140830000  -39.9035434500  0.0374076500  -39.8661358000
248.0482200000  -39.9030455600  0.0369097266  -39.8661358334
252.1823570000  -39.9025386400  0.0364027874  -39.8661358526
256.3164940000  -39.9020241300  0.0358878992  -39.8661362308
260.4506310000  -39.9015029700  0.0353666889  -39.8661362811
264.5847680000  -39.9009785500  0.0348397016  -39.8661388484
268.7189050000  -39.9004419200  0.0343051893  -39.8661367307
272.8530420000  -39.8998961900  0.0337580687  -39.8661381213
276.9871790000  -39.8993221100  0.0331851869  -39.8661369231
281.1213160000  -39.8987027200  0.0325529010  -39.8661498190
285.2554530000  -39.8979175400  0.0317194446  -39.8661980954
289.3895900000  -39.8945382600  0.0313087365  -39.8632295235
293.5237270000  -39.8947304700  0.0314727356  -39.8632577344
297.6578640000  -39.8949600600  0.0317042894  -39.8632557706
301.7920010000  -39.8952556300  0.0319969056  -39.8632587244
305.9261380000  -39.8956022700  0.0323481635  -39.8632541065
310.0602750000  -39.8960060900  0.0327598079  -39.8632462821
314.1944120000  -39.8964750000  0.0332353212  -39.8632396788
318.3285490000  -39.8970133500  0.0337794890  -39.8632338610
322.4626860000  -39.8976298700  0.0343983555  -39.8632315145
326.5968230000  -39.8983299000  0.0350988386  -39.8632310614
330.7309600000  -39.8991199700  0.0358882058  -39.8632317642
334.8650970000  -39.9000069400  0.0367737882  -39.8632331518
338.9992340000  -39.9009977300  0.0377631127  -39.8632346173
343.1333710000  -39.9020992000  0.0388634156  -39.8632357844
347.2675080000  -39.9033176500  0.0400810940  -39.8632365560
351.4016450000  -39.9046585400  0.0414215541  -39.8632369859
355.5357820000  -39.9061262600  0.0428890586  -39.8632372014
359.6699190000  -39.9077236800  0.0444863851  -39.8632372949
363.8040560000  -39.9094527900  0.0462143441  -39.8632384459
367.9381930000  -39.9113111300  0.0480720592  -39.8632390708
372.0723300000  -39.9132965700  0.0500568019  -39.8632397681
376.2064670000  -39.9154038400  0.0521632764  -39.8632405636
380.3406040000  -39.9176252100  0.0543836985  -39.8632415115
384.4747410000  -39.9199502400  0.0567076101  -39.8632426299
388.6088780000  -39.9223656100  0.0591216780  -39.8632439320
392.7430150000  -39.9248549200  0.0616093747  -39.8632455453
396.8771520000  -39.9273983500  0.0641512365  -39.8632471135
401.0112890000  -39.9299725700  0.0667237802  -39.8632487898
405.1454260000  -39.9325496600  0.0692989231  -39.8632507369
409.2795630000  -39.9350976000  0.0718442859  -39.8632533141
413.4137000000  -39.9375786400  0.0743221402  -39.8632564998
417.5478370000  -39.9399496300  0.0766892262  -39.8632604038
421.6819740000  -39.9421577700  0.0788945471  -39.8632632229
425.8161110000  -39.9441465400  0.0808776190  -39.8632689210
429.9502480000  -39.9458457600  0.0825694065  -39.8632763535
434.0843850000  -39.9471750300  0.0838898035  -39.8632852265
438.2185220000  -39.9480415700  0.0847498992  -39.8632916708
442.3526590000  -39.9483741300  0.0850888880  -39.8632852420
446.4867960000  -39.9482170000  0.0849403883  -39.8632766117
450.6209330000  -39.9476416200  0.0843531905  -39.8632884295
454.7550700000  -39.9465674300  0.0832636543  -39.8633037757
458.8892070000  -39.9448636000  0.0815486092  -39.8633149908
463.0233440000  -39.9424408600  0.0791191031  -39.8633217569
467.1574810000  -39.9392637300  0.0759427654  -39.8633209646
471.2916180000  -39.9353644500  0.0720492779  -39.8633151721
475.4257550000  -39.9308511700  0.0675473928  -39.8633037772
479.5598920000  -39.9259206200  0.0626351851  -39.8632854349
483.6940290000  -39.9208681500  0.0576056071  -39.8632625429
487.8281660000  -39.9160734300  0.0528383430  -39.8632350870
491.9623030000  -39.9119774600  0.0487706212  -39.8632068388
496.0964400000  -39.9090296500  0.0458486467  -39.8631810033
500.2305770000  -39.9076265100  0.0444634384  -39.8631630716
504.3647140000  -39.9080402600  0.0448836443  -39.8631566157
508.4988510000  -39.9103664600  0.0472035792  -39.8631628808
512.6329880000  -39.9145036200  0.0513229193  -39.8631807007
516.7671250000  -39.9201703900  0.0569636055  -39.8632067845
520.9012620000  -39.9269555800  0.0637197254  -39.8632358546
525.0353990000  -39.9343885300  0.0711243978  -39.8632641322
529.1695360000  -39.9420054000  0.0787168621  -39.8632885379
533.3036730000  -39.9494006600  0.0860939418  -39.8633067182
537.4378100000  -39.9562578000  0.0929394371  -39.8633183629
541.5719470000  -39.9623590200  0.0990348313  -39.8633241887
545.7060840000  -39.9675794000  0.1042535861  -39.8633258139
549.8402210000  -39.9718725500  0.1085493828  -39.8633231672
553.9743580000  -39.9752535200  0.1119368012  -39.8633167188
558.1084950000  -39.9777841600  0.1144762452  -39.8633079148
562.2426320000  -39.9795745300  0.1162857271  -39.8632888029
566.3767690000  -39.9863332400  0.1176759601  -39.8686572799
570.5109060000  -39.9873533500  0.1187058289  -39.8686475211
574.6450430000  -39.9878831400  0.1192440727  -39.8686390673
578.7791800000  -39.9880153300  0.1193816651  -39.8686336649
582.9133170000  -39.9878303800  0.1192016290  -39.8686287510
587.0474540000  -39.9874023300  0.1187780749  -39.8686242551
591.1815910000  -39.9867961700  0.1181756548  -39.8686205152
595.3157280000  -39.9860664200  0.1174496847  -39.8686167353
599.4498650000  -39.9852608700  0.1166466999  -39.8686141701
603.5840020000  -39.9844171800  0.1158050871  -39.8686120929
607.7181390000  -39.9835668100  0.1149558031  -39.8686110069
611.8522760000  -39.9827331500  0.1141234575  -39.8686096925
615.9864130000  -39.9819358900  0.1133269938  -39.8686088962
620.1205500000  -39.9811887800  0.1125804208  -39.8686083592
624.2546870000  -39.9805016100  0.1118937063  -39.8686079037
628.3888240000  -39.9798813700  0.1112735030  -39.8686078670
632.5229610000  -39.9793316100  0.1107237261  -39.8686078839
636.6570980000  -39.9788546000  0.1102459086  -39.8686086914
640.7912350000  -39.9784487000  0.1098396275  -39.8686090725
644.9253720000  -39.9781121000  0.1095029858  -39.8686091142
649.0595090000  -39.9778422500  0.1092327211  -39.8686095289
653.1936460000  -39.9776342900  0.1090242968  -39.8686099932
657.3277830000  -39.9774827100  0.1088721802  -39.8686105298
661.4619200000  -39.9773809800  0.1087698601  -39.8686111199
665.5960570000  -39.9773214500  0.1087098736  -39.8686115764
669.7301940000  -39.9772960400  0.1086838080  -39.8686122320
673.8643310000  -39.9772953000  0.1086823379  -39.8686129621
677.9984680000  -39.9773091200  0.1086952032  -39.8686139168
682.1326050000  -39.9773261300  0.1087112157  -39.8686149143
686.2667420000  -39.9773344500  0.1087184990  -39.8686159510
690.4008790000  -39.9773215600  0.1087046374  -39.8686169226
694.5350160000  -39.9772751900  0.1086570821  -39.8686181079
698.6691530000  -39.9771828000  0.1085638884  -39.8686189116
702.8032900000  -39.9770339900  0.1084144513  -39.8686195387
706.9374270000  -39.9768202900  0.1082004099  -39.8686198801
711.0715640000  -39.9765363600  0.1079163842  -39.8686199758
715.2057010000  -39.9761802200  0.1075604212  -39.8686197988
719.3398380000  -39.9757534200  0.1071340239  -39.8686193961
723.4739750000  -39.9752605500  0.1066417570  -39.8686187930
727.6081120000  -39.9747087400  0.1060906344  -39.8686181056
731.7422490000  -39.9741068500  0.1054894756  -39.8686173744
735.8763860000  -39.9734647200  0.1048481331  -39.8686165869
740.0105230000  -39.9727928300  0.1041770129  -39.8686158171
744.1446600000  -39.9721019700  0.1034868927  -39.8686150773
748.2787970000  -39.9714033300  0.1027887523  -39.8686145777
752.4129340000  -39.9707076000  0.1020937098  -39.8686138902
756.5470710000  -39.9700262700  0.1014130367  -39.8686132333
760.6812080000  -39.9693707100  0.1007582575  -39.8686124525
764.8153450000  -39.9687529600  0.1001411354  -39.8686118246
768.9494820000  -39.9681848400  0.0995736543  -39.8686111857
773.0836190000  -39.9676786500  0.0990680322  -39.8686106178
777.2177560000  -39.9672466900  0.0986366164  -39.8686100736
781.3518930000  -39.9669014000  0.0982918241  -39.8686095759
785.4860300000  -39.9666551100  0.0980460372  -39.8686090728
789.6201670000  -39.9665200000  0.0979114056  -39.8686085944
793.7543040000  -39.9665078800  0.0978996605  -39.8686082195
797.8884410000  -39.9666301300  0.0980221736  -39.8686079564
802.0225780000  -39.9668974400  0.0982897435  -39.8686076965
806.1567150000  -39.9673197700  0.0987122776  -39.8686074924
810.2908520000  -39.9679061300  0.0992987970  -39.8686073330
814.4249890000  -39.9686644500  0.1000572273  -39.8686072227
818.5591260000  -39.9696015400  0.1009943191  -39.8686072209
822.6932630000  -39.9707229700  0.1021154006  -39.8686075694
826.8274000000  -39.9720310000  0.1034243882  -39.8686066118
830.9615370000  -39.9735306900  0.1049237638  -39.8686069262
835.0956740000  -39.9752210100  0.1066142318  -39.8686067782
839.2298110000  -39.9771021500  0.1084947425  -39.8686074075
843.3639480000  -39.9791710200  0.1105624809  -39.8686085391
847.4980850000  -39.9814216400  0.1128126436  -39.8686089964
851.6322220000  -39.9838483600  0.1152384230  -39.8686099370
855.7663590000  -39.9864419200  0.1178309430  -39.8686109770
859.9004960000  -39.9891913000  0.1205790568  -39.8686122432
864.0346330000  -39.9920830000  0.1234692335  -39.8686137665
868.1687700000  -39.9951006300  0.1264852710  -39.8686153590
872.3029070000  -39.9982252000  0.1296079922  -39.8686172078
876.4370440000  -40.0014342200  0.1328148485  -39.8686193715
880.5711810000  -40.0047012400  0.1360794328  -39.8686218072
884.7053180000  -40.0079955400  0.1393708752  -39.8686246648
888.8394550000  -40.0112811300  0.1426531617  -39.8686279683
892.9735920000  -40.0145160500  0.1458843617  -39.8686316883
897.1077290000  -40.0176517400  0.1490157761  -39.8686359639
901.2418660000  -40.0206321100  0.1519910991  -39.8686410109
905.3760030000  -40.0233918100  0.1547455248  -39.8686462852
909.5101400000  -40.0258583900  0.1572054209  -39.8686529691
913.6442770000  -40.0279482700  0.1592880976  -39.8686601724
917.7784140000  -40.0295699400  0.1609019980  -39.8686679420
921.9125510000  -40.0306247200  0.1619483672  -39.8686763528
926.0466880000  -40.0310091900  0.1623241513  -39.8686850387
930.1808250000  -40.0306206000  0.1619269521  -39.8686936479
934.3149620000  -40.0293639000  0.1606627561  -39.8687011439
938.4490990000  -40.0271645100  0.1584573568  -39.8687071532
942.5832360000  -40.0239788400  0.1552705521  -39.8687082879
946.7173730000  -40.0198212400  0.1511153518  -39.8687058882
950.8515100000  -40.0147770200  0.1460791924  -39.8686978276
954.9856470000  -40.0090231200  0.1403418958  -39.8686812242
959.1197840000  -40.0028463600  0.1341884706  -39.8686578894
963.2539210000  -39.9966363400  0.1280075977  -39.8686287423
967.3880580000  -39.9908646300  0.1222680045  -39.8685966255
971.5221950000  -39.9860367400  0.1174701794  -39.8685665606
975.6563320000  -39.9826205200  0.1140767520  -39.8685437680
979.7904690000  -39.9809675800  0.1124346850  -39.8685328950
983.9246060000  -39.9812461700  0.1127096496  -39.8685365204
988.0587430000  -39.9834062600  0.1148530032  -39.8685532568
992.1928800000  -39.9871924500  0.1186123945  -39.8685800555
996.3270170000  -39.9921939100  0.1235822929  -39.8686116171
1000.4611540000  -39.9979207000  0.1292781505  -39.8686425495
1004.5952910000  -40.0038819100  0.1352124751  -39.8686694349
1008.7294280000  -40.0096445900  0.1409553019  -39.8686892881
1012.8635650000  -40.0148723000  0.1461705715  -39.8687017285
1016.9977020000  -40.0193354600  0.1506283672  -39.8687070928
1021.1318390000  -40.0229067700  0.1541990844  -39.8687076856
1025.2659760000  -40.0255408900  0.1568369275  -39.8687039625
1029.4001130000  -40.0272562800  0.1585593330  -39.8686969470
1033.5342500000  -40.0281167900  0.1594272099  -39.8686895801
1037.6683870000  -40.0282087200  0.1595278089  -39.8686809111
1041.8025240000  -40.0276336400  0.1589613944  -39.8686722456
1045.9366610000  -40.0264957400  0.1578318816  -39.8686638584
1050.0707980000  -40.0248968000  0.1562404497  -39.8686563503
1054.2049350000  -40.0229309900  0.1542815758  -39.8686494142
1058.3390720000  -40.0206842500  0.1520407858  -39.8686434642
1062.4732090000  -40.0182320700  0.1495937466  -39.8686383234
1066.6073460000  -40.0156401300  0.1470061587  -39.8686339713
1070.7414830000  -40.0129644400  0.1443341561  -39.8686302839
1074.8756200000  -40.0102518600  0.1416250235  -39.8686268365
1079.0097570000  -40.0075428000  0.1389180726  -39.8686247274
1083.1438940000  -40.0048677600  0.1362455371  -39.8686222229
1087.2780310000  -40.0022540300  0.1336334808  -39.8686205492
1091.4121680000  -39.9997218100  0.1311026584  -39.8686191516
1095.5463050000  -39.9972873500  0.1286692770  -39.8686180730
1099.6804420000  -39.9949629300  0.1263456906  -39.8686172394
1103.8145790000  -39.9927576100  0.1241410213  -39.8686165887
1107.9487160000  -39.9906777700  0.1220616937  -39.8686160763
1112.0828530000  -39.9887276400  0.1201118626  -39.8686157774
1116.2169900000  -39.9869093600  0.1182938281  -39.8686155319
1120.3511270000  -39.9852238800  0.1166083490  -39.8686155310
1124.4852640000  -39.9836704700  0.1150549410  -39.8686155290
1128.6194010000  -39.9822476800  0.1136321154  -39.8686155646
1132.7535380000  -39.9809532000  0.1123375329  -39.8686156671
1136.8876750000  -39.9797841000  0.1111681969  -39.8686159031
1141.0218120000  -39.9787366900  0.1101205865  -39.8686161035
1145.1559490000  -39.9778070900  0.1091907818  -39.8686163082
1149.2900860000  -39.9769911000  0.1083745673  -39.8686165327
1153.4242230000  -39.9762842900  0.1076675190  -39.8686167710
1157.5583600000  -39.9756821000  0.1070650859  -39.8686170141
1161.6924970000  -39.9751799400  0.1065626624  -39.8686172776
1165.8266340000  -39.9747732700  0.1061556540  -39.8686176160
1169.9607710000  -39.9744574500  0.1058395447  -39.8686179053
1174.0949080000  -39.9742281500  0.1056099575  -39.8686181925
1178.2290450000  -39.9740812000  0.1054627145  -39.8686184855
1182.3631820000  -39.9740126700  0.1053939231  -39.8686187469
1186.4973190000  -39.9740190000  0.1054000028  -39.8686189972
1190.6314560000  -39.9740969500  0.1054777411  -39.8686192089
1194.7655930000  -39.9742437900  0.1056243965  -39.8686193935
1198.8997300000  -39.9744570400  0.1058377454  -39.8686192946
1203.0338670000  -39.9747355300  0.1061161027  -39.8686194273
1207.1680040000  -39.9750780400  0.1064584696  -39.8686195704
1211.3021410000  -39.9754842600  0.1068645964  -39.8686196636
1215.4362780000  -39.9759546400  0.1073349514  -39.8686196886
1219.5704150000  -39.9764904700  0.1078707995  -39.8686196705
1223.7045520000  -39.9770938200  0.1084742331  -39.8686195869
1227.8386890000  -39.9777676300  0.1091481905  -39.8686194395
1231.9728260000  -39.9785159300  0.1098964531  -39.8686194769
1236.1069630000  -39.9793428600  0.1107236158  -39.8686192442
1240.2411000000  -39.9802542200  0.1116350517  -39.8686191683
1244.3752370000  -39.9812556300  0.1126367922  -39.8686188378
1248.5093740000  -39.9823538800  0.1137354057  -39.8686184743
1252.6435110000  -39.9835557700  0.1149378723  -39.8686178977
1256.7776480000  -39.9848689600  0.1162513897  -39.8686175703
1260.9117850000  -39.9863004500  0.1176831590  -39.8686172910
1265.0459220000  -39.9878571000  0.1192400407  -39.8686170593
1269.1800590000  -39.9895451500  0.1209282357  -39.8686169143
1273.3141960000  -39.9913698600  0.1227529966  -39.8686168634
1277.4483330000  -39.9933349800  0.1247181044  -39.8686168756
1281.5824700000  -39.9954424700  0.1268254155  -39.8686170545
1285.7166070000  -39.9976918400  0.1290744533  -39.8686173867
1289.8507440000  -40.0000798100  0.1314618077  -39.8686180023
1293.9848810000  -40.0025994700  0.1339805482  -39.8686189218
1298.1190180000  -40.0052397800  0.1366195926  -39.8686201874
1302.2531550000  -40.0079848000  0.1393630154  -39.8686217846
1306.3872920000  -40.0108131900  0.1421893075  -39.8686238825
1310.5214290000  -40.0136972600  0.1450705966  -39.8686266634
1314.6555660000  -40.0166007700  0.1479717118  -39.8686290582
1318.7897030000  -40.0194826300  0.1508495503  -39.8686330797
1322.9238400000  -40.0222899100  0.1536523786  -39.8686375314
1327.0579770000  -40.0249617400  0.1563187316  -39.8686430084
1331.1921140000  -40.0274267400  0.1587770214  -39.8686497186
1335.3262510000  -40.0296020300  0.1609453174  -39.8686567126
1339.4603880000  -40.0313960600  0.1627315465  -39.8686645135
1343.5945250000  -40.0327077300  0.1640347971  -39.8686729329
1347.7286620000  -40.0334294500  0.1647476797  -39.8686817703
1351.8627990000  -40.0334511400  0.1647605337  -39.8686906063
1355.9969360000  -40.0326669300  0.1639681127  -39.8686988173
1360.1310730000  -40.0309849700  0.1622794119  -39.8687055581
1364.2652100000  -40.0283409400  0.1596312088  -39.8687097312
1368.3993470000  -40.0247152600  0.1560054202  -39.8687098398
1372.5334840000  -40.0201537500  0.1514493664  -39.8687043836
1376.6676210000  -40.0147885000  0.1460964191  -39.8686920809
1380.8017580000  -40.0088546900  0.1401823594  -39.8686723306
1384.9358950000  -40.0026964800  0.1340506175  -39.8686458625
1389.0700320000  -39.9967538600  0.1281392117  -39.8686146483
1393.2041690000  -39.9915262700  0.1229427261  -39.8685835439
1397.3383060000  -39.9875071900  0.1189502809  -39.8685569091
1401.4724430000  -39.9851090600  0.1165684495  -39.8685406105
1405.6065800000  -39.9845849500  0.1160470716  -39.8685378784
1409.7407170000  -39.9859792400  0.1174298602  -39.8685493798
1413.8748540000  -39.9891182000  0.1205455541  -39.8685726459
1418.0089910000  -39.9936460900  0.1250431320  -39.8686029580
1422.1431280000  -39.9990939000  0.1304589802  -39.8686349198
1426.2772650000  -40.0049589700  0.1362953030  -39.8686636670
1430.4114020000  -40.0107760000  0.1420894412  -39.8686865588
1434.5455390000  -40.0161629300  0.1474610898  -39.8687018402
1438.6796760000  -40.0208445600  0.1521344855  -39.8687100745
1442.8138130000  -40.0246516900  0.1559394299  -39.8687122601
1446.9479500000  -40.0275078200  0.1587981342  -39.8687096858
1451.0820870000  -40.0294091900  0.1607051892  -39.8687040008
1455.2162240000  -40.0304043400  0.1617076158  -39.8686967242
1459.3503610000  -40.0305736400  0.1618855117  -39.8686881283
1463.4844980000  -40.0300170100  0.1613372113  -39.8686797987
1467.6186350000  -40.0288397300  0.1601681939  -39.8686715361
1471.7527720000  -40.0271477300  0.1584834409  -39.8686642891
1475.8869090000  -40.0250409300  0.1563831380  -39.8686577920
1480.0210460000  -40.0226111200  0.1539590684  -39.8686520516
1484.1551830000  -40.0199393800  0.1512927660  -39.8686466140
1488.2893200000  -40.0170982000  0.1484558339  -39.8686423661
1492.4234570000  -40.0141484100  0.1455100858  -39.8686383242
1496.5575940000  -40.0111433600  0.1425079653  -39.8686353947
1500.6917310000  -40.0081263600  0.1394936529  -39.8686327071
1504.8258680000  -40.0051336900  0.1365033687  -39.8686303213
1508.9600050000  -40.0021958600  0.1335670362  -39.8686288238
1513.0941420000  -39.9993358900  0.1307088067  -39.8686270833
1517.2282790000  -39.9965740300  0.1279477988  -39.8686262312
1521.3624160000  -39.9939240100  0.1252990025  -39.8686250075
1525.4965530000  -39.9913984800  0.1227738704  -39.8686246096
1529.6306900000  -39.9890049400  0.1203808873  -39.8686240527
1533.7648270000  -39.9867493400  0.1181259870  -39.8686233530
1537.8989640000  -39.9846362100  0.1160130835  -39.8686231265
1542.0331010000  -39.9826677400  0.1140443940  -39.8686233460
1546.1672380000  -39.9808429300  0.1122206857  -39.8686222443
1550.3013750000  -39.9791642200  0.1105415385  -39.8686226815
1554.4355120000  -39.9776284500  0.1090056012  -39.8686228488
1558.5696490000  -39.9762338100  0.1076107552  -39.8686230548
1562.7037860000  -39.9749775300  0.1063542276  -39.8686233024
1566.8379230000  -39.9738567600  0.1052327549  -39.8686240051
1570.9720600000  -39.9728669300  0.1042426529  -39.8686242771
1575.1061970000  -39.9720044700  0.1033799187  -39.8686245513
1579.2403340000  -39.9712652000  0.1026403409  -39.8686248591
1583.3744710000  -39.9706447300  0.1020195558  -39.8686251742
1587.5086080000  -39.9701386100  0.1015131134  -39.8686254966
1591.6427450000  -39.9697423600  0.1011165357  -39.8686258243
1595.7768820000  -39.9694515200  0.1008253727  -39.8686261473
1599.9110190000  -39.9692617500  0.1006352719  -39.8686264781
1604.0451560000  -39.9691688300  0.1005420296  -39.8686268004
1608.1792930000  -39.9691687500  0.1005416437  -39.8686271063
1612.3134300000  -39.9692577900  0.1006303678  -39.8686274222
1616.4475670000  -39.9694324900  0.1008047805  -39.8686277095
1620.5817040000  -39.9696898200  0.1010618518  -39.8686279682
1624.7158410000  -39.9700271800  0.1013989850  -39.8686281950
1628.8499780000  -39.9704424700  0.1018140836  -39.8686283864
1632.9841150000  -39.9709341600  0.1023056080  -39.8686285520
1637.1182520000  -39.9715013000  0.1028726304  -39.8686286696
1641.2523890000  -39.9721436400  0.1035148827  -39.8686287573
1645.3865260000  -39.9728615900  0.1042327951  -39.8686287949
1649.5206630000  -39.9736563200  0.1050275237  -39.8686287963
1653.6548000000  -39.9745297100  0.1059009654  -39.8686287446
1657.7889370000  -39.9754844100  0.1068557554  -39.8686286546
1661.9230740000  -39.9765237600  0.1078952385  -39.8686285215
1666.0572110000  -39.9776517700  0.1090234168  -39.8686283532
1670.1913480000  -39.9788730300  0.1102448732  -39.8686281568
1674.3254850000  -39.9801925900  0.1115646580  -39.8686279320
1678.4596220000  -39.9816158500  0.1129881413  -39.8686277087
1682.5937590000  -39.9831483200  0.1145208284  -39.8686274916
1686.7278960000  -39.9847954300  0.1161681299  -39.8686273001
1690.8620330000  -39.9865622500  0.1179350936  -39.8686271564
1694.9961700000  -39.9884532000  0.1198260821  -39.8686271179
1699.1303070000  -39.9904712600  0.1218444144  -39.8686268456
1703.2644440000  -39.9926189700  0.1239919577  -39.8686270123
1707.3985810000  -39.9948960200  0.1262686541  -39.8686273659
1711.5327180000  -39.9972999300  0.1286720141  -39.8686279159
1715.6668550000  -39.9998252800  0.1311965413  -39.8686287387
1719.8009920000  -40.0024629900  0.1338331119  -39.8686298781
1723.9351290000  -40.0051996800  0.1365682981  -39.8686313819
1728.0692660000  -40.0080169100  0.1393835990  -39.8686333110
1732.2034030000  -40.0108905300  0.1422547606  -39.8686357694
1736.3375400000  -40.0137891400  0.1451507171  -39.8686384229
1740.4716770000  -40.0166744600  0.1480326821  -39.8686417779
1744.6058140000  -40.0194997200  0.1508533571  -39.8686463629
1748.7399510000  -40.0222078200  0.1535562799  -39.8686515401
1752.8740880000  -40.0247327400  0.1560751683  -39.8686575717
1757.0082250000  -40.0269977300  0.1583332398  -39.8686644902
1761.1423620000  -40.0289156400  0.1602434029  -39.8686722371
1765.2764990000  -40.0303898400  0.1617091050  -39.8686807350
1769.4106360000  -40.0313161300  0.1626263167  -39.8686898133
1773.5447730000  -40.0315862000  0.1628871486  -39.8686990514
1777.6789100000  -40.0310936300  0.1623857392  -39.8687078908
1781.8130470000  -40.0297425900  0.1610271055  -39.8687154845
1785.9471840000  -40.0274603500  0.1587397671  -39.8687205829
1790.0813210000  -40.0242135100  0.1554917444  -39.8687217656
1794.2154580000  -40.0200278800  0.1513101849  -39.8687176951
1798.3495950000  -40.0150096100  0.1463026205  -39.8687069895
1802.4837320000  -40.0093638500  0.1406750197  -39.8686888303
1806.6178690000  -40.0034044900  0.1347410025  -39.8686634875
1810.7520060000  -39.9975478000  0.1289144903  -39.8686333097
1814.8861430000  -39.9922797400  0.1236790407  -39.8686006993
1819.0202800000  -39.9881036400  0.1195322367  -39.8685714033
1823.1544170000  -39.9854626000  0.1169109876  -39.8685516124
1827.2885540000  -39.9846591700  0.1161141245  -39.8685450455
1831.4226910000  -39.9857967100  0.1172439874  -39.8685527226
1835.5568280000  -39.9887584500  0.1201853136  -39.8685731364
1839.6909650000  -39.9932308900  0.1246288177  -39.8686020723
1843.8251020000  -39.9987655400  0.1301314480  -39.8686340920
1847.9592390000  -40.0048586200  0.1361940616  -39.8686645584
1852.0933760000  -40.0110250300  0.1423352357  -39.8686897943
1856.2275130000  -40.0168520600  0.1481454779  -39.8687065821
1860.3616500000  -40.0220326300  0.1533162114  -39.8687164186
1864.4957870000  -40.0263666600  0.1576463015  -39.8687203585
1868.6299240000  -40.0297516300  0.1610321188  -39.8687195112
1872.7640610000  -40.0321631900  0.1634485535  -39.8687146365
1876.8981980000  -40.0336354700  0.1649278939  -39.8687075761
1881.0323350000  -40.0342409700  0.1655413918  -39.8686995782
1885.1664720000  -40.0340733800  0.1653827071  -39.8686906729
1889.3006090000  -40.0332368600  0.1645547304  -39.8686821296
1893.4347460000  -40.0318364100  0.1631621491  -39.8686742609
1897.5688830000  -40.0299735600  0.1613062296  -39.8686673304
1901.7030200000  -40.0277415300  0.1590805257  -39.8686610043
1905.8371570000  -40.0252245700  0.1565691079  -39.8686554621
1909.9712940000  -40.0224969100  0.1538462573  -39.8686506527
1914.1054310000  -40.0196228400  0.1509763105  -39.8686465295
1918.2395680000  -40.0166576500  0.1480143665  -39.8686432835
1922.3737050000  -40.0136476400  0.1450071166  -39.8686405234
1926.5078420000  -40.0106317100  0.1419933996  -39.8686383104
1930.6419790000  -40.0076416500  0.1390052413  -39.8686364087
1934.7761160000  -40.0047037000  0.1360689599  -39.8686347401
1938.9102530000  -40.0018394300  0.1332058743  -39.8686335557
1943.0443900000  -39.9990656100  0.1304329919  -39.8686326181
1947.1785270000  -39.9963957500  0.1277637261  -39.8686320239
1951.3126640000  -39.9938399700  0.1252084777  -39.8686314923
1955.4468010000  -39.9914062700  0.1227751417  -39.8686311283
1959.5809380000  -39.9891003900  0.1204695300  -39.8686308600
1963.7150750000  -39.9869264200  0.1182957393  -39.8686306807
1967.8492120000  -39.9848870400  0.1162564588  -39.8686305812
1971.9833490000  -39.9829838300  0.1143532403  -39.8686305897
1976.1174860000  -39.9812172800  0.1125866900  -39.8686305900
1980.2516230000  -39.9795872700  0.1109566733  -39.8686305967
1984.3857600000  -39.9780930800  0.1094624389  -39.8686306411
1988.5198970000  -39.9767334500  0.1081027390  -39.8686307110
1992.6540340000  -39.9755067900  0.1068759802  -39.8686308098
1996.7881710000  -39.9744112200  0.1057802884  -39.8686309316
2000.9223080000  -39.9734446500  0.1048135766  -39.8686310734
2005.0564450000  -39.9726048400  0.1039736058  -39.8686312342
2009.1905820000  -39.9718892900  0.1032580201  -39.8686312699
2013.3247190000  -39.9712965300  0.1026644529  -39.8686320771
2017.4588560000  -39.9708227400  0.1021904958  -39.8686322442
2021.5929930000  -39.9704661400  0.1018337216  -39.8686324184
2025.7271300000  -39.9702243800  0.1015917750  -39.8686326050
2029.8612670000  -39.9700951700  0.1014623663  -39.8686328037
2033.9954040000  -39.9700762900  0.1014432936  -39.8686329964
2038.1295410000  -39.9701658200  0.1015324841  -39.8686333359
2042.2636780000  -39.9703614600  0.1017279751  -39.8686334849
2046.3978150000  -39.9706615600  0.1020279305  -39.8686336295
2050.5319520000  -39.9710639600  0.1024306711  -39.8686332889
2054.6660890000  -39.9715681900  0.1029347272  -39.8686334628
2058.8002260000  -39.9721724600  0.1035388421  -39.8686336179
2062.9343630000  -39.9728756900  0.1042419336  -39.8686337564
2067.0685000000  -39.9736770100  0.1050431317  -39.8686338783
2071.2026370000  -39.9745757700  0.1059417815  -39.8686339885
