-2.6453000145920669e-07
7.0973546999653081e-04
2.8347354700031246e-03
6.3587354700018750e-03
1.1253735470006632e-02
1.7474735469988900e-02
2.4962735469983954e-02
3.3646735470000522e-02
4.3439735470002461e-02
5.4242735469983927e-02
6.5945735469995270e-02
7.8423735470011025e-02
9.1544735469994976e-02
1.0516673546999300e-01
1.1913973546998591e-01
1.3330973546999303e-01
1.4751973546998443e-01
1.6161173546998953e-01
1.7543073547000176e-01
1.8882373547000952e-01
2.0164773547000436e-01
2.1376773546998606e-01
2.2506173547000685e-01
2.3542073547000086e-01
2.4475373546999890e-01
2.5298573546999137e-01
2.6005973547000849e-01
2.6594073546999653e-01
2.7060973547000344e-01
2.7406773546999830e-01
2.7633473546998744e-01
2.7744573546999618e-01
2.7745073546998356e-01
2.7641573547001030e-01
2.7441373547000580e-01
2.7153173547000620e-01
2.6785873546998573e-01
2.6349273547000962e-01
2.5853273546999844e-01
2.5307773546998646e-01
2.4722873547000290e-01
2.4108373546999928e-01
2.3473573546999660e-01
2.2827573546999247e-01
2.2178973546999714e-01
2.1535573546998421e-01
2.0904773546999422e-01
2.0293273547000013e-01
1.9707173546999002e-01
1.9151773547000062e-01
1.8631873546999600e-01
1.8151573546998634e-01
1.7714273546999948e-01
1.7322973546998810e-01
1.6979773546998445e-01
1.6686473546999991e-01
1.6444173547000673e-01
1.6253773547001060e-01
1.6115273547001152e-01
1.6028373546998864e-01
1.5992473546998554e-01
1.6006273547000660e-01
1.6068473546999940e-01
1.6177073546998599e-01
1.6329873546999352e-01
1.6524173547000487e-01
1.6757373547000043e-01
1.7026173547000667e-01
1.7327173546999575e-01
1.7656773547000171e-01
1.8011273547000428e-01
1.8386573546999330e-01
1.8778573546998700e-01
1.9182873547001122e-01
1.9595273547000147e-01
2.0011273546998609e-01
2.0426373546999343e-01
2.0836073546999501e-01
2.1235873546999073e-01
2.1621373547000644e-01
2.1988373547000606e-01
2.2332673547001036e-01
2.2650173547000918e-01
2.2937073546998477e-01
2.3189973546999454e-01
2.3405573547000813e-01
2.3580973546998507e-01
2.3713473546999353e-01
2.3801173546999621e-01
2.3842273547001014e-01
2.3835373546998539e-01
2.3779973546999145e-01
2.3675673547000997e-01
2.3522873547000245e-01
2.3322173547001057e-01
2.3074973546999900e-01
2.2783173547000501e-01
2.2448873547000403e-01
2.2075073547000557e-01
2.1664873546998820e-01
2.1221973547000061e-01
2.0750173547000372e-01
2.0253873547000012e-01
1.9737573546998988e-01
1.9205973546999644e-01
1.8663973547000978e-01
1.8116673546998641e-01
1.7568973547000155e-01
1.7025973547001172e-01
1.6492473547000941e-01
1.5973473547001049e-01
1.5473573546998409e-01
1.4997273546998713e-01
1.4548773546999882e-01
1.4131873547000851e-01
1.3750273547000802e-01
1.3407173547000184e-01
1.3105373547000454e-01
1.2847373547000984e-01
1.2635073546999820e-01
1.2469873546999111e-01
1.2352873546998921e-01
1.2284573547000832e-01
1.2264773546999663e-01
1.2292973546999519e-01
1.2368073547000336e-01
1.2488273547000972e-01
1.2651473547001046e-01
1.2854873546999102e-01
1.3095273547000374e-01
1.3368873547000248e-01
1.3671573547000548e-01
1.3998773546998677e-01
1.4345673547001070e-01
1.4707073547000959e-01
1.5077773547000106e-01
1.5452273547001028e-01
1.5825473546999547e-01
1.6191873547001023e-01
1.6546673547000523e-01
1.6885073546998797e-01
1.7202873547000763e-01
1.7496373546998711e-01
1.7762273547000973e-01
1.7998373546998891e-01
1.8202773547000106e-01
1.8374573546998363e-01
1.8513673546999598e-01
1.8620473546999960e-01
1.8696473546998504e-01
1.8743573546998960e-01
1.8764373547000446e-01
1.8762173547000316e-01
1.8740273546998765e-01
1.8702873546999399e-01
1.8653773547001151e-01
1.8597373546998597e-01
1.8537673546998690e-01
1.8478673546999858e-01
1.8424173547001033e-01
1.8377473546999568e-01
1.8341573546999257e-01
1.8319073546999221e-01
1.8311773547000598e-01
1.8321173546999603e-01
1.8347973547000151e-01
1.8392373546998897e-01
1.8454173546999186e-01
1.8532473547000450e-01
1.8625873547000538e-01
1.8732673547000900e-01
1.8850573546998817e-01
1.8977073547000600e-01
1.9109673546998351e-01
1.9245373546999645e-01
1.9381173547000685e-01
1.9514373546999764e-01
1.9641873546999022e-01
1.9760973546999594e-01
1.9869273546999011e-01
1.9964273547000744e-01
2.0044073547001062e-01
2.0106873546998827e-01
2.0151373547000162e-01
2.0176673546998813e-01
2.0181973546999643e-01
2.0166973547000566e-01
2.0131873547001078e-01
2.0076873547000673e-01
2.0002673547000427e-01
1.9910273547000656e-01
1.9800773546998585e-01
1.9675373546999708e-01
1.9535673546999988e-01
1.9383173546998478e-01
1.9219573546999413e-01
1.9046373546999007e-01
1.8865273546998651e-01
1.8677873546999990e-01
1.8485773546998985e-01
1.8290473547000374e-01
1.8093173547001129e-01
1.7895273547000556e-01
1.7697973546998469e-01
1.7502373547000616e-01
1.7309373546999041e-01
1.7119873546999997e-01
1.6934773546998372e-01
1.6754973547000418e-01
1.6581173546998684e-01
1.6414073546999930e-01
1.6254673546998788e-01
1.6103573546999428e-01
1.5961873546999072e-01
1.5830373546998544e-01
1.5710073547001002e-01
1.5601973547001080e-01
1.5507173546998843e-01
1.5426773547000039e-01
1.5361873546999050e-01
1.5313573546998782e-01
1.5282973546999301e-01
1.5270973547001176e-01
1.5278673546998789e-01
1.5306573546999402e-01
1.5355473547000997e-01
1.5425573547000226e-01
1.5517273546998922e-01
1.5630173547000936e-01
1.5764173547000837e-01
1.5918373547000897e-01
1.6091773547000798e-01
1.6283273547000476e-01
1.6490973546999044e-01
1.6713073547001045e-01
1.6947173547001171e-01
1.7190773547000049e-01
1.7441073546999064e-01
1.7694973547000359e-01
1.7949173547000896e-01
1.8200173547000986e-01
1.8444473547000939e-01
1.8678573547001065e-01
1.8898673546999589e-01
1.9101273546999664e-01
1.9282973546998505e-01
1.9440673547001097e-01
1.9571273547001056e-01
1.9672373546998756e-01
1.9741673547000005e-01
1.9777473547000568e-01
1.9778773547000128e-01
1.9744873547000452e-01
1.9676073547000783e-01
1.9572873546999858e-01
1.9436873546999323e-01
1.9270073546999811e-01
1.9075073547000443e-01
1.8855273547001161e-01
1.8614373547001151e-01
1.8356773547000671e-01
1.8087073546999477e-01
1.7810273546999156e-01
1.7531373546998452e-01
1.7255873547000533e-01
1.6988773546998459e-01
1.6735273546998997e-01
1.6500273547001143e-01
1.6288273546999221e-01
1.6103573546999428e-01
1.5949973547000695e-01
1.5830473547001134e-01
1.5747973546999106e-01
1.5704373547001182e-01
1.5701173547000735e-01
1.5739173546998586e-01
1.5818473547000167e-01
1.5938673547000803e-01
1.6098673547000431e-01
1.6296973546999993e-01
1.6531173546999867e-01
1.6798773547000678e-01
1.7096673546998886e-01
1.7421273547000737e-01
1.7768673546999025e-01
1.8134773546998417e-01
1.8515173546998653e-01
1.8905173547000231e-01
1.9300273547000302e-01
1.9695373547000372e-01
2.0085873547000688e-01
2.0466873546999409e-01
2.0833673546999876e-01
2.1181673546999491e-01
2.1506473547000837e-01
2.1803973547000055e-01
2.2070273546998465e-01
2.2301773546999470e-01
2.2495273546999783e-01
2.2647973547000788e-01
2.2757573546999765e-01
2.2822073546998922e-01
2.2840273546998446e-01
2.2811073547001115e-01
2.2734373546998654e-01
2.2610273546999338e-01
2.2439573547001146e-01
2.2223573547000797e-01
2.1964273546998925e-01
2.1663873546998502e-01
2.1325373547000481e-01
2.0951973546999625e-01
2.0547573547000297e-01
2.0116073547001179e-01
1.9661973546999434e-01
1.9189873547000502e-01
1.8704673547000539e-01
1.8211373547001131e-01
1.7714873546998433e-01
1.7220373546999213e-01
1.6732673546999877e-01
1.6256773546999170e-01
1.5797273546999691e-01
1.5358573546998855e-01
1.4944873547000270e-01
1.4560073546999774e-01
1.4207473547000404e-01
1.3890173547000018e-01
1.3610873547000324e-01
1.3371673546998863e-01
1.3174373546999618e-01
1.3019973547000063e-01
1.2909473547000516e-01
1.2842973547000724e-01
1.2820273546998351e-01
1.2840773547000595e-01
1.2903173546999369e-01
1.3005973546998462e-01
1.3147273546999827e-01
1.3324573546998408e-01
1.3535173547001023e-01
1.3776073547001033e-01
1.4043973547001087e-01
1.4335373546998653e-01
1.4646373547000735e-01
1.4973273546999621e-01
1.5311973546999980e-01
1.5658373547000792e-01
1.6008473547000790e-01
1.6358173546998955e-01
1.6703673546999198e-01
1.7040973547000249e-01
1.7366573546999575e-01
1.7676973547000330e-01
1.7968973546999223e-01
1.8239973546999977e-01
1.8487173547001134e-01
1.8708573546999219e-01
1.8902373546998774e-01
1.9067173547000493e-01
1.9202073547000964e-01
1.9306573546998607e-01
1.9380573546999358e-01
1.9424373546999618e-01
1.9438673547000462e-01
1.9424673546998861e-01
1.9383873546999553e-01
1.9317873546998499e-01
1.9228973546998418e-01
1.9119373546999441e-01
1.8991773547000435e-01
1.8848773547000519e-01
1.8693373547000647e-01
1.8528373546999433e-01
1.8356873547000419e-01
1.8181973546998620e-01
1.8006473547001178e-01
1.7833373547000519e-01
1.7665373546998353e-01
1.7505173546999231e-01
1.7355173546999936e-01
1.7217773547000093e-01
1.7094873547000589e-01
1.6988373546999469e-01
1.6899873546998379e-01
1.6830573546999972e-01
1.6781473546998882e-01
1.6753473546998521e-01
1.6746873547000973e-01
1.6762073546999545e-01
1.6798873547000426e-01
1.6857073546998436e-01
1.6936173547000521e-01
1.7035273547000429e-01
1.7153373547000683e-01
1.7289473547000966e-01
1.7442073546999382e-01
1.7609673546999716e-01
1.7790773547000072e-01
1.7983373546999815e-01
1.8185673547000647e-01
1.8395873546998587e-01
1.8611773546999189e-01
1.8831473546998723e-01
1.9052773546999902e-01
1.9273573546999501e-01
1.9491973546999475e-01
1.9705773546999694e-01
1.9912973546999524e-01
2.0111873547000414e-01
2.0300373546999140e-01
2.0476773546999993e-01
2.0639473546998488e-01
2.0786973546998411e-01
2.0917673547000959e-01
2.1030373547000636e-01
2.1123973547000219e-01
2.1197473546999390e-01
2.1249873547000675e-01
2.1280773546999399e-01
2.1289473547000171e-01
2.1275773547000654e-01
2.1239473546998511e-01
2.1180773546998921e-01
2.1099773546998790e-01
2.0996873546999950e-01
2.0872973547000129e-01
2.0728573547000906e-01
2.0564973546998999e-01
2.0383273547000158e-01
2.0184673546998511e-01
1.9970973547000881e-01
1.9743673547000640e-01
1.9504673546998674e-01
1.9255973546998462e-01
1.8999573547000637e-01
1.8737573546999897e-01
1.8472173546999215e-01
1.8205873547000806e-01
1.7940673546999619e-01
1.7679173547000460e-01
1.7423373547001120e-01
1.7175773547000972e-01
1.6938473547000399e-01
1.6713673546999530e-01
1.6503173546999506e-01
1.6309073547000708e-01
1.6132973546999096e-01
1.5976473546999159e-01
1.5840773547000708e-01
1.5727173547000461e-01
1.5636373546999494e-01
1.5569073546998879e-01
1.5525673547000451e-01
1.5506073546998778e-01
1.5510173546999795e-01
1.5537373546999333e-01
1.5586973546999161e-01
1.5657773546999465e-01
1.5748573547000433e-01
1.5857773547000420e-01
1.5983373546998791e-01
1.6123673546999839e-01
1.6276373547000844e-01
1.6439173546999086e-01
1.6609873547000120e-01
1.6785973546998889e-01
1.6965173546998358e-01
1.7145173546998649e-01
1.7323573547000137e-01
1.7498273546999599e-01
1.7667273546999240e-01
1.7828673547001017e-01
1.7980873547000442e-01
1.8122273546998713e-01
1.8251673546998859e-01
1.8367873547001068e-01
1.8469973546999086e-01
1.8557373547000111e-01
1.8629373547000228e-01
1.8685773546999940e-01
1.8726373546999753e-01
1.8750973547000171e-01
1.8759873547000439e-01
1.8753273547000049e-01
1.8731573547000835e-01
1.8695373546998439e-01
1.8645273546999874e-01
1.8582073547000277e-01
1.8506873546999714e-01
1.8420473546999006e-01
1.8324173547000555e-01
1.8219173546998491e-01
1.8106773547000898e-01
1.7988473547001149e-01
1.7865673546998551e-01
1.7739973547000432e-01
1.7612673547000668e-01
1.7485373547000904e-01
1.7359573547000196e-01
1.7236773547000439e-01
1.7118273546998353e-01
1.7005473546998928e-01
1.6899473546999388e-01
1.6801673546999041e-01
1.6712873546998708e-01
1.6634073546998707e-01
1.6566173546999607e-01
1.6509873546999643e-01
1.6465573547000645e-01
1.6433773546998509e-01
1.6414873547000752e-01
1.6408873546998848e-01
1.6415973547000817e-01
1.6435873546998891e-01
1.6468373546999260e-01
1.6513273546999585e-01
1.6569873546998792e-01
1.6637573546998397e-01
1.6715773546999912e-01
1.6803673546999676e-01
1.6900373546999958e-01
1.7004873547000443e-01
1.7116273547000560e-01
1.7233573546999992e-01
1.7355673546998673e-01
1.7481773546998625e-01
1.7610773546999781e-01
1.7741773546998729e-01
1.7873973547000332e-01
1.8006573547000926e-01
1.8138873546999434e-01
1.8270273547000215e-01
1.8400173546999099e-01
1.8528073547000190e-01
1.8653673546998562e-01
1.8776673547000655e-01
1.8896773546998702e-01
1.9013773546998891e-01
1.9127573546998633e-01
1.9238073547001022e-01
1.9344973547001132e-01
1.9448273546998962e-01
1.9547873547000449e-01
1.9643473547000667e-01
1.9734973546999868e-01
1.9822073546998809e-01
1.9904473547001089e-01
1.9981973546998688e-01
2.0053973546998805e-01
2.0120273546999101e-01
2.0180173546998503e-01
2.0233373547000610e-01
2.0279273546998411e-01
2.0317273546999104e-01
2.0347073547000605e-01
2.0367973546998996e-01
2.0379773547000468e-01
2.0381873547000851e-01
2.0373973547000901e-01
2.0355973547000872e-01
2.0327673546998426e-01
2.0288873546999753e-01
2.0239673546998915e-01
2.0180273547001093e-01
2.0110773547000349e-01
2.0031473546998768e-01
1.9942773547001025e-01
1.9844873547000930e-01
1.9738473546999558e-01
1.9623773546999246e-01
1.9501373546998479e-01
1.9371673546999091e-01
1.9235173546999818e-01
1.9092073547000155e-01
1.8942973546998587e-01
1.8788073547000295e-01
1.8627673546998835e-01
1.8462173546998883e-01
1.8291873546999682e-01
1.8117073547000473e-01
1.7937973547000752e-01
1.7755173546999004e-01
1.7569173546999650e-01
1.7380473546998587e-01
1.7189873546999479e-01
1.6998173547000306e-01
1.6806373546998543e-01
1.6615673546999687e-01
1.6427373547000457e-01
1.6242973546999906e-01
1.6063873547000185e-01
1.5891973546999338e-01
1.5728773546999264e-01
1.5576273547000596e-01
1.5436173546999044e-01
1.5310173546998840e-01
1.5200073547001125e-01
1.5107473546999017e-01
1.5033573547000856e-01
1.4979773547000264e-01
1.4946973547000653e-01
1.4935973547000003e-01
1.4946973547000653e-01
1.4980273546999001e-01
1.5035473546998901e-01
1.5112073546998772e-01
1.5209073547001140e-01
1.5325373547000254e-01
1.5459273547000407e-01
1.5608973547000460e-01
1.5772473546999777e-01
1.5947273546998986e-01
1.6130973546998462e-01
1.6320973546999085e-01
1.6514673546998893e-01
1.6709273546999270e-01
1.6902273547000846e-01
1.7091173546998562e-01
1.7273473546998730e-01
1.7446973546998379e-01
1.7609873546999211e-01
1.7760273547000338e-01
1.7896873546999359e-01
1.8018473546999303e-01
1.8124173546999600e-01
1.8213373546998923e-01
1.8285873547000620e-01
1.8341573546999257e-01
1.8380773546999762e-01
1.8403973547000874e-01
1.8411773547001076e-01
1.8405273547000434e-01
1.8385273546999770e-01
1.8353273547000981e-01
1.8310473547001038e-01
1.8258473546998744e-01
1.8198673546999089e-01
1.8132773547000625e-01
1.8062373546999311e-01
1.7989173546999382e-01
1.7914873546999388e-01
1.7841073547000974e-01
1.7769373547000100e-01
1.7701173546998916e-01
1.7637873546999572e-01
1.7580873546998532e-01
1.7531073546999210e-01
1.7489673546998574e-01
1.7457173547001048e-01
1.7434373546998927e-01
1.7421573546999980e-01
1.7418973547000860e-01
1.7426573546998725e-01
1.7444073547000016e-01
1.7471073547000060e-01
1.7506873547000623e-01
1.7550873547000378e-01
1.7601873546999514e-01
1.7658873547000553e-01
1.7720473546998505e-01
1.7785473546999242e-01
1.7852273547001118e-01
1.7919473546999143e-01
1.7985473547000197e-01
1.8048773546999541e-01
1.8107673546998626e-01
1.8160773547000986e-01
1.8206573546999039e-01
1.8243873546998657e-01
1.8271473547000028e-01
1.8288373546999992e-01
1.8293673547000822e-01
1.8286673546998600e-01
1.8267073546999768e-01
1.8234773546998895e-01
1.8189673546999074e-01
1.8132173546999297e-01
1.8062873547000891e-01
1.7982673546998740e-01
1.7892573546998847e-01
1.7793973547000519e-01
1.7688273547000222e-01
1.7577373546998842e-01
1.7462973547000615e-01
1.7347173547000239e-01
1.7232073547000937e-01
1.7119773547000250e-01
1.7012373546998560e-01
1.6912173546998588e-01
1.6821173547000967e-01
1.6741473547000396e-01
1.6674773547001109e-01
1.6623073547000899e-01
1.6587873546998821e-01
1.6570373547000372e-01
1.6571973546999175e-01
1.6593473546998894e-01
1.6635673547000351e-01
1.6698873546999948e-01
1.6783273547000022e-01
1.6888773547000824e-01
1.7014973547000523e-01
1.7161273547000633e-01
1.7326673547000837e-01
1.7510073547001070e-01
1.7709973546999436e-01
1.7924673547000225e-01
1.8152273546999709e-01
1.8390673547000347e-01
1.8637473546999672e-01
1.8890073546998565e-01
1.9145973547000494e-01
1.9402173546998824e-01
1.9655973547000372e-01
1.9904373546998499e-01
2.0144373547000782e-01
2.0373173547000079e-01
2.0587873547000868e-01
2.0785773546998598e-01
2.0964273546999834e-01
2.1120973546999267e-01
2.1253773546999355e-01
2.1360773546999212e-01
2.1440373547000036e-01
2.1491173546999676e-01
2.1512373547000152e-01
2.1503373547000137e-01
2.1463773547000642e-01
2.1393773547001160e-01
2.1293773547000683e-01
2.1164573547000032e-01
2.1007173546999525e-01
2.0823173547000806e-01
2.0613973547000342e-01
2.0381673546998513e-01
2.0128273546998798e-01
1.9856073547001074e-01
1.9567573546999029e-01
1.9265273547000561e-01
1.8951973546998602e-01
1.8630273547000797e-01
1.8302873547000331e-01
1.7972773547000997e-01
1.7642673546998822e-01
1.7315173546998608e-01
1.6993173546998719e-01
1.6679273547001117e-01
1.6376073546999237e-01
1.6086073547000979e-01
1.5811673547000282e-01
1.5555273546999615e-01
1.5319073546999107e-01
1.5105073546999392e-01
1.4915373547000854e-01
1.4751573546999452e-01
1.4615473546999169e-01
1.4508373546999564e-01
1.4431573547000198e-01
1.4386073546998546e-01
1.4372573546998524e-01
1.4391573546998870e-01
1.4443473546998575e-01
1.4527973546998396e-01
1.4644973546998585e-01
1.4793673547001163e-01
1.4973173546999874e-01
1.5182173547000843e-01
1.5419173546999332e-01
1.5682273547000136e-01
1.5969373547000032e-01
1.6277973546999647e-01
1.6605573546999608e-01
1.6949173546998964e-01
1.7305773546999603e-01
1.7672173547001080e-01
1.8044973547000609e-01
1.8420773547001090e-01
1.8796073546999992e-01
1.9167273547000718e-01
1.9530973547000485e-01
1.9883573546999855e-01
2.0221773546998634e-01
2.0542173546999720e-01
2.0841773546999320e-01
2.1117573546999324e-01
2.1366773547001117e-01
2.1586873546999641e-01
2.1775573547000704e-01
2.1930873547000829e-01
2.2050973546998875e-01
2.2134573547000969e-01
2.2180573546998517e-01
2.2188173546999224e-01
2.2156973546998415e-01
2.2087073546998681e-01
2.1978573546999769e-01
2.1832373546999406e-01
2.1649473547000753e-01
2.1431273547000274e-01
2.1179573546999109e-01
2.0896373547000735e-01
2.0584273546998588e-01
2.0245873547000315e-01
1.9884273547000930e-01
1.9502773547000629e-01
1.9104873546999102e-01
1.8694373547000964e-01
1.8275073546999465e-01
1.7851073546998464e-01
1.7426373546999230e-01
1.7005273546999433e-01
1.6591773547000344e-01
1.6189973547000136e-01
1.5803973546999828e-01
1.5437573546998351e-01
1.5094373547000828e-01
1.4777873546998421e-01
1.4491073547000610e-01
1.4236673547000578e-01
1.4017273547000286e-01
1.3834673547000875e-01
1.3690373546998558e-01
1.3585373546999335e-01
1.3520173546999104e-01
1.3494873547000452e-01
1.3508873546999212e-01
1.3561173547000749e-01
1.3650273547000324e-01
1.3774273546999893e-01
1.3930773546999831e-01
1.4117073546998427e-01
1.4330073547000666e-01
1.4566473547000669e-01
1.4822773546998746e-01
1.5095473547000893e-01
1.5380873546999396e-01
1.5675273547000756e-01
1.5975173546999599e-01
1.6277273546998572e-01
1.6578073547000827e-01
1.6874873546998970e-01
1.7164773547000323e-01
1.7445373546999576e-01
1.7714573546999191e-01
1.7970573547000868e-01
1.8211773547000121e-01
1.8436973546999980e-01
1.8645373546999622e-01
1.8836173547001067e-01
1.9008973546999641e-01
1.9163673546998439e-01
1.9300273547000302e-01
1.9418873546999293e-01
1.9519873547000088e-01
1.9603773546998582e-01
1.9671173546998943e-01
1.9722773546999406e-01
1.9759373547000791e-01
1.9781773547001080e-01
1.9790973547000590e-01
1.9787873546999890e-01
1.9773573546999046e-01
1.9748973546998627e-01
1.9715373547001036e-01
1.9673773547000906e-01
1.9625173546998553e-01
1.9570773546999476e-01
1.9511673547000896e-01
1.9448873547000289e-01
1.9383373547000815e-01
1.9316173546999948e-01
1.9248173547001102e-01
1.9180273546999160e-01
1.9113173547000883e-01
1.9047573546998819e-01
1.8984073546999980e-01
1.8923173547000260e-01
1.8865273546998651e-01
1.8810573547000331e-01
1.8759173546999364e-01
1.8711273547000928e-01
1.8666673546999846e-01
1.8625273546999210e-01
1.8586773546999780e-01
1.8550973546999217e-01
1.8517473546998531e-01
1.8485873546998732e-01
1.8455773547000831e-01
1.8426773547000153e-01
1.8398473547000549e-01
1.8370373547000440e-01
1.8342373547000079e-01
1.8313973547000728e-01
1.8285073546999797e-01
1.8255473547000634e-01
1.8224973547000900e-01
1.8193573547000597e-01
1.8161073547000228e-01
1.8127573546999542e-01
1.8092973546998792e-01
1.8057373547000566e-01
1.8020573546999685e-01
1.7982473546999245e-01
1.7943173546998992e-01
1.7902373546999684e-01
1.7859873546998983e-01
1.7815573546999985e-01
1.7769073547000858e-01
1.7720073546999515e-01
1.7668473546999053e-01
1.7613873547000480e-01
1.7556073546998618e-01
1.7494873546999656e-01
1.7430373547000499e-01
1.7362373546998811e-01
1.7291173546999516e-01
1.7217173546998765e-01
1.7140873547000979e-01
1.7062873546998958e-01
1.6984173546998704e-01
1.6905773547000535e-01
1.6828873546998580e-01
1.6754973547000418e-01
1.6685473546999674e-01
1.6621973547000835e-01
1.6566273546999355e-01
1.6520073546999470e-01
1.6484773547000486e-01
1.6462173547000702e-01
1.6453673546999426e-01
1.6460373546999563e-01
1.6483373547001179e-01
1.6523273546999917e-01
1.6580573547000199e-01
1.6655073546999688e-01
1.6746573546998889e-01
1.6854173547000073e-01
1.6976673547000587e-01
1.7112473546998785e-01
1.7259573546999718e-01
1.7415673547000665e-01
1.7578073546999917e-01
1.7744073546998607e-01
1.7910473546999128e-01
1.8074173547000782e-01
1.8232073547000027e-01
1.8381073546999005e-01
1.8518273546999353e-01
1.8640773546999867e-01
1.8746373547000417e-01
1.8832773547001125e-01
1.8898473547000094e-01
1.8942073547000859e-01
1.8962973546999251e-01
1.8960573546999626e-01
1.8935073546998638e-01
1.8886973547000707e-01
1.8817173547000721e-01
1.8726973547001080e-01
1.8618073547000336e-01
1.8492273546999627e-01
1.8351573546999589e-01
1.8198373546999846e-01
1.8035073547000025e-01
1.7864173546999496e-01
1.7688173547000474e-01
1.7509773546998986e-01
1.7331373547000339e-01
1.7155573547000813e-01
1.6984873546999779e-01
1.6821573546999957e-01
1.6667873546998635e-01
1.6525973546998785e-01
1.6397873547001041e-01
1.6285173546998521e-01
1.6189773547000641e-01
1.6112973546998433e-01
1.6056173546999730e-01
1.6020373546999167e-01
1.6006373547000408e-01
1.6014973546998590e-01
1.6046373546998893e-01
1.6100773547000813e-01
1.6178173546998664e-01
1.6278173546999142e-01
1.6400073547001170e-01
1.6543173547000833e-01
1.6706173546998571e-01
1.6887873547000254e-01
1.7086473546999059e-01
1.7300273546999279e-01
1.7526973547001035e-01
1.7764473547001103e-01
1.8010073547000616e-01
1.8261373546999948e-01
1.8515373547000991e-01
1.8769373546999191e-01
1.9020373546999281e-01
1.9265573546999804e-01
1.9502073546999554e-01
1.9726973547000171e-01
1.9937673546999690e-01
2.0131773546998488e-01
2.0306673547000287e-01
2.0460573547001104e-01
2.0591573547000053e-01
2.0698073547001172e-01
2.0778973546998714e-01
2.0833273547000886e-01
2.0860573547000172e-01
2.0860673546999919e-01
2.0833573547000128e-01
2.0779773546999536e-01
2.0700173546998712e-01
2.0595573546998480e-01
2.0467473547000736e-01
2.0317473546998599e-01
2.0147273546999145e-01
1.9958873547000167e-01
1.9754473546998952e-01
1.9536273546998473e-01
1.9306573546998607e-01
1.9068073547001063e-01
1.8822873547000540e-01
1.8573773546998495e-01
1.8322873547000995e-01
1.8072873546998380e-01
1.7825773546999812e-01
1.7583973546999232e-01
1.7349373547000368e-01
1.7123973547001015e-01
1.6909473546999720e-01
1.6707473547000973e-01
1.6519273546998647e-01
1.6346173547000831e-01
1.6189073546999566e-01
1.6048673546998771e-01
1.5925873546999014e-01
1.5820773547000044e-01
1.5733773547000851e-01
1.5664873546998592e-01
1.5614073546998952e-01
1.5581173546999594e-01
1.5565673546998937e-01
1.5567173547000834e-01
1.5585173547000863e-01
1.5618973547000792e-01
1.5667773546999797e-01
1.5730873546999646e-01
1.5807273547000023e-01
1.5896173547000103e-01
1.5996573546999571e-01
1.6107373546998360e-01
1.6227473546999249e-01
1.6355873546999078e-01
1.6491173546998539e-01
1.6632373547000157e-01
1.6777973546999192e-01
1.6926873546998422e-01
1.7077573546998792e-01
1.7228773547000742e-01
1.7379173546999027e-01
1.7527473546999772e-01
1.7672373547000575e-01
1.7812773546998528e-01
1.7947573546999251e-01
1.8075673546999838e-01
1.8196373546999212e-01
1.8308873546999394e-01
1.8412673546998803e-01
1.8507273546998704e-01
1.8592573546999347e-01
1.8668373546998396e-01
1.8734773546998440e-01
1.8791873546999227e-01
1.8840073546999747e-01
1.8879573546999495e-01
1.8910873547000051e-01
1.8934573546999900e-01
1.8951173547000622e-01
1.8961173547000953e-01
1.8965073546999633e-01
1.8963673547000326e-01
1.8957273546999431e-01
1.8946573547000867e-01
1.8932073547000527e-01
1.8914073547000498e-01
1.8893173546999265e-01
1.8869573546999163e-01
1.8843773546998932e-01
1.8815973547000908e-01
1.8786473546998650e-01
1.8755373547000431e-01
1.8722773547000315e-01
1.8688873547000640e-01
1.8653573546998814e-01
1.8616873547000523e-01
1.8578673547000335e-01
1.8538973547001092e-01
1.8497473547000709e-01
1.8453973546999691e-01
1.8408473547000881e-01
1.8360573546999603e-01
1.8310073546999206e-01
1.8256973546999689e-01
1.8200873546999219e-01
1.8141873547000387e-01
1.8079773547000855e-01
1.8014673547000370e-01
1.7946573546998934e-01
1.7875573546999135e-01
1.7802073546999964e-01
1.7726273547000915e-01
1.7648773547000474e-01
1.7569873547000725e-01
1.7490373546999649e-01
1.7410973547001163e-01
1.7332373547000657e-01
1.7255473546998701e-01
1.7181373547001044e-01
1.7110873546999983e-01
1.7045073546998424e-01
1.6985073546999274e-01
1.6931873547000009e-01
1.6886573547000694e-01
1.6850273546998551e-01
1.6823873546999835e-01
1.6808373546999178e-01
1.6804573547000246e-01
1.6813473547000513e-01
1.6835473546998969e-01
1.6871273546999532e-01
1.6921273546998350e-01
1.6985773547000349e-01
1.7064773546999845e-01
1.7158273546999681e-01
1.7265973547000613e-01
1.7387473547000809e-01
1.7522073546999195e-01
1.7669073547000380e-01
1.7827373546998615e-01
1.7995873546999519e-01
1.8173073546998353e-01
1.8357673546998399e-01
1.8547973547001106e-01
1.8742073546999904e-01
1.8938273546999085e-01
1.9134573547000855e-01
1.9328973546998895e-01
1.9519373546998509e-01
1.9703773546999059e-01
1.9880173546999913e-01
2.0046573547000435e-01
2.0201073546999737e-01
2.0341873546999523e-01
2.0467373547000989e-01
2.0575973546999649e-01
2.0666373546998784e-01
2.0737373546998583e-01
2.0788173547001065e-01
2.0817773547000229e-01
2.0825873546999674e-01
2.0812073547000409e-01
2.0776373546999594e-01
2.0718773547000069e-01
2.0639873547000320e-01
2.0540073546999338e-01
2.0420173547000786e-01
2.0280973546999803e-01
2.0123473546999548e-01
1.9948973546999582e-01
1.9758573546999969e-01
1.9553673547000017e-01
1.9335573546999285e-01
1.9105673546999924e-01
1.8865673547000483e-01
1.8616873547000523e-01
1.8360973546998594e-01
1.8099473546999434e-01
1.7834173546998500e-01
1.7566773547000025e-01
1.7299073546999466e-01
1.7032873547000804e-01
1.6769973546999495e-01
1.6512573546998510e-01
1.6262573546998738e-01
1.6021873547001064e-01
1.5792773546999683e-01
1.5577173547001166e-01
1.5377073547000464e-01
1.5194573547000800e-01
1.5031573547000221e-01
1.4889873546999866e-01
1.4771073546998537e-01
1.4676973547000216e-01
1.4608673546999285e-01
1.4567473547000986e-01
1.4554373546999955e-01
1.4570073547000106e-01
1.4614973547000432e-01
1.4689373547000173e-01
1.4793073546999835e-01
1.4925673547000429e-01
1.5086473547000878e-01
1.5274373547001119e-01
1.5487973546999001e-01
1.5725773547001154e-01
1.5985473546999174e-01
1.6264973546998363e-01
1.6561473547000105e-01
1.6872273546999850e-01
1.7194073547000244e-01
1.7523573547001092e-01
1.7857373546999611e-01
1.8191573546999962e-01
1.8522473547000118e-01
1.8846273547001147e-01
1.9159073546998684e-01
1.9457173546999229e-01
1.9736773547001008e-01
1.9994373546998645e-01
2.0226473547000978e-01
2.0430073546998528e-01
2.0602273546998617e-01
2.0740573546999030e-01
2.0842873546999385e-01
2.0907473547001132e-01
2.0933073546999026e-01
2.0918873547000771e-01
2.0864573546998599e-01
2.0770373547000531e-01
2.0636773546999621e-01
2.0465173547000859e-01
2.0256973547000712e-01
2.0014373546999309e-01
1.9739773546999118e-01
1.9436273547000837e-01
1.9106873546999736e-01
1.8755273547000684e-01
1.8385373546999517e-01
1.8001073547000601e-01
1.7606673546998763e-01
1.7206473547000201e-01
1.6804973546999236e-01
1.6406473546999223e-01
1.6015473547000170e-01
1.5636273546999746e-01
1.5272973546998969e-01
1.4929673546998856e-01
1.4610173547001182e-01
1.4317873547000204e-01
1.4056273546998455e-01
1.3827973547000738e-01
1.3635773546999985e-01
1.3481773546999420e-01
1.3367773547000183e-01
1.3295073546998992e-01
1.3264573546999259e-01
1.3276673546999973e-01
1.3331373547001135e-01
1.3428173547001165e-01
1.3566173546999494e-01
1.3743873546999907e-01
1.3959473546998424e-01
1.4210773547000599e-01
1.4494873546999543e-01
1.4808973546999482e-01
1.5149573547000728e-01
1.5513173547000747e-01
1.5895673546998523e-01
1.6293073546998471e-01
1.6701073547000078e-01
1.7115373546999990e-01
1.7531673547000537e-01
1.7945473546998869e-01
1.8352673546999654e-01
1.8748973546999537e-01
1.9130573546999585e-01
1.9493673547000867e-01
1.9834973547000345e-01
2.0151273547000415e-01
2.0440073546998860e-01
2.0698873546999152e-01
2.0925873547000151e-01
2.1119573546999959e-01
2.1279173547000596e-01
2.1403973547000987e-01
2.1494073547000880e-01
2.1549573547000023e-01
2.1571473546998732e-01
2.1560773547000167e-01
2.1519073547000289e-01
2.1448073547000490e-01
2.1350073547000648e-01
2.1227273547000891e-01
2.1082273547000341e-01
2.0917673547000959e-01
2.0736273546998518e-01
2.0540773547000413e-01
2.0334073546999321e-01
2.0118873546999794e-01
1.9897773547000952e-01
1.9673573546998568e-01
1.9448373546998710e-01
1.9224673547000748e-01
1.9004573546999382e-01
1.8789773546998845e-01
1.8582173547000025e-01
1.8383173546999387e-01
1.8194073546999334e-01
1.8016073546999678e-01
1.7849973546998399e-01
1.7696673546998909e-01
1.7556773546999693e-01
1.7430573546999995e-01
1.7318473546998803e-01
1.7220573546998708e-01
1.7136973546999457e-01
1.7067573546998460e-01
1.7012273546998813e-01
1.6970773546998430e-01
1.6942673547001164e-01
1.6927673546999245e-01
1.6925173546999872e-01
1.6934573546998877e-01
1.6955273547000616e-01
1.6986473546998582e-01
1.7027473547000227e-01
1.7077373546999297e-01
1.7135273547000907e-01
1.7200173546999054e-01
1.7271173546998853e-01
1.7347073547000491e-01
1.7426873547000810e-01
1.7509473546999743e-01
1.7593673547000321e-01
1.7678373546999637e-01
1.7762373547000720e-01
1.7844673547000411e-01
1.7924073546998898e-01
1.7999673546998451e-01
1.8070273546999260e-01
1.8134973547000754e-01
1.8193073546999017e-01
1.8243673546999162e-01
1.8286173546999862e-01
1.8319973546999790e-01
1.8344673546999957e-01
1.8359973547001118e-01
1.8365673547000938e-01
1.8361873546999163e-01
1.8348573546998637e-01
1.8326173546998348e-01
1.8294873547000634e-01
1.8255473547000634e-01
1.8208673546999421e-01
1.8155173547000913e-01
1.8096073546999492e-01
1.8032373547001157e-01
1.7965473546999533e-01
1.7896473547000369e-01
1.7826773547000130e-01
1.7757773547000966e-01
1.7690873546999342e-01
1.7627473547000250e-01
1.7569073546999903e-01
1.7516773546998365e-01
1.7471873547000882e-01
1.7435373546999244e-01
1.7408373546999201e-01
1.7391473546999237e-01
1.7385173547000932e-01
1.7390073546999929e-01
1.7405973546999576e-01
1.7432973546999619e-01
1.7470573546998480e-01
1.7518173547000515e-01
1.7574973546999217e-01
1.7639873547000207e-01
1.7711673547000828e-01
1.7788973546998932e-01
1.7870173546998558e-01
1.7953673547000903e-01
1.8037873546998640e-01
1.8120973546999153e-01
1.8201273547001051e-01
1.8277473546999090e-01
1.8347873547000404e-01
1.8411273546999496e-01
1.8466673546998891e-01
1.8513073547001113e-01
1.8549873546999152e-01
1.8576773546999448e-01
1.8593473546999917e-01
1.8600273546999802e-01
1.8597373546998597e-01
1.8585373547000472e-01
1.8564873547001071e-01
1.8536773547000962e-01
1.8502173547000211e-01
1.8461973546999388e-01
1.8417273546998558e-01
1.8369173547000628e-01
1.8318773546999978e-01
1.8267073546999768e-01
1.8215073547000316e-01
1.8163673546999348e-01
1.8113573547000783e-01
1.8065673546999506e-01
1.8020273547000443e-01
1.7978073546998985e-01
1.7939473546999807e-01
1.7904573546999814e-01
1.7873873547000585e-01
1.7847373546999279e-01
1.7825073546998738e-01
1.7807273547001046e-01
1.7793673546998434e-01
1.7784373546999177e-01
1.7779173547000937e-01
1.7777973547001125e-01
1.7780473547000497e-01
1.7786573546999307e-01
1.7795973547001154e-01
1.7808173546998773e-01
1.7823073547000945e-01
1.7839973547000909e-01
1.7858673546999171e-01
1.7878473547000340e-01
1.7898873546999994e-01
1.7919273546999648e-01
1.7939173547000564e-01
1.7957773546999078e-01
1.7974373546999800e-01
1.7988273546998812e-01
1.7998773547000724e-01
1.8005173546998776e-01
1.8006573547000926e-01
1.8002473546999909e-01
1.7992073547000587e-01
1.7974573546999295e-01
1.7949573546999886e-01
1.7916473547001033e-01
1.7874773547001155e-01
1.7824073546998420e-01
1.7764273546998766e-01
1.7695173546999854e-01
1.7616873546998590e-01
1.7529573547000155e-01
1.7433773547000442e-01
1.7330073547000779e-01
1.7219373546998895e-01
1.7102773547000538e-01
1.6981373547000089e-01
1.6856973546998688e-01
1.6731073547001074e-01
1.6605573546999608e-01
1.6482473547000609e-01
1.6364073547001112e-01
1.6252473546998658e-01
1.6149973546998808e-01
1.6058873546998598e-01
1.5981373547000999e-01
1.5919673547000457e-01
1.5875673547000702e-01
1.5851273546999778e-01
1.5847973546999583e-01
1.5867173546999425e-01
1.5909873546999620e-01
1.5976973547000739e-01
1.6068673546999435e-01
1.6185173547000886e-01
1.6326173547000167e-01
1.6491173546998539e-01
1.6679073546998779e-01
1.6888773547000824e-01
1.7118673547000185e-01
1.7366873546998818e-01
1.7631473546998677e-01
1.7910073547000138e-01
1.8200173547000986e-01
1.8498973546999764e-01
1.8803773547000446e-01
1.9111573546999239e-01
1.9419273547001126e-01
1.9723573547000228e-01
2.0021373546998689e-01
2.0309273546999407e-01
2.0583973546999346e-01
2.0842073546998563e-01
2.1080373546999454e-01
2.1295473546999233e-01
2.1484173547000296e-01
2.1643673547001185e-01
2.1770873546998359e-01
2.1863273547000972e-01
2.1918573547000619e-01
2.1934673546999761e-01
2.1910173546999090e-01
2.1843773546999046e-01
2.1734973547000891e-01
2.1583673546999194e-01
2.1390573547000713e-01
2.1156673547000082e-01
2.0883973547000778e-01
2.0574773546999836e-01
2.0232173547000798e-01
1.9859873547000007e-01
1.9462073547001069e-01
1.9043373547000897e-01
1.8608773547001078e-01
1.8163773546999096e-01
1.7713973547000705e-01
1.7264973547000295e-01
1.6822573547000275e-01
1.6392573547000211e-01
1.5980473547000429e-01
1.5591573546998916e-01
1.5230873547000101e-01
1.4902873547001150e-01
1.4611873546999732e-01
1.4361373546998379e-01
1.4154473547000634e-01
1.3993673547000185e-01
1.3880773547001013e-01
1.3817273546999331e-01
1.3803673546999562e-01
1.3840173546998358e-01
1.3926073547000328e-01
1.4060473546999219e-01
1.4241573546999575e-01
1.4467373547000761e-01
1.4735173547001068e-01
1.5041773547000048e-01
1.5383873547000348e-01
1.5757573547000447e-01
1.6158673546999580e-01
1.6582873547000077e-01
1.7025273547000097e-01
1.7481273546999887e-01
1.7945973547000449e-01
1.8414173547000701e-01
1.8880873546999055e-01
1.9341273546999105e-01
1.9790273546999515e-01
2.0223273547000531e-01
2.0635573546999808e-01
2.1022873546999676e-01
2.1381173546998866e-01
2.1706573546998698e-01
2.1995873546998723e-01
2.2245973547001086e-01
2.2454173546998391e-01
2.2618373546998782e-01
2.2736673546998531e-01
2.2807873547000668e-01
2.2830973546999189e-01
2.2805673547000538e-01
2.2731673546999787e-01
2.2609573547001105e-01
2.2439973547000136e-01
2.2224073546999534e-01
2.1963373546998355e-01
2.1659773547000327e-01
2.1315573546999644e-01
2.0933173546998773e-01
2.0515373546999172e-01
2.0065473547001034e-01
1.9586873546998618e-01
1.9083373546999383e-01
1.8558873546999166e-01
1.8017673546998481e-01
1.7464373546999923e-01
1.6903773546999901e-01
1.6340773547000254e-01
1.5780573546999221e-01
1.5228573547000224e-01
1.4690173547000995e-01
1.4170873546999019e-01
1.3676173547000303e-01
1.3211673546999236e-01
1.2782573546999743e-01
1.2394073547000062e-01
1.2051273546998686e-01
1.1758673546998466e-01
1.1520373547000418e-01
1.1340173547000632e-01
1.1221373546999303e-01
1.1166273546999150e-01
1.1176973547000557e-01
1.1254573547000746e-01
1.1399373546998959e-01
1.1611073546998796e-01
1.1888273547000949e-01
1.2228973546999100e-01
1.2630173547000823e-01
1.3087973546998910e-01
1.3597873546999040e-01
1.4154473547000634e-01
1.4751573546999452e-01
1.5382473547001041e-01
1.6039773546998504e-01
1.6715773546999912e-01
1.7402373547000138e-01
1.8091173547000494e-01
1.8773573546999955e-01
1.9441373546999330e-01
2.0086073547000183e-01
2.0699773546999722e-01
2.1275073546999579e-01
2.1804773547000877e-01
2.2282773546999124e-01
2.2703273547000435e-01
2.3061773546999120e-01
2.3354273546999593e-01
2.3578073547000145e-01
2.3731173547000139e-01
2.3812773546998756e-01
2.3822873546998835e-01
2.3762473547000695e-01
2.3633573546999287e-01
2.3438873546999162e-01
2.3181873547000009e-01
2.2866973546999247e-01
2.2498873546999221e-01
2.2082973547000506e-01
2.1625173546999577e-01
2.1131473547001178e-01
2.0608273547000522e-01
2.0062173547000839e-01
1.9499673546999929e-01
1.8927373547001025e-01
1.8351873546998831e-01
1.7779373547000432e-01
1.7216073546998700e-01
1.6667673546999140e-01
1.6139773546998981e-01
1.5637373546999811e-01
1.5165273547000879e-01
1.4727573547000361e-01
1.4328173546999778e-01
1.3970273546999579e-01
1.3656773547000967e-01
1.3389873546998388e-01
1.3171373546998666e-01
1.3002473546998772e-01
1.2884073546999275e-01
1.2816273546999923e-01
1.2798973547000969e-01
1.2831273546999000e-01
1.2912273546999131e-01
1.3040173547000222e-01
1.3212973546998796e-01
1.3428273547000913e-01
1.3683373546999178e-01
1.3974973546999081e-01
1.4299873547000175e-01
1.4654273547000685e-01
1.5034273546999088e-01
1.5435773547000053e-01
1.5854573546999973e-01
1.6286173546998839e-01
1.6726373546998730e-01
1.7170673546999637e-01
1.7614573546998713e-01
1.8053773547001128e-01
1.8484273546999930e-01
1.8901773547000289e-01
1.9302573547000179e-01
1.9683073547000163e-01
2.0039873547000298e-01
2.0370073546999379e-01
2.0670873546998791e-01
2.0940173547000995e-01
2.1175773547000176e-01
2.1376373546999616e-01
2.1540673546999756e-01
2.1667873546999772e-01
2.1757773547000170e-01
2.1810373547000950e-01
2.1826073547001101e-01
2.1805673546998605e-01
2.1750273546999210e-01
2.1661473546998877e-01
2.1540973546998998e-01
2.1390873546999956e-01
2.1213473546998785e-01
2.1011273547000542e-01
2.0787073547001000e-01
2.0543573546999028e-01
2.0283973547000755e-01
2.0011273546998609e-01
1.9728573546998973e-01
1.9439173546999200e-01
1.9146173546999989e-01
1.8852573546999452e-01
1.8561573547000876e-01
1.8276173546999530e-01
1.7999073546999966e-01
1.7732973547001052e-01
1.7480373546999317e-01
1.7243673547000071e-01
1.7024873547001107e-01
1.6825873547000469e-01
1.6648173547000056e-01
1.6493173546999174e-01
1.6361973547000730e-01
1.6255273547000115e-01
1.6173573546998909e-01
1.6117173546999197e-01
1.6085973546998389e-01
1.6079573547000336e-01
1.6097573547000366e-01
1.6138873546998411e-01
1.6202673546999335e-01
1.6287573547000989e-01
1.6392073546998631e-01
1.6514473546999398e-01
1.6653073546999053e-01
1.6805973546999553e-01
1.6971073547000515e-01
1.7146373546998461e-01
1.7329573546999200e-01
1.7518673546999253e-01
1.7711573547001080e-01
1.7905973546999121e-01
1.8099973547001014e-01
1.8291573547000439e-01
1.8478973546999100e-01
1.8660173546999204e-01
1.8833873546998348e-01
1.8998373547000824e-01
1.9152473547001136e-01
1.9294873546999725e-01
1.9424773546998608e-01
1.9541273547000060e-01
1.9643773546999910e-01
1.9731773546999420e-01
1.9805073546999097e-01
1.9863473546999444e-01
1.9907173546999957e-01
1.9936173547000635e-01
1.9950973547000217e-01
1.9951973547000534e-01
1.9939773547000073e-01
1.9914973547000159e-01
1.9878373546998773e-01
1.9830873546999328e-01
1.9773273546999803e-01
1.9706373547001022e-01
1.9631273547000205e-01
1.9548873547000767e-01
1.9460073547000434e-01
1.9365873546999524e-01
1.9267073546998859e-01
1.9164673546998756e-01
1.9059373547000291e-01
1.8951973546998602e-01
1.8843373546999942e-01
1.8734173546999955e-01
1.8624973546999968e-01
1.8516473547001056e-01
1.8409073546999366e-01
1.8303373546999069e-01
1.8199773546999154e-01
1.8098573546998864e-01
1.8000173547000031e-01
1.7904673546999561e-01
1.7812373546999538e-01
1.7723373546999710e-01
1.7637873546999572e-01
1.7555673546999628e-01
1.7476973546999375e-01
1.7401573546999316e-01
1.7329473546999452e-01
1.7260373547000540e-01
1.7194173546999991e-01
1.7130673547001152e-01
1.7069573546999095e-01
1.7010673547000010e-01
1.6953773546998718e-01
1.6898573546998819e-01
1.6844773547001068e-01
1.6792373546999784e-01
1.6740973546998816e-01
1.6690473546998419e-01
1.6640873546998591e-01
1.6592173546999334e-01
1.6544173547001151e-01
1.6497173547000443e-01
1.6451173547000053e-01
1.6406373546999475e-01
1.6363173547000542e-01
1.6321773546999907e-01
1.6282573546999402e-01
1.6245973547000858e-01
1.6212573546999920e-01
1.6182873547001009e-01
1.6157273547000273e-01
1.6136573546998534e-01
1.6121273547000214e-01
1.6112073547000705e-01
1.6109573546998490e-01
1.6114473547000330e-01
1.6127473546998772e-01
1.6148973546998491e-01
1.6179873547000057e-01
1.6220573546999617e-01
1.6271573546998752e-01
1.6333473546998789e-01
1.6406573546998970e-01
1.6491273547001128e-01
1.6587773546999074e-01
1.6696173547001081e-01
1.6816473546998623e-01
1.6948573547000478e-01
1.7092073546999131e-01
1.7246573546998434e-01
1.7411373547000153e-01
1.7585673547000624e-01
1.7768473546999530e-01
1.7958673546999648e-01
1.8154673546999334e-01
1.8355073546999279e-01
1.8558173547000933e-01
1.8762073547000568e-01
1.8964773547000391e-01
1.9164173547000019e-01
1.9358273546998817e-01
1.9544673547000002e-01
1.9721373547000098e-01
1.9886173546998975e-01
2.0037073546998840e-01
2.0172073546999059e-01
2.0289373546998490e-01
2.0387573547000670e-01
2.0465073547001111e-01
2.0520873546999496e-01
2.0554173547000687e-01
2.0564473547000262e-01
2.0551273546999482e-01
2.0514873547000434e-01
2.0455573546999517e-01
2.0373873547001153e-01
2.0270673547000229e-01
2.0147173546999397e-01
2.0004673547001062e-01
1.9844773547001182e-01
1.9668973546998814e-01
1.9479373547000023e-01
1.9277573547000770e-01
1.9065673546998596e-01
1.8845773546999567e-01
1.8619673546999138e-01
1.8389473547000534e-01
1.8156973546999211e-01
1.7924273546998393e-01
1.7693073546999472e-01
1.7465173547000745e-01
1.7242073546998427e-01
1.7025473546999592e-01
1.6816873547000455e-01
1.6617473547000827e-01
1.6428673547000017e-01
1.6251673547000678e-01
1.6087573547000034e-01
1.5937173546998906e-01
1.5801573547000203e-01
1.5681473546999314e-01
1.5577573547000156e-01
1.5490673547000711e-01
1.5421073547000219e-01
1.5369273547000262e-01
1.5335773546999576e-01
1.5320673547000752e-01
1.5324273547000189e-01
1.5346473547000983e-01
1.5387473546999786e-01
1.5446873547000450e-01
1.5524473547000639e-01
1.5619973547001109e-01
1.5732573547001039e-01
1.5861773546998847e-01
1.6006473547000155e-01
1.6165773546998707e-01
1.6338273547000881e-01
1.6522473546999095e-01
1.6716973546999725e-01
1.6919573546999800e-01
1.7128573547000769e-01
1.7341473547000419e-01
1.7555973546998871e-01
1.7769773546999090e-01
1.7979973546999872e-01
1.8184173546998750e-01
1.8379473547000202e-01
1.8563473546998921e-01
1.8733473546998880e-01
1.8887173547000202e-01
1.9022273547000168e-01
1.9136973547000480e-01
1.9229573546999745e-01
1.9298873547000994e-01
1.9343873547001067e-01
1.9364273547000721e-01
1.9359973547000209e-01
1.9331373546998520e-01
1.9279373546999068e-01
1.9205073546999074e-01
1.9110373546999426e-01
1.8997073546998422e-01
1.8867473546998781e-01
1.8724073546999875e-01
1.8569573547000573e-01
1.8406773546999489e-01
1.8238473547000922e-01
1.8067673547000140e-01
1.7897073546998854e-01
1.7729373546998772e-01
1.7567173546999015e-01
1.7412973546998955e-01
1.7268773546999228e-01
1.7136673547000214e-01
1.7018373547000465e-01
1.6915373546999035e-01
1.6828973547001169e-01
1.6760173546998658e-01
1.6709573546998513e-01
1.6677773546999219e-01
1.6665073547000020e-01
1.6671273546998577e-01
1.6696373547000576e-01
1.6739773546999004e-01
1.6800873547001061e-01
1.6878873547000239e-01
1.6972473546999822e-01
1.7080673546999492e-01
1.7201873547000446e-01
1.7334673547000534e-01
1.7477273546998617e-01
1.7627873546999240e-01
1.7784673546998420e-01
1.7945773547000954e-01
1.8108973547001028e-01
1.8272573547000093e-01
1.8434373547000860e-01
1.8592473546999599e-01
1.8745073547000857e-01
1.8890373547000650e-01
1.9026573547000680e-01
1.9152273546998799e-01
1.9265873546999046e-01
1.9366273546998514e-01
1.9452373546999979e-01
1.9523173547000283e-01
1.9578073547000940e-01
1.9616573547000371e-01
1.9638373546999333e-01
1.9643473547000667e-01
1.9631973546998438e-01
1.9604273547000162e-01
1.9560973546998639e-01
1.9502973547000124e-01
1.9431273546999250e-01
1.9347073546998672e-01
1.9251673547000792e-01
1.9146673546998727e-01
1.9033673546999808e-01
1.8914473546999488e-01
1.8790873546998910e-01
1.8664573546999463e-01
1.8537473546999195e-01
1.8411273546999496e-01
1.8287773546998665e-01
1.8168373546998851e-01
1.8054573546999109e-01
1.7947673546998999e-01
1.7848673546998839e-01
1.7758573546998946e-01
1.7678073547000395e-01
1.7607673546999081e-01
1.7547773546999679e-01
1.7498373546999346e-01
1.7459473547000925e-01
1.7430973546998985e-01
1.7412673546999713e-01
1.7404073546998688e-01
1.7404673547000016e-01
1.7414073546999020e-01
1.7431573547000312e-01
1.7456673546999468e-01
1.7488773547000847e-01
1.7527073547000782e-01
1.7570973547000790e-01
1.7619973546999290e-01
1.7673173546998555e-01
1.7729873547000352e-01
1.7789373547000764e-01
1.7850873546998969e-01
1.7913473547000081e-01
1.7976073546998350e-01
1.8037873546998640e-01
1.8097573546998547e-01
1.8153973547001101e-01
1.8205873547000806e-01
1.8251873546998354e-01
1.8290573547000122e-01
1.8320573547001118e-01
1.8340573546998939e-01
1.8349073547000216e-01
1.8344973546999199e-01
1.8326973546999170e-01
1.8294273546999307e-01
1.8245973546999039e-01
1.8181773546999125e-01
1.8101473547000069e-01
1.8005073546999029e-01
1.7893073547000427e-01
1.7766473546998895e-01
1.7626173547000690e-01
1.7473973546998423e-01
1.7311473546999423e-01
1.7140873547000979e-01
1.6964673546999620e-01
1.6785373547000404e-01
1.6605773546999103e-01
1.6428773546999764e-01
1.6257273547000750e-01
1.6094073547000676e-01
1.5942173547000493e-01
1.5804273546999070e-01
1.5682973546998369e-01
1.5580373546998771e-01
1.5498773547000155e-01
1.5439873547001071e-01
1.5405073547000825e-01
1.5395473546999483e-01
1.5411873547000710e-01
1.5454573547000905e-01
1.5523673546999817e-01
1.5618573546998960e-01
1.5738673546999848e-01
1.5882873546999576e-01
1.6049773546998836e-01
1.6237573546999329e-01
1.6444473546999916e-01
1.6668073547000972e-01
1.6905973547000031e-01
1.7155673547000561e-01
1.7414373547001105e-01
1.7679373546999955e-01
1.7947873546998494e-01
1.8216973546998361e-01
1.8483873547000940e-01
1.8746073547001174e-01
1.9000873547000197e-01
1.9245873546998382e-01
1.9478973547001033e-01
1.9698073546999240e-01
1.9901473547000137e-01
2.0087673546998985e-01
2.0255373546999067e-01
2.0403673546999812e-01
2.0531773547000398e-01
2.0639073546999498e-01
2.0725573546999954e-01
2.0791073546999428e-01
2.0835773547000258e-01
2.0860073546998592e-01
2.0864573546998599e-01
2.0849873546998765e-01
2.0816673547000164e-01
2.0766073547000019e-01
2.0698773546999405e-01
2.0615873546998387e-01
2.0518273547000376e-01
2.0407273546999249e-01
2.0283673546998671e-01
2.0148673546998452e-01
2.0003173546999165e-01
1.9848373547000620e-01
1.9685273547000293e-01
1.9514973547001091e-01
1.9338473547000490e-01
1.9156873546998554e-01
1.8971273547001033e-01
1.8782773546999465e-01
1.8592673546999094e-01
1.8402073546999986e-01
1.8212273546998858e-01
1.8024573547000955e-01
1.7840373546999899e-01
1.7660973547000935e-01
1.7487873547000277e-01
1.7322473547000072e-01
1.7166073546999883e-01
1.7020373547001100e-01
1.6886473547000946e-01
1.6765873546998478e-01
1.6659773546999190e-01
1.6569273547000307e-01
1.6495373546999303e-01
1.6439073546999339e-01
1.6400873546999151e-01
1.6381373547000067e-01
1.6380773546998739e-01
1.6399173547000601e-01
1.6436473547000219e-01
1.6492073546999109e-01
1.6565373546998785e-01
1.6655473546998678e-01
1.6761173546998975e-01
1.6881273546999864e-01
1.7014073546999953e-01
1.7158073547000185e-01
1.7311273546999928e-01
1.7471773547001135e-01
1.7637673547000077e-01
1.7806973546998961e-01
1.7977573547000247e-01
1.8147373547000711e-01
1.8314673546998961e-01
1.8477473547000045e-01
1.8633873547000235e-01
1.8782473547000222e-01
1.8921573546998616e-01
1.9049673546999202e-01
1.9165573546999326e-01
1.9268073546999176e-01
1.9355973546998939e-01
1.9428373547000888e-01
1.9484473546998515e-01
1.9523473546999526e-01
1.9544773546999750e-01
1.9547873547000449e-01
1.9532273547000045e-01
1.9497673546999295e-01
1.9443973546998450e-01
1.9371173547000353e-01
1.9279373546999068e-01
1.9168873546999521e-01
1.9039973547000955e-01
1.8893473546998507e-01
1.8729973546999190e-01
1.8550573547000226e-01
1.8356373546998839e-01
1.8148673547000271e-01
1.7929073547000485e-01
1.7699273547000871e-01
1.7461173546999476e-01
1.7216773546999775e-01
1.6968473546998553e-01
1.6718373546999032e-01
1.6469173547000082e-01
1.6223473547000822e-01
1.5983773547000624e-01
1.5752873547000945e-01
1.5533473547000654e-01
1.5328273546998616e-01
1.5139773546999891e-01
1.4970473547001006e-01
1.4822573546999251e-01
1.4698473546999935e-01
1.4599773546999018e-01
1.4528173547000733e-01
1.4484973546998958e-01
1.4471073546999946e-01
1.4487273546998836e-01
1.4533573546998468e-01
1.4610173547001182e-01
1.4716273547000469e-01
1.4851373547000435e-01
1.5014073546998929e-01
1.5202973546999488e-01
1.5416273547000969e-01
1.5651973546999898e-01
1.5907773546999238e-01
1.6181073546999869e-01
1.6469473546999325e-01
1.6770173546998990e-01
1.7080173547000754e-01
1.7396873546999814e-01
1.7717273547000900e-01
1.8038473546999967e-01
1.8357873547000736e-01
1.8672573546999160e-01
1.8980073546998710e-01
1.9277873547000013e-01
1.9563573547000601e-01
1.9834873547000598e-01
2.0089773546999368e-01
2.0326273546999118e-01
2.0542573546998710e-01
2.0737073546999341e-01
2.0908173546999365e-01
2.1054673546998970e-01
2.1175373547001186e-01
2.1269273547000012e-01
2.1335673547000056e-01
2.1373973546999991e-01
2.1383873547000576e-01
2.1365173546999472e-01
2.1318173546998764e-01
2.1243173547000538e-01
2.1140873547000183e-01
2.1012373547000607e-01
2.0858773546999032e-01
2.0681773546999693e-01
2.0483173547000888e-01
2.0265073547000156e-01
2.0029773547000218e-01
1.9779873547000193e-01
1.9518173546998696e-01
1.9247573546999774e-01
1.8971073546998696e-01
1.8691773546999002e-01
1.8412573546999056e-01
1.8136773546999052e-01
1.7867273547000195e-01
1.7606873547001101e-01
1.7358273547000636e-01
1.7124073547000762e-01
1.6906273546999273e-01
1.6707073546999140e-01
1.6527973546999419e-01
1.6370373546999417e-01
1.6235273546999451e-01
1.6123473547000344e-01
1.6035173546998749e-01
1.5970473547000097e-01
1.5929073546999462e-01
1.5910373546998358e-01
1.5913473546999057e-01
1.5937173546998906e-01
1.5980173547001186e-01
1.6040773546998821e-01
1.6117373546998692e-01
1.6207873547000418e-01
1.6310473547000015e-01
1.6423073546999944e-01
1.6543473547000076e-01
1.6669673546999775e-01
1.6799573546998658e-01
1.6931073546999187e-01
1.7062473546999968e-01
1.7191873547000114e-01
1.7317573547001075e-01
1.7438073547000954e-01
1.7551973547000443e-01
1.7658173546999478e-01
1.7755573547000836e-01
1.7843373547000851e-01
1.7920673546998955e-01
1.7987173546998747e-01
1.8042173546999152e-01
1.8085573547000422e-01
1.8116973547000725e-01
1.8136373547000062e-01
1.8143773546998432e-01
1.8139073546998929e-01
1.8122473547001050e-01
1.8094173546998604e-01
1.8054373546999614e-01
1.8003373547000479e-01
1.7941573547000189e-01
1.7869573547000073e-01
1.7787973546998614e-01
1.7697573546999479e-01
1.7599273547000394e-01
1.7493973546999086e-01
1.7382973547000802e-01
1.7267673546999163e-01
1.7149273546999666e-01
1.7029573547000609e-01
1.6910173547000795e-01
1.6792673546999026e-01
1.6679073546998779e-01
1.6570973546998857e-01
1.6470173547000400e-01
1.6378573546998609e-01
1.6297573546998478e-01
1.6228873546998557e-01
1.6173773546998405e-01
1.6133673547000171e-01
1.6109373546998995e-01
1.6101973547000625e-01
1.6112073547000705e-01
1.6140073547001066e-01
1.6186273547000951e-01
1.6250773547000108e-01
1.6333273546999294e-01
1.6433473546999267e-01
1.6550673546998951e-01
1.6684173547000114e-01
1.6832973546999597e-01
1.6995973547000176e-01
1.7171673546999955e-01
1.7358773546999373e-01
1.7555473547000133e-01
1.7760173547000591e-01
1.7970973546999858e-01
1.8185773547000395e-01
1.8402673546998471e-01
1.8619573546999391e-01
1.8834273547000180e-01
1.9044673547000457e-01
1.9248673546999839e-01
1.9444173547000787e-01
1.9629173546999823e-01
1.9801673546999154e-01
1.9960073546999979e-01
2.0102573547001157e-01
2.0227773547000538e-01
2.0334273546998816e-01
2.0421273547000851e-01
2.0487773547000643e-01
2.0533173546999706e-01
2.0557273546998545e-01
2.0559873547000507e-01
2.0541373546998898e-01
2.0502073546998645e-01
2.0442773547000570e-01
2.0364473546999307e-01
2.0268173547000856e-01
2.0155373546998590e-01
2.0027673546999836e-01
1.9886673547000555e-01
1.9734273546998793e-01
1.9572473547000868e-01
1.9403073546999394e-01
1.9228373546999933e-01
1.9050273547000529e-01
1.8870773546998976e-01
1.8692073547001087e-01
1.8516073546999223e-01
1.8344473547000462e-01
1.8179273546999752e-01
1.8021973546998993e-01
1.7874073547000080e-01
1.7737073546999227e-01
1.7611973546999593e-01
1.7500073547000738e-01
1.7401973547001148e-01
1.7318473546998803e-01
1.7249973546998376e-01
1.7196873546998859e-01
1.7159173547000250e-01
1.7136773546999962e-01
1.7129373546998750e-01
1.7136573547000467e-01
1.7157673546998353e-01
1.7191773547000366e-01
1.7237873547000504e-01
1.7294873546998701e-01
1.7361573547000830e-01
1.7436273546999814e-01
1.7517773546998683e-01
1.7604273546999138e-01
1.7694073546999789e-01
1.7785573546998990e-01
1.7877073547001032e-01
1.7966873546998841e-01
1.8053173546999801e-01
1.8134473546999175e-01
1.8209273547000748e-01
1.8276073546999783e-01
1.8333773546999055e-01
1.8381273546998500e-01
1.8417473547000895e-01
1.8441873546998977e-01
1.8453673547000449e-01
1.8452773546999879e-01
1.8438973547000614e-01
1.8412373546999561e-01
1.8373373546998550e-01
1.8322273546999668e-01
1.8259873547000893e-01
1.8187073546999954e-01
1.8104773547000264e-01
1.8014173546998791e-01
1.7916473547001033e-01
1.7813173547000360e-01
1.7705573546999176e-01
1.7595073546999629e-01
1.7483273547000522e-01
1.7371573547001162e-01
1.7261373547000858e-01
1.7154173546998663e-01
1.7051173547000076e-01
1.6953573546999223e-01
1.6862573546998760e-01
1.6779173546999004e-01
1.6704173547000778e-01
1.6638373546999219e-01
1.6582373546998497e-01
1.6536673547000191e-01
1.6501673547000451e-01
1.6477473546999022e-01
1.6464373547000832e-01
1.6462373547000198e-01
1.6471373547000212e-01
1.6491373547000876e-01
1.6522073547000105e-01
1.6563273546998403e-01
1.6614873546998865e-01
1.6676273547000164e-01
1.6747373546999711e-01
1.6827873547001104e-01
1.6917173547000175e-01
1.7015173547000018e-01
1.7121173546999557e-01
1.7235073546999047e-01
1.7356073547000506e-01
1.7483973546998755e-01
1.7617973546998655e-01
1.7757673546998376e-01
1.7902473546999431e-01
1.8051473546998409e-01
1.8204073546999666e-01
1.8359473546999538e-01
1.8516673547000551e-01
1.8674673546999543e-01
1.8832573546998788e-01
1.8989273547001062e-01
1.9143473547001122e-01
1.9293873546999407e-01
1.9439473546998443e-01
1.9578673546999426e-01
1.9710273546999701e-01
1.9832773547000215e-01
1.9944973547001155e-01
2.0045373547000622e-01
2.0132873546998553e-01
2.0206173547001072e-01
2.0264073546999839e-01
2.0305773546999717e-01
2.0330273547000388e-01
2.0336973547000525e-01
2.0325273546998801e-01
2.0294973546998563e-01
2.0245773547000567e-01
2.0177973546998373e-01
2.0091873546999750e-01
1.9987873547000845e-01
1.9866973546999134e-01
1.9729973547001123e-01
1.9578273547000435e-01
1.9413073546999726e-01
1.9236073547000387e-01
1.9049073547000717e-01
1.8853773546999264e-01
1.8652373546999002e-01
1.8446973547000312e-01
1.8239773547000482e-01
1.8032873546999895e-01
1.7828673547001017e-01
1.7629473547000885e-01
1.7437273547000132e-01
1.7254273546998888e-01
1.7082473547000632e-01
1.6923873547000312e-01
1.6779973546999827e-01
1.6652273547001073e-01
1.6542173547000516e-01
1.6450573546998726e-01
1.6378373546999114e-01
1.6325773547001177e-01
1.6293073546998471e-01
1.6280073547000029e-01
1.6286373547001176e-01
1.6311073546998500e-01
1.6353273546999958e-01
1.6411673547000305e-01
1.6484573547000991e-01
1.6570273547000625e-01
1.6666673546998823e-01
1.6771573547001140e-01
1.6882873546998667e-01
1.6998073547000558e-01
1.7114773546998663e-01
1.7230473546999292e-01
1.7342873546999726e-01
1.7449673547000089e-01
1.7548673547000249e-01
1.7637873546999572e-01
1.7715473546999760e-01
1.7779873546999170e-01
1.7829873547000830e-01
1.7864573546998486e-01
1.7883173546999842e-01
1.7885573546999467e-01
1.7871673547000455e-01
1.7841973546998702e-01
1.7797173547000966e-01
1.7738373546998787e-01
1.7667073546999745e-01
1.7584873546999802e-01
1.7493773546999591e-01
1.7395773546999749e-01
1.7293173547000151e-01
1.7188373547000424e-01
