-3.7196400004546604e-07
2.9162803599991349e-04
1.1826280359998886e-03
2.6316280359999222e-03
4.4906280359999773e-03
6.5056280359998553e-03
8.3406280359998863e-03
9.6456280359999980e-03
1.0152628035999811e-02
9.7496280359998799e-03
8.5266280359999058e-03
6.7366280359999475e-03
4.7246280359998227e-03
2.8316280359999002e-03
1.3246280359999751e-03
3.6462803599990323e-04
3.6280359998475120e-06
2.0962803599999802e-04
8.9262803599998719e-04
1.9326280359999171e-03
3.1996280359998241e-03
4.5656280359998025e-03
5.9206280359997976e-03
7.1796280359999187e-03
8.2756280359999046e-03
9.1546280359999788e-03
9.7676280359999534e-03
1.0085628035999994e-02
1.0092628035999862e-02
9.7866280359999447e-03
9.1846280359999533e-03
8.3166280359998623e-03
7.2276280359999667e-03
5.9746280359997961e-03
4.6216280359998585e-03
3.2536280359998226e-03
1.9806280359999651e-03
9.2862803599991217e-04
2.2862803599998927e-04
1.6280360000120453e-06
3.3862803599982172e-04
1.2746280359998696e-03
2.7606280359999680e-03
4.6426280359999073e-03
6.6566280359998675e-03
8.4626280359998418e-03
9.7146280359998727e-03
1.0153628035999951e-02
9.6836280359999805e-03
8.4056280359998681e-03
6.5866280359998530e-03
4.5716280359999750e-03
2.7006280359997969e-03
1.2306280359999366e-03
3.1562803599993750e-04
6.2803599987226733e-07
2.4662803599984073e-04
9.6062803599994417e-04
2.0226280359998405e-03
3.3016280359998706e-03
4.6706280359998242e-03
6.0216280359999264e-03
7.2696280359998422e-03
8.3516280359998696e-03
9.2106280359998127e-03
9.8026280359999607e-03
1.0097628035999895e-02
1.0079628035999821e-02
9.7506280359997977e-03
9.1276280359999795e-03
8.2406280359998973e-03
7.1376280359998212e-03
5.8746280359998071e-03
4.5166280359998368e-03
3.1516280359999982e-03
1.8916280359999593e-03
8.6162803599987292e-04
1.9362803599998202e-04
6.6280359998227567e-06
3.8862803599992723e-04
1.3696280359998259e-03
2.8926280359999890e-03
4.7956280359999770e-03
6.8056280359998222e-03
8.5816280359998220e-03
9.7796280359998544e-03
1.0149628035999836e-02
9.6116280359999084e-03
8.2826280359999949e-03
6.4356280359998408e-03
4.4206280359999628e-03
2.5716280359999732e-03
1.1406280360000132e-03
2.7062803599986474e-04
6.2803599987226733e-07
2.8562803599996300e-04
1.0316280359998764e-03
2.1146280359998215e-03
3.4036280359999171e-03
4.7756280359998460e-03
6.1206280359999976e-03
7.3586280359998479e-03
8.4246280359998593e-03
9.2656280359999510e-03
9.8356280359999104e-03
1.0107628035999960e-02
1.0065628035999863e-02
9.7136280359999549e-03
9.0686280359999483e-03
8.1636280359997926e-03
7.0466280359999800e-03
5.7736280359999004e-03
4.4116280359998150e-03
3.0506280359998694e-03
1.8036280359998713e-03
7.9662803599989118e-04
1.6162803599995001e-04
1.4628035999830757e-05
4.4162803600000800e-04
1.4676280359999794e-03
3.0276280359999852e-03
4.9486280359998247e-03
6.9536280359998592e-03
8.6966280359999093e-03
9.8386280359998857e-03
1.0140628035999910e-02
9.5356280359999435e-03
8.1556280360000066e-03
6.2836280359999108e-03
4.2706280359998683e-03
2.4456280359999027e-03
1.0536280359998429e-03
2.2962803599990700e-04
3.6280359998475120e-06
3.2762803599983847e-04
1.1036280359999484e-03
2.2066280359998025e-03
3.5066280359998814e-03
4.8796280359999500e-03
6.2196280359998468e-03
7.4466280359999359e-03
8.4976280359998491e-03
9.3186280359998097e-03
9.8676280359999424e-03
1.0114628035999829e-02
1.0049628035999847e-02
9.6746280359998327e-03
9.0086280359999993e-03
8.0856280359999921e-03
6.9536280359998592e-03
5.6716280359998539e-03
4.3076280359999330e-03
2.9506280359998804e-03
1.7166280359999231e-03
7.3362803599996695e-04
1.3162803599997552e-04
2.6628035999953781e-05
4.9962803599989947e-04
1.5686280359998861e-03
3.1636280359998992e-03
5.1026280359998122e-03
7.0996280359998387e-03
8.8086280359997993e-03
9.8936280359998019e-03
1.0125628035999812e-02
9.4556280359998635e-03
8.0266280359999609e-03
6.1306280359998411e-03
4.1216280359999136e-03
2.3226280359998075e-03
9.7062803600000969e-04
1.9162803599992451e-04
9.6280359997980014e-06
3.7262803599991123e-04
1.1776280359998559e-03
2.3006280359998410e-03
3.6106280359999854e-03
4.9836280359998320e-03
6.3176280360000003e-03
7.5336280359998842e-03
8.5686280360000033e-03
9.3706280359999727e-03
9.8966280359999992e-03
1.0120628036000001e-02
1.0031628035999995e-02
9.6336280359998749e-03
8.9466280359999928e-03
8.0056280359999121e-03
6.8606280359999605e-03
5.5696280359998074e-03
4.2026280359999113e-03
2.8506280359998915e-03
1.6316280359998103e-03
6.7262803599987819e-04
1.0462803599997628e-04
4.1628035999830004e-05
5.5962803599984845e-04
1.6736280359999078e-03
3.3016280359998706e-03
5.2566280359997997e-03
7.2446280359999005e-03
8.9166280359997963e-03
9.9426280359999897e-03
1.0105628035999903e-02
9.3706280359999727e-03
7.8946280359999399e-03
5.9776280359999934e-03
3.9736280359998766e-03
2.2016280359999918e-03
8.8962803600001195e-04
1.5662803599991726e-04
1.9628035999863513e-05
4.1962803599981946e-04
1.2536280359998209e-03
2.3956280359997972e-03
3.7136280359999496e-03
5.0876280359999360e-03
6.4156280359999318e-03
7.6186280359999969e-03
8.6386280359997958e-03
9.4206280359998562e-03
9.9246280359999162e-03
1.0125628035999812e-02
1.0012628036000004e-02
9.5916280359999995e-03
8.8836280359998465e-03
7.9256280359998321e-03
6.7676280359998398e-03
5.4676280359999829e-03
4.0976280359998896e-03
2.7516280359998202e-03
1.5476280359998373e-03
6.1462803599998672e-04
8.0628035999952274e-05
5.9628035999903517e-05
6.2462803599983019e-04
1.7806280359999871e-03
3.4426280359998174e-03
5.4106280360000092e-03
7.3876280359999047e-03
9.0216280359998180e-03
9.9866280359999227e-03
1.0080628035999961e-02
9.2806280359998272e-03
7.7596280359999437e-03
5.8236280360000059e-03
3.8266280359999794e-03
2.0836280359999293e-03
8.1262803599990718e-04
1.2562803599980299e-04
3.1628035999986537e-05
4.6962803599992498e-04
1.3316280359998434e-03
2.4906280359999755e-03
3.8176280359998316e-03
5.1916280359998179e-03
6.5116280359998058e-03
7.7036280359998877e-03
8.7066280359999748e-03
9.4696280359998219e-03
9.9506280359999977e-03
1.0127628035999869e-02
9.9906280359998156e-03
9.5466280359999267e-03
8.8186280359998648e-03
7.8436280359999166e-03
6.6726280359998835e-03
5.3646280359997967e-03
3.9926280359998678e-03
2.6536280359998887e-03
1.4656280359999219e-03
5.5862803599993072e-04
6.0628035999821250e-05
8.1628035999870008e-05
6.9162803599986944e-04
1.8916280359999593e-03
3.5846280359999039e-03
5.5656280359999144e-03
7.5286280359998514e-03
9.1216280359998070e-03
1.0026628035999963e-02
1.0049628035999847e-02
9.1876280359999285e-03
7.6226280359998899e-03
5.6696280359997964e-03
3.6816280359999176e-03
1.9676280359999243e-03
7.3962803599991744e-04
9.8628035999803743e-05
4.7628036000002538e-05
5.2162803599986596e-04
1.4106280360000056e-03
2.5876280359999893e-03
3.9226280359998533e-03
5.2946280360000042e-03
6.6076280359999018e-03
7.7876280359998606e-03
8.7746280359999318e-03
9.5166280359999522e-03
9.9756280359999394e-03
1.0128628036000009e-02
9.9676280359999314e-03
9.5016280359998539e-03
8.7526280359999653e-03
7.7606280359998614e-03
6.5766280360000096e-03
5.2616280359998324e-03
3.8886280359999859e-03
2.5566280359998750e-03
1.3846280359999241e-03
5.0462803599993222e-04
4.2628035999969782e-05
1.0662803599981174e-04
7.6262803599980167e-04
2.0046280359999891e-03
3.7286280359998258e-03
5.7196280359999019e-03
7.6676280359999627e-03
9.2186280359998207e-03
1.0060628035999830e-02
1.0014628035999840e-02
9.0896280359999970e-03
7.4826280359998609e-03
5.5146280359998912e-03
3.5386280359999134e-03
1.8556280359998123e-03
6.6962803599990295e-04
7.3628035999862007e-05
6.6628035999993784e-05
5.7562803599986445e-04
1.4916280360000034e-03
2.6856280359999207e-03
4.0266280359999573e-03
5.3986280359998862e-03
6.7036280359999978e-03
7.8706280359999159e-03
8.8396280359999135e-03
9.5616280359998029e-03
9.9976280359999059e-03
1.0127628035999869e-02
9.9426280359999897e-03
9.4536280359998059e-03
8.6846280360000083e-03
7.6766280359998884e-03
6.4806280359999135e-03
5.1576280359999505e-03
3.7846280359998818e-03
2.4596280359998612e-03
1.3056280359999839e-03
4.5262803599999124e-04
2.7628035999871514e-05
1.3562803599986850e-04
8.3762803599984892e-04
2.1216280359999118e-03
3.8736280359998876e-03
5.8736280359998894e-03
7.8036280359998766e-03
9.3106280359998017e-03
1.0089628035999887e-02
9.9736280359998819e-03
8.9876280359999505e-03
7.3416280359999142e-03
5.3606280359999037e-03
3.3966280359998269e-03
1.7456280359999798e-03
6.0262803599986370e-04
5.3628035999953028e-05
8.8628035999960275e-05
6.3262803599983819e-04
1.5746280359998366e-03
2.7836280359998522e-03
4.1316280359999791e-03
5.5006280359999327e-03
6.7976280359998142e-03
7.9516280359999136e-03
8.9036280359999775e-03
9.6056280359999580e-03
1.0018628035999955e-02
1.0123628035999976e-02
9.9156280359999904e-03
9.4046280359998402e-03
8.6156280359999116e-03
7.5916280359999977e-03
6.3836280359998998e-03
5.0546280359999862e-03
3.6806280359999999e-03
2.3646280359999050e-03
1.2286280359998791e-03
4.0362803599980346e-04
1.5628035999970535e-05
1.6762803599990050e-04
9.1562803599987141e-04
2.2406280359998920e-03
4.0206280360000068e-03
6.0276280359998768e-03
7.9376280359999551e-03
9.3986280359998897e-03
1.0112628035999993e-02
9.9276280359998914e-03
8.8816280360000111e-03
7.1976280359999922e-03
5.2066280359999162e-03
3.2566280359997979e-03
1.6396280359998183e-03
5.3962803599993947e-04
3.6628035999797248e-05
1.1362803599990201e-04
6.9262803600000922e-04
1.6586280359998096e-03
2.8826280359999235e-03
4.2366280360000008e-03
5.6026280359999792e-03
6.8916280359998527e-03
8.0316280359999936e-03
8.9666280359999018e-03
9.6466280359999157e-03
1.0037628035999946e-02
1.0119628035999861e-02
9.8876280359998514e-03
9.3536280359998170e-03
8.5456280359998971e-03
7.5046280359998274e-03
6.2856280359999683e-03
4.9496280359999645e-03
3.5766280359998959e-03
2.2696280359999488e-03
1.1536280359998319e-03
3.5762803599981297e-04
7.6280359999625347e-06
2.0362803599982549e-04
9.9662803599986916e-04
2.3616280359999298e-03
4.1696280359999616e-03
6.1806280359999466e-03
8.0686280359998364e-03
9.4816280359999450e-03
1.0130628035999845e-02
9.8756280359999504e-03
8.7726280359998743e-03
7.0526280359999305e-03
5.0526280359999287e-03
3.1186280359998264e-03
1.5356280359999364e-03
4.8062803599990822e-04
2.2628035999838758e-05
1.4062803599990126e-04
7.5362803599987593e-04
1.7446280359998401e-03
2.9826280359999124e-03
4.3416280359998005e-03
5.7046280359998036e-03
6.9836280359998337e-03
8.1106280359999339e-03
9.0276280359999905e-03
9.6876280359998734e-03
1.0054628035999880e-02
1.0112628035999993e-02
9.8576280359998769e-03
9.3016280359998760e-03
8.4736280359998251e-03
7.4176280359998792e-03
6.1876280359998148e-03
4.8456280359998605e-03
3.4736280359999316e-03
2.1766280359998280e-03
1.0796280359999244e-03
3.1362803599987998e-04
1.6280360000120453e-06
2.4262803599994776e-04
1.0816280359999819e-03
2.4866280359998605e-03
4.3186280359999163e-03
6.3326280359998766e-03
8.1976280359998821e-03
9.5606280359998852e-03
1.0143628035999885e-02
9.8196280359998944e-03
8.6596280359998445e-03
6.9056280359998112e-03
4.8986280359999412e-03
2.9836280359998302e-03
1.4356280359999474e-03
4.2462803599985222e-04
1.1628035999855513e-05
1.7162803599979348e-04
8.1762803599993994e-04
1.8316280360000103e-03
3.0836280359998192e-03
4.4456280359999045e-03
5.8056280359999324e-03
7.0756280359998147e-03
8.1886280359999564e-03
9.0876280359999395e-03
9.7256280359998559e-03
1.0070628035999896e-02
1.0103628035999845e-02
9.8256280359998449e-03
9.2476280359998775e-03
8.4016280359999751e-03
7.3296280360000132e-03
6.0886280359999656e-03
4.7406280359998387e-03
3.3706280359999674e-03
2.0846280359998470e-03
1.0086280359999922e-03
2.7262803599992225e-04
-3.7196400004546604e-07
2.8562803599996300e-04
1.1696280359998479e-03
2.6136280359998487e-03
4.4696280359999285e-03
6.4846280359998065e-03
8.3226280359998128e-03
9.6356280359999325e-03
1.0151628035999893e-02
9.7586280359998057e-03
8.5426280359999218e-03
6.7576280359999963e-03
4.7456280359998715e-03
2.8496280359999737e-03
1.3376280359997939e-03
3.7162803599999350e-04
4.6280359999872900e-06
2.0462803599996526e-04
8.8362803599983941e-04
1.9206280359997940e-03
3.1846280359999479e-03
4.5506280359999263e-03
5.9066280359998391e-03
7.1666280359998780e-03
8.2656280359998391e-03
9.1456280359998310e-03
9.7626280359999207e-03
1.0083628035999936e-02
1.0093628036000002e-02
9.7916280359999774e-03
9.1926280359999613e-03
8.3266280359999278e-03
7.2406280360000075e-03
5.9886280359999766e-03
4.6366280359999568e-03
3.2686280359999209e-03
1.9936280360000058e-03
9.3862803599997768e-04
2.3462803599993975e-04
1.6280360000120453e-06
3.3162803599995350e-04
1.2616280359998289e-03
2.7426280359998945e-03
4.6216280359998585e-03
6.6356280359998188e-03
8.4456280359999081e-03
9.7056280359999469e-03
1.0153628035999951e-02
9.6926280359999062e-03
8.4226280359998018e-03
6.6076280359999018e-03
4.5936280359999415e-03
2.7186280359998705e-03
1.2436280359999774e-03
3.2262803599980572e-04
6.2803599987226733e-07
2.4062803599989024e-04
9.5162803599979640e-04
2.0106280359999396e-03
3.2866280359999944e-03
4.6556280359999480e-03
6.0066280359998281e-03
7.2566280359998014e-03
8.3406280359998863e-03
9.2026280359998047e-03
9.7976280359999279e-03
1.0095628035999837e-02
1.0081628035999879e-02
9.7556280359998304e-03
9.1356280359999875e-03
8.2516280359998806e-03
7.1506280359998620e-03
5.8886280359999876e-03
4.5316280359999350e-03
3.1666280359998744e-03
1.9036280359998603e-03
8.7162803599993843e-04
1.9862803599979273e-04
5.6280359999050233e-06
3.8062803599991923e-04
1.3556280359998674e-03
2.8746280359999155e-03
4.7736280360000105e-03
6.7846280359999955e-03
8.5646280359998883e-03
9.7706280359999287e-03
1.0150628035999976e-02
9.6226280359998917e-03
8.2996280359999286e-03
6.4566280359998895e-03
4.4416280360000115e-03
2.5896280359998247e-03
1.1536280359998319e-03
2.7662803599981522e-04
6.2803599987226733e-07
2.7962803600001251e-04
1.0216280359998109e-03
2.1016280360000028e-03
3.3896280359999587e-03
4.7606280359999698e-03
6.1066280359998171e-03
7.3456280359998072e-03
8.4146280359997938e-03
9.2576280359999430e-03
9.8316280359997954e-03
1.0105628035999903e-02
1.0067628035999920e-02
9.7186280359999877e-03
9.0766280359999563e-03
8.1746280359999979e-03
7.0586280359998810e-03
5.7876280359998589e-03
4.4266280359999133e-03
3.0646280359998279e-03
1.8156280359999943e-03
8.0562803599981692e-04
1.6562803599984299e-04
1.3628035999913024e-05
4.3462803599991773e-04
1.4536280359997988e-03
3.0086280359999940e-03
4.9266280359998582e-03
6.9326280359998105e-03
8.6806280359998933e-03
9.8306280359998777e-03
1.0141628035999828e-02
9.5466280359999267e-03
8.1736280359998581e-03
6.3046280359999596e-03
4.2916280359999170e-03
2.4636280359999763e-03
1.0656280359999659e-03
2.3462803599993975e-04
2.6280359999297787e-06
3.2162803599988798e-04
1.0936280359998829e-03
2.1936280359999838e-03
3.4926280359999229e-03
4.8646280359998517e-03
6.2056280359998883e-03
7.4336280359998952e-03
8.4876280360000056e-03
9.3116280359999415e-03
9.8626280359999097e-03
1.0113628035999911e-02
1.0051628035999904e-02
9.6796280359998654e-03
9.0166280360000073e-03
8.0966280359999754e-03
6.9666280359999000e-03
5.6856280359998124e-03
4.3216280359998915e-03
2.9646280359998389e-03
1.7286280359998241e-03
7.4262803599989269e-04
1.3562803599986850e-04
2.4628035999896269e-05
4.9062803599997373e-04
1.5546280359999276e-03
3.1446280359999079e-03
5.0806280359998457e-03
7.0796280359999297e-03
8.7926280360000053e-03
9.8856280359997939e-03
1.0127628035999869e-02
9.4666280359998467e-03
8.0446280359998124e-03
6.1526280359998076e-03
4.1416280359998225e-03
2.3396280359999633e-03
9.8162803599999293e-04
1.9662803599995726e-04
8.6280359998802680e-06
3.6562803599982097e-04
1.1666280359998726e-03
2.2876280359998002e-03
3.5956280359998871e-03
4.9696280359998735e-03
6.3036280359998198e-03
7.5206280359998434e-03
8.5586280359999378e-03
9.3636280359998825e-03
9.8926280359998842e-03
1.0120628036000001e-02
1.0034628035999971e-02
9.6396280359998254e-03
8.9556280359999185e-03
8.0166280359998954e-03
6.8736280360000013e-03
5.5846280359999056e-03
4.2166280359998698e-03
2.8646280359998499e-03
1.6426280359997936e-03
6.8162803599980393e-04
1.0862803599986925e-04
3.8628035999854760e-05
5.5162803599984045e-04
1.6586280359998096e-03
3.2826280359998794e-03
5.2346280359998332e-03
7.2246280359999915e-03
8.9016280359999200e-03
9.9356280359998994e-03
1.0108628035999878e-02
9.3826280359998737e-03
7.9126280359997914e-03
5.9986280359998201e-03
3.9936280360000076e-03
2.2176280360000078e-03
9.0062803599999519e-04
1.6162803599995001e-04
1.7628035999806002e-05
4.1262803599995124e-04
1.2426280359998376e-03
2.3816280359998387e-03
3.6996280359999911e-03
5.0736280359999775e-03
6.4016280359999733e-03
7.6066280359998739e-03
8.6286280359999523e-03
9.4136280359999880e-03
9.9206280359998011e-03
1.0124628035999894e-02
1.0014628035999840e-02
9.5976280359999500e-03
8.8926280359999943e-03
7.9366280359998154e-03
6.7806280359998805e-03
5.4816280359999414e-03
4.1126280359999878e-03
2.7656280360000007e-03
1.5586280359998206e-03
6.2262803599999472e-04
8.3628035999927519e-05
5.6628035999928272e-05
6.1462803599998672e-04
1.7656280359998888e-03
3.4226280359999084e-03
5.3886280359998207e-03
7.3676280359999957e-03
9.0066280359999418e-03
9.9806280359999722e-03
1.0084628035999854e-02
9.2936280359998680e-03
7.7786280359999349e-03
5.8456280359999724e-03
3.8476280359998061e-03
2.0996280359999453e-03
8.2362803599989043e-04
1.2962803599991801e-04
2.9628035999929025e-05
4.6262803599983471e-04
1.3206280359998601e-03
2.4776280359999348e-03
3.8036280359998731e-03
5.1766280359999417e-03
6.4986280359999871e-03
7.6916280359999867e-03
8.6976280359998270e-03
9.4626280359999537e-03
9.9476280359998004e-03
1.0127628035999869e-02
9.9936280360000129e-03
9.5536280359997949e-03
8.8276280360000126e-03
7.8546280359998999e-03
6.6856280359999243e-03
5.3786280359999772e-03
4.0076280359999661e-03
2.6666280359999295e-03
1.4766280359999051e-03
5.6562803599979894e-04
6.2628035999878762e-05
7.8628035999894763e-05
6.8262803599994371e-04
1.8756280359999433e-03
3.5646280359999949e-03
5.5436280359999479e-03
7.5086280359999424e-03
9.1076280359998485e-03
1.0020628036000012e-02
1.0054628035999880e-02
9.2006280359999693e-03
7.6416280359998812e-03
5.6906280359998451e-03
3.7016280359998266e-03
1.9836280359999403e-03
7.4962803599998296e-04
1.0162803600000103e-04
4.5628035999945027e-05
5.1362803599985796e-04
1.3996280359998003e-03
2.5736280359998087e-03
3.9076280359999771e-03
5.2806280359998237e-03
6.5946280359998610e-03
7.7756280359999597e-03
8.7646280359998663e-03
9.5096280359998620e-03
9.9716280359998244e-03
1.0128628036000009e-02
9.9706280359999067e-03
9.5076280359998044e-03
8.7616280359998910e-03
7.7716280359998446e-03
6.5906280359999680e-03
5.2756280360000130e-03
3.9026280359999443e-03
2.5696280359999157e-03
1.3956280359999074e-03
5.1162803599980045e-04
4.4628035999805249e-05
1.0262803599991877e-04
7.5262803599995820e-04
1.9886280359999731e-03
3.7086280359999169e-03
5.6976280359999354e-03
7.6476280359998317e-03
9.2046280359998622e-03
1.0055628035999797e-02
1.0019628035999872e-02
9.1036280359999555e-03
7.5026280359999920e-03
5.5366280359998576e-03
3.5586280359998224e-03
1.8706280359999106e-03
6.7862803599982868e-04
7.7628035999977030e-05
6.3628035999796495e-05
5.6862803599999623e-04
1.4806280359997981e-03
2.6716280359999622e-03
4.0126280359999988e-03
5.3836280360000099e-03
6.6896280359998173e-03
7.8586280359997929e-03
8.8306280359999878e-03
9.5556280359998524e-03
9.9946280359999307e-03
1.0127628035999869e-02
9.9466280359998827e-03
9.4606280359998962e-03
8.6946280359998518e-03
7.6886280360000114e-03
6.4936280359999543e-03
5.1726280359998267e-03
3.7986280359998403e-03
2.4726280359999020e-03
1.3166280359999671e-03
4.5962803599985946e-04
2.9628035999929025e-05
1.3162803599997552e-04
8.2662803599986567e-04
2.1046280359999781e-03
3.8536280359999786e-03
5.8516280359999229e-03
7.7846280359998854e-03
9.2976280359999830e-03
1.0085628035999994e-02
9.9786280359999147e-03
9.0016280359999090e-03
7.3616280359998232e-03
5.3816280359999524e-03
3.4166280359999579e-03
1.7606280359998561e-03
6.1162803600001148e-04
5.5628036000010539e-05
8.5628035999985030e-05
6.2462803599983019e-04
1.5626280359999356e-03
2.7696280359998937e-03
4.1166280359998808e-03
5.4866280359999742e-03
6.7846280359999955e-03
7.9406280359999304e-03
8.8946280359998298e-03
9.5986280359998677e-03
1.0015628035999979e-02
1.0124628035999894e-02
9.9196280359998834e-03
9.4116280359999305e-03
8.6256280359999771e-03
7.6036280359998987e-03
6.3966280359999406e-03
5.0686280359999447e-03
3.6946280359999584e-03
2.3776280359999458e-03
1.2396280359998624e-03
4.1062803599989373e-04
1.7628035999806002e-05
1.6262803599986775e-04
9.0462803599988817e-04
2.2236280359999583e-03
4.0006280359998758e-03
6.0056280359999104e-03
7.9186280359999639e-03
9.3866280359999887e-03
1.0109628035999796e-02
9.9336280359998419e-03
8.8966280359998873e-03
7.2176280359999012e-03
5.2276280359999650e-03
3.2766280359999289e-03
1.6536280359999989e-03
5.4862803599986520e-04
3.8628035999854760e-05
1.0962803600000903e-04
6.8362803599986144e-04
1.6466280359999086e-03
2.8686280359999650e-03
4.2216280359999026e-03
5.5886280359997986e-03
6.8786280359998120e-03
8.0206280360000104e-03
8.9576280359999760e-03
9.6416280359998829e-03
1.0034628035999971e-02
1.0119628035999861e-02
9.8916280359999664e-03
9.3606280359999072e-03
8.5556280359999626e-03
7.5166280359999504e-03
6.2996280359999268e-03
4.9646280359998407e-03
3.5906280359998544e-03
2.2826280359999895e-03
1.1636280359998974e-03
3.6362803599998550e-04
8.6280359998802680e-06
1.9862803599979273e-04
9.8562803599988591e-04
2.3446280359999960e-03
4.1486280359999128e-03
6.1596280359998978e-03
8.0506280359999849e-03
9.4706280359999617e-03
1.0128628036000009e-02
9.8836280359999584e-03
8.7876280359999726e-03
7.0726280359998395e-03
5.0736280359999775e-03
3.1376280359998177e-03
1.5496280359998948e-03
4.8862803599991622e-04
2.3628035999978536e-05
1.3662803600000828e-04
7.4562803599986793e-04
1.7326280359999391e-03
2.9686280359999540e-03
4.3266280359999243e-03
5.6906280359998451e-03
6.9706280359997930e-03
8.0996280359999506e-03
9.0196280359999825e-03
9.6816280359999229e-03
1.0052628035999822e-02
1.0113628035999911e-02
9.8616280359999919e-03
9.3086280359999662e-03
8.4836280359998906e-03
7.4296280360000022e-03
6.2006280359998556e-03
4.8596280359998190e-03
3.4876280359998901e-03
2.1896280359998688e-03
1.0896280359999899e-03
3.1962803599983047e-04
2.6280359999297787e-06
2.3662803599999727e-04
1.0696280359998589e-03
2.4686280360000090e-03
4.2986280360000073e-03
6.3116280359998278e-03
8.1796280359998086e-03
9.5506280359998197e-03
1.0142628035999968e-02
9.8276280359999024e-03
8.6756280359998605e-03
6.9266280359998600e-03
4.9196280359999900e-03
3.0016280359999037e-03
1.4486280359999881e-03
4.3162803599994248e-04
1.2628035999995291e-05
1.6662803599998277e-04
8.0862803599979216e-04
1.8196280359998873e-03
3.0696280359998607e-03
4.4316280359999460e-03
5.7916280359999739e-03
7.0626280359999960e-03
8.1776280359999731e-03
9.0796280359999315e-03
9.7206280359998232e-03
1.0068628035999838e-02
1.0105628035999903e-02
9.8296280359999599e-03
9.2556280359998855e-03
8.4116280359998186e-03
7.3416280359999142e-03
6.1016280360000064e-03
4.7556280359999370e-03
3.3846280359999259e-03
2.0966280359999701e-03
1.0176280359999179e-03
2.7862803599987274e-04
-3.7196400004546604e-07
2.7862803599987274e-04
1.1576280359999469e-03
2.5956280359999973e-03
4.4486280359998798e-03
6.4636280359999798e-03
8.3056280359998791e-03
9.6256280359998669e-03
1.0150628035999976e-02
9.7676280359999534e-03
8.5596280359998556e-03
6.7776280359999053e-03
4.7666280359999202e-03
2.8686280359999650e-03
1.3516280359999744e-03
3.7862803599986172e-04
5.6280359999050233e-06
1.9962803599993251e-04
8.7462803599991368e-04
1.9076280359999753e-03
3.1706280359999894e-03
4.5366280359999678e-03
5.8926280359998806e-03
7.1546280359999770e-03
8.2546280359998558e-03
9.1376280359998230e-03
9.7576280359998879e-03
1.0081628035999879e-02
1.0094628035999920e-02
9.7966280360000102e-03
9.1996280359998295e-03
8.3366280359999934e-03
7.2526280359999085e-03
6.0026280359999351e-03
4.6506280359999153e-03
3.2826280359998794e-03
2.0056280359999068e-03
9.4862803599982115e-04
2.3962803599997251e-04
6.2803599987226733e-07
3.2462803599986323e-04
1.2486280360000102e-03
2.7246280359998210e-03
4.6006280359998097e-03
6.6146280359999921e-03
8.4286280359999743e-03
9.6956280359998814e-03
1.0153628035999951e-02
9.7026280359999717e-03
8.4396280359999576e-03
6.6286280359999505e-03
4.6146280359999903e-03
2.7366280359999440e-03
1.2566280359997961e-03
3.2962803599989599e-04
6.2803599987226733e-07
2.3562803599985749e-04
9.4162803599995293e-04
1.9976280359998988e-03
3.2726280359998139e-03
4.6416280359999895e-03
5.9926280359998696e-03
7.2446280359999005e-03
8.3306280359998208e-03
9.1946280359997967e-03
9.7926280359998952e-03
1.0093628036000002e-02
1.0083628035999936e-02
9.7606280359998632e-03
9.1436280359999955e-03
8.2616280359999461e-03
7.1626280359999850e-03
5.9026280359999461e-03
4.5456280359998935e-03
3.1806280359998329e-03
1.9166280359999011e-03
8.8062803599986417e-04
2.0362803599982549e-04
4.6280359999872900e-06
3.7362803599982897e-04
1.3426280359998266e-03
2.8556280359999242e-03
4.7526280359999618e-03
6.7646280359998645e-03
8.5486280359998723e-03
9.7616280360000030e-03
1.0150628035999976e-02
9.6326280359999572e-03
8.3166280359998623e-03
6.4776280359999383e-03
4.4626280359998383e-03
2.6076280359998982e-03
1.1656280359999549e-03
2.8362803599990549e-04
-3.7196400004546604e-07
2.7462803599997976e-04
1.0116280359999674e-03
2.0886280359999621e-03
3.3756280360000002e-03
4.7456280359998715e-03
6.0926280359998586e-03
7.3336280359999062e-03
8.4046280359999503e-03
9.2506280359998527e-03
9.8266280359999847e-03
1.0104628035999985e-02
1.0069628035999978e-02
9.7236280359997984e-03
9.0846280359999643e-03
8.1846280359998413e-03
7.0716280359999217e-03
5.8016280359998174e-03
4.4416280360000115e-03
3.0786280360000084e-03
1.8276280359998953e-03
8.1462803599996469e-04
1.6962803599995802e-04
1.2628035999995291e-05
4.2662803599990973e-04
1.4396280359998403e-03
2.9896280360000027e-03
4.9056280359998095e-03
6.9126280359999015e-03
8.6646280359998773e-03
9.8226280359998697e-03
1.0143628035999885e-02
9.5576280359999100e-03
8.1916280359999316e-03
6.3256280360000083e-03
4.3116280359998260e-03
2.4806280359999100e-03
1.0776280359998669e-03
2.4062803599989024e-04
2.6280359999297787e-06
3.1562803599993750e-04
1.0836280359998174e-03
2.1806280359999430e-03
3.4776280359998246e-03
4.8506280359998932e-03
6.1916280359999298e-03
7.4216280359999942e-03
8.4776280359999401e-03
9.3036280359999335e-03
9.8586280359997946e-03
1.0112628035999993e-02
1.0053628035999962e-02
9.6856280359998159e-03
9.0246280359997932e-03
8.1066280359998188e-03
6.9796280359999407e-03
5.6996280359999929e-03
4.3366280359999898e-03
2.9786280359997974e-03
1.7406280359999471e-03
7.5062803599990069e-04
1.3962803599998352e-04
2.2628035999838758e-05
4.8262803599996573e-04
1.5406280359999691e-03
3.1256280359999167e-03
5.0596280359997969e-03
7.0596280359997987e-03
8.7776280359999070e-03
9.8786280359999257e-03
1.0129628035999927e-02
9.4776280359998299e-03
8.0626280359998859e-03
6.1736280359998563e-03
4.1626280359998713e-03
2.3566280359998970e-03
9.9262803599997618e-04
2.0162803599999002e-04
7.6280359999625347e-06
3.5962803599987048e-04
1.1566280359998071e-03
2.2746280359999815e-03
3.5816280359999286e-03
4.9546280359999972e-03
6.2906280360000011e-03
7.5086280359999424e-03
8.5486280359998723e-03
9.3566280359997922e-03
9.8886280359999912e-03
1.0119628035999861e-02
1.0036628035999806e-02
9.6446280359998582e-03
8.9636280359999265e-03
8.0276280359998786e-03
6.8866280359998200e-03
5.5986280359998641e-03
4.2316280359999681e-03
2.8786280359998084e-03
1.6546280359999166e-03
6.8962803599981193e-04
1.1162803599984450e-04
3.6628035999797248e-05
5.4262803599991472e-04
1.6436280359999333e-03
3.2636280359998882e-03
5.2136280360000065e-03
7.2046280359998605e-03
8.8866280359998218e-03
9.9296280359999489e-03
1.0111628035999853e-02
9.3946280359999967e-03
7.9316280360000047e-03
6.0196280359998688e-03
4.0146280359998343e-03
2.2346280359999415e-03
9.1162803599997844e-04
1.6562803599984299e-04
1.6628035999888269e-05
4.0662803600000075e-04
1.2326280359999942e-03
2.3686280359997980e-03
3.6846280359998929e-03
5.0586280359998792e-03
6.3876280359997928e-03
7.5956280359998907e-03
8.6186280359998868e-03
9.4066280359998977e-03
9.9166280359999082e-03
1.0123628035999976e-02
1.0017628035999815e-02
9.6026280359999827e-03
8.9006280360000023e-03
7.9476280359997986e-03
6.7926280360000035e-03
5.4956280359998999e-03
4.1266280359999463e-03
2.7786280359998194e-03
1.5706280359999436e-03
6.3062803600000272e-04
8.7628035999820497e-05
5.4628035999870761e-05
6.0562803599983894e-04
1.7506280360000126e-03
3.4036280359999171e-03
5.3676280359999939e-03
7.3476280359998647e-03
8.9926280359999833e-03
9.9746280359997996e-03
1.0087628035999829e-02
9.3056280359999910e-03
7.7966280360000084e-03
5.8666280359997991e-03
3.8676280359999371e-03
2.1156280359999613e-03
8.3362803599995594e-04
1.3362803599981099e-04
2.8628036000011292e-05
4.5562803599996649e-04
1.3096280359998769e-03
2.4636280359999763e-03
3.7886280359999969e-03
5.1626280359999832e-03
6.4846280359998065e-03
7.6806280360000034e-03
8.6876280359999836e-03
9.4556280359998635e-03
9.9436280359999074e-03
1.0126628035999952e-02
9.9966280359999882e-03
9.5596280359999675e-03
8.8366280359999383e-03
7.8656280359998831e-03
6.6986280359999650e-03
5.3936280359998534e-03
4.0216280359999246e-03
2.6806280359998880e-03
1.4876280359998884e-03
5.7362803599980694e-04
6.5628035999854006e-05
7.5628035999919518e-05
6.7262803599987819e-04
1.8606280359998451e-03
3.5446280359998639e-03
5.5226280359998992e-03
7.4896280359999512e-03
9.0936280359998900e-03
1.0015628035999979e-02
1.0058628035999995e-02
9.2136280360000100e-03
7.6606280359998724e-03
5.7116280359998939e-03
3.7216280359999576e-03
1.9996280359999563e-03
7.5962803599982642e-04
1.0562803599989401e-04
4.2628035999969782e-05
5.0662803599998973e-04
1.3886280359998171e-03
2.5606280359999900e-03
3.8936280359997966e-03
5.2666280359998652e-03
6.5816280359998203e-03
7.7646280359999764e-03
8.7556280359999406e-03
9.5036280359999115e-03
9.9686280359998491e-03
1.0127628035999869e-02
9.9736280359998819e-03
9.5136280359999770e-03
8.7706280359998168e-03
7.7836280359999677e-03
6.6036280360000088e-03
5.2896280359999714e-03
3.9176280359998206e-03
2.5826280359999565e-03
1.4066280359998906e-03
5.1862803599989071e-04
4.6628035999862760e-05
9.9628035999943521e-05
7.4262803599989269e-04
1.9736280359998748e-03
3.6886280360000079e-03
5.6766280359998866e-03
7.6286280359998404e-03
9.1916280359998215e-03
1.0051628035999904e-02
1.0024628035999905e-02
9.1166280359999963e-03
7.5216280359999832e-03
5.5576280359999064e-03
3.5776280359998136e-03
1.8866280359999266e-03
6.8862803599989419e-04
8.0628035999952274e-05
6.0628035999821250e-05
5.6062803599998823e-04
1.4686280359998971e-03
2.6576280360000037e-03
3.9976280359999006e-03
5.3696280359998294e-03
6.6766280359999985e-03
7.8476280359998096e-03
8.8216280359998400e-03
9.5486280359999842e-03
9.9916280359999554e-03
1.0127628035999869e-02
9.9496280359998579e-03
9.4666280359998467e-03
8.7036280359999996e-03
7.6996280359999947e-03
6.5066280359999951e-03
5.1866280360000072e-03
3.8126280359997988e-03
2.4866280359998605e-03
1.3276280359999504e-03
4.6662803599994973e-04
3.1628035999986537e-05
1.2762803599986050e-04
8.1662803599980016e-04
2.0886280359999621e-03
3.8336280359998476e-03
5.8306280359998741e-03
7.7656280359998942e-03
9.2846280359999422e-03
1.0081628035999879e-02
9.9846280359998651e-03
9.0156280359998675e-03
7.3806280359998144e-03
5.4036280359999189e-03
3.4356280359999491e-03
1.7756280359999543e-03
6.2062803599993721e-04
5.8628035999985784e-05
8.1628035999870008e-05
6.1662803599982219e-04
1.5516280359999524e-03
2.7566280359998530e-03
4.1026280359999223e-03
5.4726280359997936e-03
6.7716280359999548e-03
7.9286280359998074e-03
8.8856280359999040e-03
9.5926280359999172e-03
1.0012628036000004e-02
1.0124628035999894e-02
9.9236280359999984e-03
9.4186280359997987e-03
8.6346280359999028e-03
7.6146280359998819e-03
6.4106280359998991e-03
5.0826280359999032e-03
3.7086280359999169e-03
2.3906280359999865e-03
1.2496280359999279e-03
4.1762803599998399e-04
1.8628035999945780e-05
1.5862803599997477e-04
8.9362803599990492e-04
2.2066280359998025e-03
3.9806280359999668e-03
5.9846280359998616e-03
7.9006280359998904e-03
9.3746280359998657e-03
1.0106628035999821e-02
9.9396280359997924e-03
8.9116280359999855e-03
7.2376280359998102e-03
5.2486280359997917e-03
3.2956280359999202e-03
1.6686280359998751e-03
5.5662803599987321e-04
4.0628035999912271e-05
1.0562803599989401e-04
6.7562803599985344e-04
1.6356280359999253e-03
2.8556280359999242e-03
4.2076280359999441e-03
5.5746280359998401e-03
6.8656280359999933e-03
8.0096280359998051e-03
8.9496280359999680e-03
9.6356280359999325e-03
1.0032628035999913e-02
1.0120628036000001e-02
9.8956280359998594e-03
9.3676280359999975e-03
8.5646280359998883e-03
7.5286280359998514e-03
6.3126280359999676e-03
4.9786280359997992e-03
3.6046280359998129e-03
2.2956280359998082e-03
1.1736280359999629e-03
3.7062803599985372e-04
9.6280359997980014e-06
1.9362803599998202e-04
9.7462803599990266e-04
2.3276280359998403e-03
4.1286280360000038e-03
6.1386280359998491e-03
8.0326280359999114e-03
9.4586280359998387e-03
1.0126628035999952e-02
9.8906280359998267e-03
8.8026280359998488e-03
7.0926280359999705e-03
5.0946280359998042e-03
3.1566280359998089e-03
1.5636280359998533e-03
4.9662803599992422e-04
2.5628035999814003e-05
1.3262803599989326e-04
7.3662803599994220e-04
1.7206280359998161e-03
2.9556280359999132e-03
4.3116280359998260e-03
5.6766280359998866e-03
6.9586280359998920e-03
8.0886280359999674e-03
9.0106280359998348e-03
9.6756280359999725e-03
1.0049628035999847e-02
1.0114628035999829e-02
9.8656280359998849e-03
9.3156280359998345e-03
8.4936280359999561e-03
7.4416280359999032e-03
6.2146280359998141e-03
4.8746280359999172e-03
3.5016280359998486e-03
2.2016280359999918e-03
1.0996280359998334e-03
3.2562803600000301e-04
3.6280359998475120e-06
2.3162803599996451e-04
1.0576280359999579e-03
2.4516280359998532e-03
4.2776280359999586e-03
6.2906280360000011e-03
8.1616280359999571e-03
9.5396280359998364e-03
1.0140628035999910e-02
9.8356280359999104e-03
8.6906280359999588e-03
6.9466280359999910e-03
4.9406280359998167e-03
3.0206280359998949e-03
1.4626280359999466e-03
4.3962803599995048e-04
1.4628035999830757e-05
1.6262803599986775e-04
7.9962803599986643e-04
1.8076280359999863e-03
3.0556280359999022e-03
4.4166280359998478e-03
5.7776280359997934e-03
7.0506280359998730e-03
8.1666280359999899e-03
9.0716280359999235e-03
9.7156280360000125e-03
1.0065628035999863e-02
1.0106628035999821e-02
9.8336280359998529e-03
9.2626280359999758e-03
8.4206280359999663e-03
7.3536280359998152e-03
6.1156280359999649e-03
4.7696280359998955e-03
3.3986280359998844e-03
2.1096280360000108e-03
1.0276280359999834e-03
2.8362803599990549e-04
6.2803599987226733e-07
2.7262803599992225e-04
1.1456280359998239e-03
2.5776280359999237e-03
4.4276280359998310e-03
6.4426280359999311e-03
8.2886280359999454e-03
9.6156280359998014e-03
1.0149628035999836e-02
9.7756280359999614e-03
8.5756280359998716e-03
6.7986280359999540e-03
4.7876280359999690e-03
2.8866280359998164e-03
1.3646280359997931e-03
3.8562803599995199e-04
6.6280359998227567e-06
1.9562803599981748e-04
8.6462803599984817e-04
1.8956280359998523e-03
3.1566280359998089e-03
4.5216280359998695e-03
5.8786280359999221e-03
7.1416280359999362e-03
8.2436280359998726e-03
9.1296280359998150e-03
9.7526280359998552e-03
1.0079628035999821e-02
1.0096628035999977e-02
9.8006280359999032e-03
9.2076280359998375e-03
8.3476280359999766e-03
7.2646280359998094e-03
6.0156280359999759e-03
4.6646280359998737e-03
3.2956280359999202e-03
2.0186280359999476e-03
9.5762803599996893e-04
2.4462803600000527e-04
6.2803599987226733e-07
3.1862803599991274e-04
1.2356280359999694e-03
2.7066280359999695e-03
4.5796280359999830e-03
6.5936280359999433e-03
8.4116280359998186e-03
9.6866280359999557e-03
1.0153628035999951e-02
9.7116280359998974e-03
8.4566280359998913e-03
6.6486280359998595e-03
4.6346280359998993e-03
2.7546280359997954e-03
1.2696280359998369e-03
3.3562803599984647e-04
1.6280360000120453e-06
2.3062803599982473e-04
9.3262803599980515e-04
1.9856280359999978e-03
3.2586280359998554e-03
4.6266280359998913e-03
5.9796280359998288e-03
7.2316280359998597e-03
8.3196280359998376e-03
9.1866280360000108e-03
9.7876280359998624e-03
1.0092628035999862e-02
1.0084628035999854e-02
9.7656280359998959e-03
9.1506280359998637e-03
8.2716280360000116e-03
7.1746280359998860e-03
5.9156280359999869e-03
4.5606280359999918e-03
3.1936280359998737e-03
1.9286280359998020e-03
8.8962803600001195e-04
2.0762803599994051e-04
3.6280359998475120e-06
3.6662803599996074e-04
1.3296280360000079e-03
2.8376280359998507e-03
4.7316280359999130e-03
6.7436280359998158e-03
8.5316280359999386e-03
9.7526280359998552e-03
1.0151628035999893e-02
9.6416280359998829e-03
8.3336280359997961e-03
6.4986280359999871e-03
4.4836280359998870e-03
2.6246280359998320e-03
1.1776280359998559e-03
2.8962803599985598e-04
-3.7196400004546604e-07
2.6862803599980722e-04
1.0016280359999019e-03
2.0756280359999213e-03
3.3606280359999019e-03
4.7316280359999130e-03
6.0786280359999001e-03
7.3216280360000052e-03
8.3946280359998848e-03
9.2426280359998447e-03
9.8216280359999519e-03
1.0102628035999928e-02
1.0071628035999813e-02
9.7286280359998312e-03
9.0926280359999723e-03
8.1956280359998246e-03
7.0836280359998227e-03
5.8146280359998581e-03
4.4556280359999700e-03
3.0926280359999669e-03
1.8396280359997963e-03
8.2362803599989043e-04
1.7462803599999077e-04
1.0628035999937779e-05
4.1962803599981946e-04
1.4266280359997996e-03
2.9716280359999292e-03
4.8846280359999827e-03
6.8926280359999925e-03
8.6486280359998613e-03
9.8146280359998617e-03
1.0144628035999803e-02
9.5676280359999755e-03
8.2086280359998653e-03
6.3466280359998350e-03
4.3326280359998748e-03
2.4976280359998437e-03
1.0896280359999899e-03
2.4662803599984073e-04
1.6280360000120453e-06
3.0962803599998701e-04
1.0736280359999739e-03
2.1686280359998200e-03
3.4636280359998661e-03
4.8356280359997950e-03
6.1786280359998891e-03
7.4096280359998712e-03
8.4676280359998746e-03
9.2966280359998432e-03
9.8536280359999839e-03
1.0111628035999853e-02
1.0055628035999797e-02
9.6906280359998487e-03
9.0326280359998012e-03
8.1176280359998021e-03
6.9916280359998417e-03
5.7136280359999514e-03
4.3506280359999483e-03
2.9916280359998382e-03
1.7526280359998481e-03
7.5962803599982642e-04
1.4362803599987650e-04
2.1628035999921025e-05
4.7562803599987546e-04
1.5266280360000106e-03
3.1066280359999254e-03
5.0386280359999702e-03
7.0396280359998897e-03
8.7626280359998088e-03
9.8706280359999177e-03
1.0131628035999984e-02
9.4886280359998132e-03
8.0806280359999594e-03
6.1936280359999873e-03
4.1826280360000023e-03
2.3726280359999130e-03
1.0046280359998772e-03
2.0662803599980073e-04
6.6280359998227567e-06
3.5362803599991999e-04
1.1466280359999637e-03
2.2616280359999408e-03
3.5676280359999701e-03
4.9406280359998167e-03
6.2766280359998206e-03
7.4966280359998194e-03
8.5386280359998068e-03
9.3486280360000062e-03
9.8846280359998762e-03
1.0118628035999944e-02
1.0038628035999864e-02
9.6506280359998087e-03
8.9716280359999345e-03
8.0386280359998619e-03
6.8996280359998607e-03
5.6116280359999049e-03
4.2456280359999266e-03
2.8916280359998492e-03
1.6666280359998176e-03
6.9762803599981993e-04
1.1562803599995952e-04
3.4628035999961781e-05
5.3462803599990671e-04
1.6296280359999749e-03
3.2446280359998969e-03
5.1926280359999577e-03
7.1846280359999515e-03
8.8716280359999455e-03
9.9226280359998587e-03
1.0114628035999829e-02
9.4056280359999800e-03
7.9486280359999384e-03
6.0406280359999176e-03
4.0346280359999653e-03
2.2506280359999575e-03
9.2262803599996168e-04
1.7062803599987575e-04
1.4628035999830757e-05
3.9962803599991048e-04
1.2216280360000109e-03
2.3556280359999793e-03
3.6706280359999344e-03
5.0446280359999207e-03
6.3746280359999741e-03
7.5836280359999897e-03
8.6096280359999611e-03
9.3996280359998075e-03
9.9136280359999329e-03
1.0123628035999976e-02
1.0020628036000012e-02
9.6086280359999332e-03
8.9096280359999280e-03
7.9586280360000039e-03
6.8056280359998222e-03
5.5096280359998584e-03
4.1406280359999048e-03
2.7926280360000000e-03
1.5816280359999269e-03
6.3862803600001072e-04
9.0628035999795742e-05
5.1628035999895516e-05
5.9762803599983094e-04
1.7356280359999143e-03
3.3836280360000082e-03
5.3466280359999452e-03
7.3286280359998734e-03
8.9776280359998850e-03
9.9686280359998491e-03
1.0090628035999805e-02
9.3176280359998920e-03
7.8156280359999997e-03
5.8866280359999301e-03
3.8866280359999283e-03
2.1316280359999773e-03
8.4462803599993919e-04
1.3862803599984375e-04
2.6628035999953781e-05
4.4862803599987622e-04
1.2986280359998936e-03
2.4506280359999355e-03
3.7746280359998163e-03
5.1486280359998027e-03
6.4716280359999878e-03
7.6686280359998804e-03
8.6786280359998358e-03
9.4486280359999952e-03
9.9396280359997924e-03
1.0126628035999952e-02
9.9996280359999634e-03
9.5646280360000002e-03
8.8456280359998640e-03
7.8766280359998664e-03
6.7116280360000058e-03
5.4066280359998942e-03
4.0356280359998831e-03
2.6936280359999287e-03
1.4986280359998716e-03
5.8062803599989721e-04
6.8628035999829251e-05
7.2628035999944274e-05
6.6362803599995246e-04
1.8456280359999688e-03
3.5256280359998726e-03
5.5016280359998504e-03
7.4706280359999599e-03
9.0806280359998492e-03
1.0010628035999947e-02
1.0062628035999888e-02
9.2256280359999110e-03
7.6786280359999459e-03
5.7326280359999426e-03
3.7416280359998666e-03
2.0146280359998325e-03
7.6962803599989194e-04
1.0962803600000903e-04
4.0628035999912271e-05
4.9962803599989947e-04
1.3776280359998339e-03
2.5476280359999492e-03
3.8786280359999203e-03
5.2526280359999067e-03
6.5676280359998618e-03
7.7526280359998534e-03
8.7466280359997928e-03
9.4966280359998212e-03
9.9646280359999562e-03
1.0127628035999869e-02
9.9766280359998571e-03
9.5196280359999275e-03
8.7796280359999646e-03
7.7946280359999509e-03
6.6156280359999098e-03
5.3036280359999299e-03
3.9316280360000011e-03
2.5956280359999973e-03
1.4176280359998739e-03
5.2662803599989871e-04
4.9628035999838005e-05
9.5628035999828498e-05
7.3362803599996695e-04
1.9576280359998588e-03
3.6686280359998769e-03
5.6556280359998379e-03
7.6096280359998492e-03
9.1786280360000028e-03
1.0046628035999872e-02
1.0028628035999798e-02
9.1296280359998150e-03
7.5406280359999744e-03
5.5786280359999552e-03
3.5976280359999446e-03
1.9016280359998028e-03
6.9762803599981993e-04
8.3628035999927519e-05
5.8628035999985784e-05
5.5362803599989796e-04
1.4576280359999139e-03
2.6446280359999630e-03
3.9836280359999421e-03
5.3556280359998709e-03
6.6636280359999578e-03
7.8356280359999086e-03
8.8126280359999143e-03
9.5426280359998117e-03
9.9886280359999802e-03
1.0127628035999869e-02
9.9526280359998331e-03
9.4726280359997972e-03
8.7126280359999253e-03
7.7106280359999779e-03
6.5196280359998138e-03
5.2006280359999657e-03
3.8266280359999794e-03
2.4996280359999012e-03
1.3376280359997939e-03
4.7362803599981795e-04
3.3628035999822004e-05
1.2362803599996752e-04
8.0662803599995669e-04
2.0726280359999461e-03
3.8136280359999386e-03
5.8096280359998254e-03
7.7476280359998206e-03
9.2726280359998192e-03
1.0077628035999986e-02
9.9906280359998156e-03
9.0296280359998260e-03
7.3996280359998057e-03
5.4236280359998279e-03
3.4546280359999404e-03
1.7906280359998306e-03
6.2962803599986295e-04
6.1628035999961028e-05
7.8628035999894763e-05
6.0962803599995397e-04
1.5406280359999691e-03
2.7426280359998945e-03
4.0886280359999638e-03
5.4586280359998351e-03
6.7586280359999140e-03
7.9176280359998241e-03
8.8776280359998960e-03
9.5866280359999667e-03
1.0009628035999807e-02
1.0124628035999894e-02
9.9266280359999737e-03
9.4246280359999712e-03
8.6446280359999683e-03
7.6266280360000049e-03
6.4236280359999398e-03
5.0966280359998617e-03
3.7226280359998754e-03
2.4036280359998052e-03
1.2606280359999111e-03
4.2362803599993448e-04
2.0628036000003291e-05
1.5362803599994201e-04
8.8262803599992168e-04
2.1906280360000085e-03
3.9606280359998358e-03
5.9636280359998128e-03
7.8826280359998169e-03
9.3626280359999647e-03
1.0103628035999845e-02
9.9466280359998827e-03
8.9256280359999440e-03
7.2566280359998014e-03
5.2696280359998404e-03
3.3136280359999937e-03
1.6826280359998336e-03
5.6562803599979894e-04
4.2628035999969782e-05
1.0262803599991877e-04
6.6762803599984544e-04
1.6236280359998023e-03
2.8416280359999657e-03
4.1926280359998458e-03
5.5606280359998816e-03
6.8526280359999525e-03
7.9986280359998219e-03
8.9406280359998203e-03
9.6296280359999820e-03
1.0029628035999938e-02
1.0120628036000001e-02
9.8986280359998347e-03
9.3746280359998657e-03
8.5746280359999538e-03
7.5406280359999744e-03
6.3256280360000083e-03
4.9926280359999797e-03
3.6186280359999934e-03
2.3086280359998490e-03
1.1836280359998064e-03
3.7662803599980421e-04
1.0628035999937779e-05
1.8862803599994926e-04
9.6262803600000169e-04
2.3116280359998242e-03
4.1086280359998728e-03
6.1176280359998003e-03
8.0146280359998379e-03
9.4476280359998555e-03
1.0123628035999976e-02
9.8976280359999169e-03
8.8176280359999470e-03
7.1126280359998795e-03
5.1156280359998529e-03
3.1756280359998001e-03
1.5776280359998118e-03
5.0462803599993222e-04
2.7628035999871514e-05
1.2962803599991801e-04
7.2862803599993420e-04
1.7086280359999151e-03
2.9416280359999547e-03
4.2976280359998675e-03
5.6626280359999281e-03
6.9456280359998512e-03
8.0786280359999019e-03
9.0026280359998267e-03
9.6706280359999397e-03
1.0047628036000011e-02
1.0114628035999829e-02
9.8696280359999999e-03
9.3226280359999247e-03
8.5036280359997996e-03
7.4536280359998042e-03
6.2276280359998548e-03
4.8886280359998757e-03
3.5156280359998071e-03
2.2146280359998105e-03
1.1096280359998989e-03
3.3162803599995350e-04
3.6280359998475120e-06
2.2562803599979198e-04
1.0466280359999747e-03
2.4346280359999195e-03
4.2576280359998275e-03
6.2706280359998701e-03
8.1446280359998013e-03
9.5286280359998532e-03
1.0138628035999853e-02
9.8426280360000007e-03
8.7056280359998350e-03
6.9656280359999823e-03
4.9616280359998655e-03
3.0386280359999684e-03
1.4756280359999874e-03
4.4662803599981871e-04
1.5628035999970535e-05
1.5862803599997477e-04
7.9162803599985843e-04
1.7956280359998633e-03
3.0426280359998614e-03
4.4026280359998893e-03
5.7646280359999746e-03
7.0376280359998322e-03
8.1566280359999244e-03
9.0626280359999978e-03
9.7096280359998399e-03
1.0063628035999805e-02
1.0107628035999960e-02
9.8386280359998857e-03
9.2696280359998440e-03
8.4306280359998098e-03
7.3656280359999382e-03
6.1286280360000056e-03
4.7836280359998540e-03
3.4126280359998429e-03
2.1216280359999118e-03
1.0376280359998269e-03
2.8962803599985598e-04
6.2803599987226733e-07
2.6762803599988949e-04
1.1336280359999229e-03
2.5606280359999900e-03
4.4076280359999220e-03
6.4226280359998000e-03
8.2716280360000116e-03
9.6056280359999580e-03
1.0148628035999918e-02
9.7836280359999694e-03
8.5906280359999698e-03
6.8176280359999453e-03
4.8086280359997957e-03
2.9046280359998899e-03
1.3776280359998339e-03
3.9262803599982021e-04
7.6280359999625347e-06
1.9062803600000677e-04
8.5662803599984017e-04
1.8836280359999513e-03
3.1436280359999902e-03
4.5076280359999110e-03
5.8656280359998814e-03
7.1296280359998132e-03
8.2336280359998071e-03
9.1216280359998070e-03
9.7476280359998224e-03
1.0078628035999904e-02
1.0097628035999895e-02
9.8046280359997962e-03
9.2146280359999277e-03
8.3566280359999023e-03
7.2766280359999325e-03
6.0296280359999344e-03
4.6786280359998322e-03
3.3096280359998786e-03
2.0306280359998485e-03
9.6662803599989466e-04
2.4962803599981598e-04
6.2803599987226733e-07
3.1162803599982247e-04
1.2236280359998464e-03
2.6896280359998137e-03
4.5586280359999343e-03
6.5736280359998123e-03
8.3956280359998026e-03
9.6766280359998902e-03
1.0152628035999811e-02
9.7196280359999054e-03
8.4726280359999073e-03
6.6686280359999905e-03
4.6556280359999480e-03
2.7716280359999512e-03
1.2816280359999599e-03
3.4262803599993674e-04
1.6280360000120453e-06
2.2562803599979198e-04
9.2362803599987942e-04
1.9726280359999571e-03
3.2446280359998969e-03
4.6126280359999328e-03
5.9656280359998703e-03
7.2196280359999587e-03
8.3096280359999941e-03
9.1796280359999205e-03
9.7836280359999694e-03
1.0090628035999805e-02
1.0086628035999912e-02
9.7706280359999287e-03
9.1586280359998717e-03
8.2816280359998551e-03
7.1866280360000090e-03
5.9286280359998056e-03
4.5746280359999503e-03
3.2076280359998322e-03
1.9406280359999251e-03
8.9862803599993768e-04
2.1262803599997326e-04
3.6280359998475120e-06
3.6062803600001025e-04
1.3166280359999671e-03
2.8196280359999992e-03
4.7116280360000040e-03
6.7236280359999068e-03
8.5156280359999226e-03
9.7436280359999294e-03
1.0151628035999893e-02
9.6516280359999485e-03
8.3506280359999518e-03
6.5186280359998960e-03
4.5036280359997960e-03
2.6416280359999877e-03
1.1896280359999789e-03
2.9562803599980647e-04
-3.7196400004546604e-07
2.6362803599999651e-04
9.9262803599997618e-04
2.0636280359997983e-03
3.3476280359998611e-03
4.7176280359999545e-03
6.0656280359998593e-03
7.3096280359998822e-03
8.3846280359998193e-03
9.2346280359998367e-03
9.8176280359998369e-03
1.0101628036000010e-02
1.0072628035999953e-02
9.7336280359998639e-03
9.1006280359999803e-03
8.2056280359998901e-03
7.0956280359999457e-03
5.8286280359998166e-03
4.4696280359999285e-03
3.1066280359999254e-03
1.8516280359999193e-03
8.3162803599989843e-04
1.7862803599988375e-04
9.6280359997980014e-06
4.1262803599995124e-04
1.4136280359999809e-03
2.9536280359998557e-03
4.8646280359998517e-03
6.8726280359998615e-03
8.6336280359999851e-03
9.8066280359998537e-03
1.0145628035999943e-02
9.5776280359998189e-03
8.2256280359997991e-03
6.3666280359999661e-03
4.3526280360000058e-03
2.5146280359999995e-03
1.1016280359998909e-03
2.5162803599987349e-04
1.6280360000120453e-06
3.0462803599995425e-04
1.0636280359999084e-03
2.1556280360000013e-03
3.4496280359999076e-03
4.8216280359998365e-03
6.1646280359999306e-03
7.3976280359999702e-03
8.4576280359998091e-03
9.2896280359999750e-03
9.8496280359998689e-03
1.0110628035999936e-02
1.0057628035999855e-02
9.6956280359998814e-03
9.0406280359998092e-03
8.1276280359998676e-03
7.0046280359998825e-03
5.7276280359999099e-03
4.3646280359999068e-03
3.0056280359997967e-03
1.7636280359998313e-03
7.6762803599983442e-04
1.4762803599999152e-04
1.9628035999863513e-05
4.6762803599986746e-04
1.5126280359998301e-03
3.0886280359998519e-03
5.0176280359999215e-03
7.0196280359999808e-03
8.7476280359999325e-03
9.8636280359998274e-03
1.0133628035999820e-02
9.4996280359997964e-03
8.0976280359998931e-03
6.2146280359998141e-03
4.2026280359999113e-03
2.3896280359998467e-03
1.0156280359998604e-03
2.1162803599983349e-04
5.6280359999050233e-06
3.4762803599996950e-04
1.1366280359998981e-03
2.2486280359999000e-03
3.5536280360000116e-03
4.9266280359998582e-03
6.2636280360000018e-03
7.4856280359998362e-03
8.5296280359998811e-03
9.3416280359999160e-03
9.8806280359999832e-03
1.0117628035999804e-02
1.0041628035999839e-02
9.6556280359998414e-03
8.9796280359999425e-03
8.0486280359999274e-03
6.9116280359999838e-03
5.6256280359998634e-03
4.2596280359998850e-03
2.9046280359998899e-03
1.6776280359998008e-03
7.0562803599982793e-04
1.1862803599993477e-04
3.2628035999904270e-05
5.2662803599989871e-04
1.6156280359997943e-03
3.2256280359999057e-03
5.1716280359999089e-03
7.1656280359999602e-03
8.8576280359999870e-03
9.9156280359999904e-03
1.0116628035999886e-02
9.4166280359999632e-03
7.9666280360000119e-03
6.0616280359999664e-03
4.0536280359999566e-03
2.2666280359999735e-03
9.3362803599994493e-04
1.7562803599990851e-04
1.3628035999913024e-05
3.9362803599995999e-04
1.2116280359999454e-03
2.3426280359999385e-03
3.6566280359999759e-03
5.0306280359999622e-03
6.3616280359999333e-03
7.5716280359998667e-03
8.5996280359998956e-03
9.3926280359999392e-03
9.9096280359998179e-03
1.0122628035999837e-02
1.0022628035999848e-02
9.6146280359998837e-03
8.9176280359999360e-03
7.9686280359998474e-03
6.8186280359998630e-03
5.5236280359998169e-03
4.1546280359998633e-03
2.8056280359998187e-03
1.5926280359999101e-03
6.4562803599987895e-04
9.3628035999993031e-05
4.9628035999838005e-05
5.8862803599990521e-04
1.7216280359999558e-03
3.3656280359999347e-03
5.3256280359998964e-03
7.3096280359998822e-03
8.9636280359999265e-03
9.9626280359998987e-03
1.0094628035999920e-02
9.3296280359997930e-03
7.8336280359998511e-03
5.9076280359999789e-03
3.9066280359998373e-03
2.1476280359999933e-03
8.5462803600000470e-04
1.4262803599995877e-04
2.4628035999896269e-05
4.4162803600000800e-04
1.2886280359998281e-03
2.4386280359998125e-03
3.7606280359998578e-03
5.1346280359998442e-03
6.4586280359999471e-03
7.6576280359998972e-03
8.6696280359999101e-03
9.4426280359998227e-03
9.9366280359998171e-03
1.0125628035999812e-02
1.0002628035999939e-02
9.5706280359999507e-03
8.8536280359998720e-03
7.8876280359998496e-03
6.7236280359999068e-03
5.4206280359998527e-03
4.0496280359998416e-03
2.7066280359999695e-03
1.5096280359998548e-03
5.8862803599990521e-04
7.1628035999804496e-05
6.9628035999969029e-05
6.5462803599980468e-04
1.8306280359998706e-03
3.5066280359998814e-03
5.4806280359998016e-03
7.4516280359999687e-03
9.0666280359998908e-03
1.0004628035999996e-02
1.0066628036000003e-02
9.2386280359999517e-03
7.6976280359999372e-03
5.7536280359999914e-03
3.7606280359998578e-03
2.0306280359998485e-03
7.7962803599995745e-04
1.1262803599998428e-04
3.8628035999854760e-05
4.9262803599980920e-04
1.3666280359998506e-03
2.5346280359999085e-03
3.8646280359999619e-03
5.2386280359999482e-03
6.5556280359999608e-03
7.7416280359998701e-03
8.7376280359998670e-03
9.4906280359998707e-03
9.9616280359999809e-03
1.0127628035999869e-02
9.9796280359998324e-03
9.5256280359998780e-03
8.7886280359998903e-03
7.8056280359999342e-03
6.6286280359999505e-03
5.3176280359998884e-03
3.9456280359999596e-03
2.6086280359998160e-03
1.4286280359998571e-03
5.3362803599998898e-04
5.1628035999895516e-05
9.2628035999853253e-05
7.2362803599990144e-04
1.9426280359999826e-03
3.6496280359998856e-03
5.6346280360000112e-03
7.5916280359999977e-03
9.1656280359999620e-03
1.0041628035999839e-02
1.0033628035999831e-02
9.1426280359998557e-03
7.5586280359998259e-03
5.5986280359998641e-03
3.6166280359999359e-03
1.9166280359999011e-03
7.0762803599988544e-04
8.6628035999902764e-05
5.5628036000010539e-05
5.4562803599988996e-04
1.4476280359998484e-03
2.6316280359999222e-03
3.9696280359999836e-03
5.3416280359999124e-03
6.6506280359999170e-03
7.8246280359999254e-03
8.8036280359999886e-03
9.5366280359998612e-03
9.9856280360000049e-03
1.0127628035999869e-02
9.9556280359998084e-03
9.4796280359998875e-03
8.7216280359998510e-03
7.7216280359999612e-03
6.5326280359998545e-03
5.2146280359999242e-03
3.8406280359999379e-03
2.5116280359998022e-03
1.3486280359999991e-03
4.8062803599990822e-04
3.5628035999879515e-05
1.1962803599985250e-04
7.9662803599989118e-04
2.0576280359998478e-03
3.7946280359999474e-03
5.7896280359999164e-03
7.7296280359999692e-03
9.2596280360000005e-03
1.0073628035999871e-02
9.9956280359998484e-03
9.0436280360000065e-03
7.4186280359997969e-03
5.4446280359998767e-03
3.4736280359999316e-03
1.8046280360000111e-03
6.3862803600001072e-04
6.4628035999936273e-05
7.5628035999919518e-05
6.0162803599994596e-04
1.5286280359998461e-03
2.7296280359998537e-03
4.0746280360000053e-03
5.4446280359998767e-03
6.7456280359998733e-03
7.9066280359998409e-03
8.8686280359999703e-03
9.5806280359997942e-03
1.0006628035999832e-02
1.0125628035999812e-02
9.9306280359998667e-03
9.4306280359999217e-03
8.6536280359998941e-03
7.6376280359999882e-03
6.4356280359998408e-03
5.1106280359998202e-03
3.7366280359998338e-03
2.4156280359999283e-03
1.2706280359999766e-03
4.3062803599980271e-04
2.1628035999921025e-05
1.4962803599982699e-04
8.7262803599985617e-04
2.1746280359999925e-03
3.9406280359999268e-03
5.9436280359999039e-03
7.8646280359999654e-03
9.3506280359998417e-03
1.0099628035999952e-02
9.9526280359998331e-03
8.9396280359999025e-03
7.2756280359997927e-03
5.2896280359999714e-03
3.3326280359999849e-03
1.6966280359997921e-03
5.7362803599980694e-04
4.5628035999945027e-05
9.9628035999943521e-05
6.5962803599983744e-04
1.6126280359998191e-03
2.8286280359999250e-03
4.1786280359998873e-03
5.5466280359999232e-03
6.8396280359999118e-03
7.9876280359998386e-03
8.9326280359998123e-03
9.6236280359998094e-03
1.0026628035999963e-02
1.0121628035999919e-02
9.9026280359999497e-03
9.3816280359999560e-03
8.5836280359998796e-03
7.5516280359999577e-03
6.3386280359998270e-03
5.0066280359999382e-03
3.6326280359999519e-03
2.3206280359999720e-03
1.1936280359998719e-03
3.8262803599997675e-04
1.1628035999855513e-05
1.8362803599991651e-04
9.5262803599993617e-04
2.2956280359998082e-03
4.0886280359999638e-03
6.0966280359999736e-03
7.9976280359999041e-03
9.4366280359998722e-03
1.0120628036000001e-02
9.9036280359998674e-03
8.8316280359999055e-03
7.1316280359998707e-03
5.1356280359999840e-03
3.1936280359998737e-03
1.5916280359999924e-03
5.1262803599994022e-04
2.9628035999929025e-05
1.2562803599980299e-04
7.1962803600000846e-04
1.6976280359999318e-03
2.9286280359999139e-03
4.2836280359999090e-03
5.6496280359998874e-03
6.9336280359999503e-03
8.0676280359999186e-03
8.9946280359998187e-03
9.6646280359999892e-03
1.0045628035999954e-02
1.0115628035999968e-02
9.8736280359998929e-03
9.3296280359997930e-03
8.5126280359999473e-03
7.4646280360000095e-03
6.2406280359998956e-03
4.9016280359999165e-03
3.5286280359998479e-03
2.2266280359999335e-03
1.1196280359999644e-03
3.3762803599990399e-04
4.6280359999872900e-06
2.2062803599998126e-04
1.0356280359999914e-03
2.4186280359999035e-03
4.2376280359999186e-03
6.2496280359998213e-03
8.1276280359998676e-03
9.5186280360000097e-03
1.0136628035999795e-02
9.8506280360000087e-03
8.7206280359999333e-03
