0.0 0.0 1.0 1.0 
4.134137 0.0 1.0 1.0 
8.268274 0.0 1.0 1.0 
12.402411 0.0 1.0000000000000002 1.0000000000000002 
16.536548 0.0 1.0000000000000002 1.0000000000000002 
20.670685 0.0 1.0000000000000002 1.0000000000000002 
24.804821999999998 0.0 1.0000000000000002 1.0000000000000002 
28.938958999999997 0.0 1.0000000000000002 1.0000000000000002 
33.073096 0.0 1.0000000000000004 1.0000000000000004 
37.207233 0.0 1.0000000000000004 1.0000000000000004 
41.341370000000005 0.0 1.0000000000000002 1.0000000000000002 
45.47550700000001 0.0 1.0000000000000004 1.0000000000000004 
49.60964400000001 0.0 1.0000000000000004 1.0000000000000004 
53.74378100000001 0.0 1.0000000000000004 1.0000000000000004 
57.877918000000015 0.0 1.0000000000000002 1.0000000000000002 
62.01205500000002 0.0 1.0000000000000002 1.0000000000000002 
66.14619200000001 0.0 1.0 1.0 
70.28032900000001 0.0 1.0000000000000004 1.0000000000000004 
74.414466 0.0 1.0000000000000007 1.0000000000000007 
78.548603 0.0 1.0000000000000002 1.0000000000000002 
82.68274 0.0 1.0000000000000004 1.0000000000000004 
86.81687699999999 0.0 1.0000000000000007 1.0000000000000007 
90.95101399999999 0.0 1.0000000000000004 1.0000000000000004 
95.08515099999998 0.0 1.0000000000000004 1.0000000000000004 
99.21928799999998 0.0 1.0000000000000007 1.0000000000000007 
103.35342499999997 0.0 1.0000000000000009 1.0000000000000009 
107.48756199999997 0.0 1.0000000000000007 1.0000000000000007 
111.62169899999996 0.0 1.0000000000000004 1.0000000000000004 
115.75583599999996 0.0 1.0000000000000002 1.0000000000000002 
119.88997299999996 0.0 1.0000000000000002 1.0000000000000002 
124.02410999999995 0.0 1.0000000000000002 1.0000000000000002 
128.15824699999996 0.0 0.9999999999999999 0.9999999999999999 
132.29238399999997 0.0 0.9999999999999999 0.9999999999999999 
136.42652099999998 0.0 0.9999999999999999 0.9999999999999999 
140.560658 0.0 1.0 1.0 
144.694795 0.0 0.9999999999999999 0.9999999999999999 
148.828932 0.0 0.9999999999999997 0.9999999999999997 
152.96306900000002 0.0 0.9999999999999996 0.9999999999999996 
157.09720600000003 0.0 0.9999999999999998 0.9999999999999998 
161.23134300000004 0.0 0.9999999999999996 0.9999999999999996 
165.36548000000005 0.0 0.9999999999999996 0.9999999999999996 
169.49961700000006 0.0 0.9999999999999992 0.9999999999999992 
173.63375400000007 0.0 0.9999999999999993 0.9999999999999993 
177.76789100000008 0.0 0.9999999999999993 0.9999999999999993 
181.9020280000001 0.0 0.9999999999999994 0.9999999999999994 
186.0361650000001 0.0 0.9999999999999996 0.9999999999999996 
190.1703020000001 0.0 0.9999999999999998 0.9999999999999998 
194.30443900000012 0.0 1.0 1.0 
198.43857600000013 0.0 0.9999999999999999 0.9999999999999999 
202.57271300000014 0.0 0.9999999999999998 0.9999999999999998 
206.70685000000014 0.0 0.9999999999999996 0.9999999999999996 
210.84098700000015 0.0 0.9999999999999996 0.9999999999999996 
214.97512400000016 0.0 0.9999999999999996 0.9999999999999996 
219.10926100000017 0.0 0.9999999999999996 0.9999999999999996 
223.24339800000018 0.0 0.9999999999999996 0.9999999999999996 
227.3775350000002 0.0 0.9999999999999994 0.9999999999999994 
231.5116720000002 0.0 0.9999999999999997 0.9999999999999997 
235.6458090000002 0.0 0.9999999999999998 0.9999999999999998 
239.77994600000022 0.0 0.9999999999999999 0.9999999999999999 
243.91408300000023 0.0 0.9999999999999998 0.9999999999999998 
248.04822000000024 0.0 0.9999999999999998 0.9999999999999998 
252.18235700000025 0.0 0.9999999999999997 0.9999999999999997 
256.31649400000026 0.0 0.9999999999999996 0.9999999999999996 
260.45063100000027 0.0 0.9999999999999998 0.9999999999999998 
264.5847680000003 0.0 0.9999999999999998 0.9999999999999998 
268.7189050000003 0.0 0.9999999999999999 0.9999999999999999 
272.8530420000003 0.0 1.0000000000000002 1.0000000000000002 
276.9871790000003 0.0 1.0000000000000002 1.0000000000000002 
281.1213160000003 0.0 1.0000000000000002 1.0000000000000002 
285.25545300000033 0.0 1.0000000000000002 1.0000000000000002 
289.38959000000034 0.0 1.0000000000000002 1.0000000000000002 
293.52372700000035 0.0 1.0000000000000002 1.0000000000000002 
297.65786400000036 0.0 1.0000000000000004 1.0000000000000004 
301.79200100000037 0.0 1.0000000000000007 1.0000000000000007 
305.9261380000004 0.0 1.0000000000000004 1.0000000000000004 
310.0602750000004 0.0 1.0000000000000009 1.0000000000000009 
314.1944120000004 0.0 1.0000000000000007 1.0000000000000007 
318.3285490000004 0.0 1.0000000000000007 1.0000000000000007 
322.4626860000004 0.0 1.0000000000000007 1.0000000000000007 
326.5968230000004 0.0 1.0000000000000004 1.0000000000000004 
330.73096000000044 0.0 1.0 1.0 
334.86509700000045 0.0 1.0000000000000002 1.0000000000000002 
338.99923400000046 0.0 1.0000000000000004 1.0000000000000004 
343.13337100000047 0.0 1.0000000000000004 1.0000000000000004 
347.2675080000005 0.0 1.0000000000000007 1.0000000000000007 
351.4016450000005 0.0 1.0000000000000007 1.0000000000000007 
355.5357820000005 0.0 1.0000000000000007 1.0000000000000007 
359.6699190000005 0.0 1.0000000000000004 1.0000000000000004 
363.8040560000005 0.0 1.0000000000000009 1.0000000000000009 
367.9381930000005 0.0 1.000000000000001 1.000000000000001 
372.07233000000053 0.0 1.0000000000000009 1.0000000000000009 
376.20646700000054 0.0 1.0000000000000007 1.0000000000000007 
380.34060400000055 0.0 1.0000000000000004 1.0000000000000004 
384.47474100000056 0.0 1.0000000000000002 1.0000000000000002 
388.6088780000006 0.0 1.0000000000000002 1.0000000000000002 
392.7430150000006 0.0 1.0000000000000004 1.0000000000000004 
396.8771520000006 0.0 1.0000000000000007 1.0000000000000007 
401.0112890000006 0.0 1.0000000000000007 1.0000000000000007 
405.1454260000006 0.0 1.0000000000000004 1.0000000000000004 
409.2795630000006 0.0 1.0000000000000004 1.0000000000000004 
413.41370000000063 0.0 1.0000000000000007 1.0000000000000007 
417.54783700000064 0.0 1.0000000000000002 1.0000000000000002 
421.68197400000065 0.0 1.0000000000000002 1.0000000000000002 
425.81611100000066 0.0 1.0000000000000002 1.0000000000000002 
429.95024800000067 0.0 1.0 1.0 
434.0843850000007 0.0 1.0 1.0 
438.2185220000007 0.0 1.0000000000000004 1.0000000000000004 
442.3526590000007 0.0 1.0000000000000007 1.0000000000000007 
446.4867960000007 0.0 1.0000000000000007 1.0000000000000007 
450.6209330000007 0.0 1.0000000000000007 1.0000000000000007 
454.7550700000007 0.0 1.0000000000000009 1.0000000000000009 
458.88920700000074 0.0 1.000000000000001 1.000000000000001 
463.02334400000075 0.0 1.000000000000001 1.000000000000001 
467.15748100000076 0.0 1.0000000000000013 1.0000000000000013 
471.29161800000077 0.0 1.0000000000000013 1.0000000000000013 
475.4257550000008 0.0 1.000000000000001 1.000000000000001 
479.5598920000008 0.0 1.000000000000001 1.000000000000001 
483.6940290000008 0.0 1.000000000000001 1.000000000000001 
487.8281660000008 0.0 1.0000000000000009 1.0000000000000009 
491.9623030000008 0.0 1.000000000000001 1.000000000000001 
496.0964400000008 0.0 1.0000000000000009 1.0000000000000009 
500.23057700000084 0.0 1.0000000000000007 1.0000000000000007 
504.36471400000084 0.0 1.0000000000000007 1.0000000000000007 
508.49885100000085 0.0 1.0000000000000007 1.0000000000000007 
512.6329880000009 0.0 1.0000000000000007 1.0000000000000007 
516.7671250000009 0.0 1.0000000000000009 1.0000000000000009 
520.9012620000009 0.0 1.0000000000000009 1.0000000000000009 
525.0353990000009 0.0 1.0000000000000007 1.0000000000000007 
529.1695360000009 0.0 1.0000000000000009 1.0000000000000009 
533.3036730000009 0.0 1.0000000000000013 1.0000000000000013 
537.4378100000009 0.0 1.0000000000000016 1.0000000000000016 
541.5719470000009 0.0 1.0000000000000016 1.0000000000000016 
545.7060840000009 0.0 1.0000000000000013 1.0000000000000013 
549.840221000001 0.0 1.0000000000000013 1.0000000000000013 
553.974358000001 0.0 1.0000000000000013 1.0000000000000013 
558.108495000001 0.0 1.000000000000001 1.000000000000001 
562.242632000001 0.0 1.0000000000000009 1.0000000000000009 
566.376769000001 0.0 1.0000000000000009 1.0000000000000009 
570.510906000001 0.0 1.0000000000000009 1.0000000000000009 
574.645043000001 0.0 1.0000000000000009 1.0000000000000009 
578.779180000001 0.0 1.0000000000000009 1.0000000000000009 
582.913317000001 0.0 1.000000000000001 1.000000000000001 
587.047454000001 0.0 1.0000000000000013 1.0000000000000013 
591.181591000001 0.0 1.0000000000000013 1.0000000000000013 
595.3157280000011 0.0 1.000000000000001 1.000000000000001 
599.4498650000011 0.0 1.000000000000001 1.000000000000001 
603.5840020000011 0.0 1.000000000000001 1.000000000000001 
607.7181390000011 0.0 1.0000000000000013 1.0000000000000013 
611.8522760000011 0.0 1.000000000000001 1.000000000000001 
615.9864130000011 0.0 1.000000000000001 1.000000000000001 
620.1205500000011 0.0 1.000000000000001 1.000000000000001 
624.2546870000011 0.0 1.000000000000001 1.000000000000001 
628.3888240000011 0.0 1.0000000000000013 1.0000000000000013 
632.5229610000011 0.0 1.0000000000000009 1.0000000000000009 
636.6570980000012 0.0 1.0000000000000009 1.0000000000000009 
640.7912350000012 0.0 1.0000000000000009 1.0000000000000009 
644.9253720000012 0.0 1.0000000000000007 1.0000000000000007 
649.0595090000012 0.0 1.0000000000000004 1.0000000000000004 
653.1936460000012 0.0 1.0000000000000004 1.0000000000000004 
657.3277830000012 0.0 1.0000000000000007 1.0000000000000007 
661.4619200000012 0.0 1.0000000000000009 1.0000000000000009 
665.5960570000012 0.0 1.000000000000001 1.000000000000001 
669.7301940000012 0.0 1.000000000000001 1.000000000000001 
673.8643310000012 0.0 1.000000000000001 1.000000000000001 
677.9984680000013 0.0 1.000000000000001 1.000000000000001 
682.1326050000013 0.0 1.0000000000000009 1.0000000000000009 
686.2667420000013 0.0 1.0000000000000007 1.0000000000000007 
690.4008790000013 0.0 1.000000000000001 1.000000000000001 
694.5350160000013 0.0 1.0000000000000013 1.0000000000000013 
698.6691530000013 0.0 1.0000000000000013 1.0000000000000013 
702.8032900000013 0.0 1.0000000000000013 1.0000000000000013 
706.9374270000013 0.0 1.0000000000000016 1.0000000000000016 
711.0715640000013 0.0 1.0000000000000016 1.0000000000000016 
715.2057010000013 0.0 1.0000000000000016 1.0000000000000016 
719.3398380000014 0.0 1.0000000000000018 1.0000000000000018 
723.4739750000014 0.0 1.0000000000000016 1.0000000000000016 
727.6081120000014 0.0 1.0000000000000016 1.0000000000000016 
731.7422490000014 0.0 1.0000000000000016 1.0000000000000016 
735.8763860000014 0.0 1.0000000000000016 1.0000000000000016 
740.0105230000014 0.0 1.0000000000000013 1.0000000000000013 
744.1446600000014 0.0 1.0000000000000013 1.0000000000000013 
748.2787970000014 0.0 1.0000000000000013 1.0000000000000013 
752.4129340000014 0.0 1.0000000000000009 1.0000000000000009 
756.5470710000014 0.0 1.000000000000001 1.000000000000001 
760.6812080000014 0.0 1.0000000000000013 1.0000000000000013 
764.8153450000015 0.0 1.0000000000000016 1.0000000000000016 
768.9494820000015 0.0 1.0000000000000016 1.0000000000000016 
773.0836190000015 0.0 1.0000000000000013 1.0000000000000013 
777.2177560000015 0.0 1.0000000000000013 1.0000000000000013 
781.3518930000015 0.0 1.0000000000000016 1.0000000000000016 
785.4860300000015 0.0 1.0000000000000016 1.0000000000000016 
789.6201670000015 0.0 1.0000000000000013 1.0000000000000013 
793.7543040000015 0.0 1.0000000000000013 1.0000000000000013 
797.8884410000015 0.0 1.0000000000000013 1.0000000000000013 
802.0225780000015 0.0 1.0000000000000013 1.0000000000000013 
806.1567150000016 0.0 1.0000000000000016 1.0000000000000016 
810.2908520000016 0.0 1.0000000000000016 1.0000000000000016 
814.4249890000016 0.0 1.0000000000000016 1.0000000000000016 
818.5591260000016 0.0 1.0000000000000016 1.0000000000000016 
822.6932630000016 0.0 1.0000000000000018 1.0000000000000018 
826.8274000000016 0.0 1.0000000000000018 1.0000000000000018 
830.9615370000016 0.0 1.000000000000002 1.000000000000002 
835.0956740000016 0.0 1.000000000000002 1.000000000000002 
839.2298110000016 0.0 1.000000000000002 1.000000000000002 
843.3639480000016 0.0 1.000000000000002 1.000000000000002 
847.4980850000017 0.0 1.0000000000000018 1.0000000000000018 
851.6322220000017 0.0 1.000000000000002 1.000000000000002 
855.7663590000017 0.0 1.000000000000002 1.000000000000002 
859.9004960000017 0.0 1.0000000000000022 1.0000000000000022 
864.0346330000017 0.0 1.0000000000000022 1.0000000000000022 
868.1687700000017 0.0 1.000000000000002 1.000000000000002 
872.3029070000017 0.0 1.0000000000000022 1.0000000000000022 
876.4370440000017 0.0 1.0000000000000022 1.0000000000000022 
880.5711810000017 0.0 1.0000000000000022 1.0000000000000022 
884.7053180000017 0.0 1.0000000000000022 1.0000000000000022 
888.8394550000017 0.0 1.0000000000000027 1.0000000000000027 
892.9735920000018 0.0 1.0000000000000022 1.0000000000000022 
897.1077290000018 0.0 1.0000000000000024 1.0000000000000024 
901.2418660000018 0.0 1.0000000000000024 1.0000000000000024 
905.3760030000018 0.0 1.0000000000000024 1.0000000000000024 
909.5101400000018 0.0 1.0000000000000024 1.0000000000000024 
913.6442770000018 0.0 1.0000000000000024 1.0000000000000024 
917.7784140000018 0.0 1.000000000000002 1.000000000000002 
921.9125510000018 0.0 1.000000000000002 1.000000000000002 
926.0466880000018 0.0 1.0000000000000018 1.0000000000000018 
930.1808250000018 0.0 1.0000000000000018 1.0000000000000018 
934.3149620000019 0.0 1.000000000000002 1.000000000000002 
938.4490990000019 0.0 1.0000000000000018 1.0000000000000018 
942.5832360000019 0.0 1.000000000000002 1.000000000000002 
946.7173730000019 0.0 1.0000000000000018 1.0000000000000018 
950.8515100000019 0.0 1.0000000000000018 1.0000000000000018 
954.9856470000019 0.0 1.0000000000000018 1.0000000000000018 
959.1197840000019 0.0 1.0000000000000018 1.0000000000000018 
963.2539210000019 0.0 1.000000000000002 1.000000000000002 
967.3880580000019 0.0 1.0000000000000022 1.0000000000000022 
971.522195000002 0.0 1.0000000000000022 1.0000000000000022 
975.656332000002 0.0 1.000000000000002 1.000000000000002 
979.790469000002 0.0 1.0000000000000022 1.0000000000000022 
983.924606000002 0.0 1.0000000000000022 1.0000000000000022 
988.058743000002 0.0 1.0000000000000022 1.0000000000000022 
992.192880000002 0.0 1.0000000000000022 1.0000000000000022 
996.327017000002 0.0 1.000000000000002 1.000000000000002 
1000.461154000002 0.0 1.000000000000002 1.000000000000002 
1004.595291000002 0.0 1.000000000000002 1.000000000000002 
1008.729428000002 0.0 1.0000000000000018 1.0000000000000018 
1012.863565000002 0.0 1.0000000000000013 1.0000000000000013 
1016.997702000002 0.0 1.0000000000000013 1.0000000000000013 
1021.1318390000021 0.0 1.0000000000000013 1.0000000000000013 
1025.265976000002 0.0 1.000000000000001 1.000000000000001 
1029.400113000002 0.0 1.000000000000001 1.000000000000001 
1033.534250000002 0.0 1.0000000000000013 1.0000000000000013 
1037.668387000002 0.0 1.0000000000000016 1.0000000000000016 
1041.802524000002 0.0 1.0000000000000016 1.0000000000000016 
1045.936661000002 0.0 1.0000000000000016 1.0000000000000016 
1050.070798000002 0.0 1.0000000000000016 1.0000000000000016 
1054.204935000002 0.0 1.0000000000000018 1.0000000000000018 
1058.339072000002 0.0 1.0000000000000018 1.0000000000000018 
1062.473209000002 0.0 1.000000000000002 1.000000000000002 
1066.607346000002 0.0 1.0000000000000018 1.0000000000000018 
1070.741483000002 0.0 1.0000000000000013 1.0000000000000013 
1074.875620000002 0.0 1.0000000000000013 1.0000000000000013 
1079.009757000002 0.0 1.0000000000000013 1.0000000000000013 
1083.143894000002 0.0 1.0000000000000016 1.0000000000000016 
1087.278031000002 0.0 1.0000000000000018 1.0000000000000018 
1091.412168000002 0.0 1.0000000000000018 1.0000000000000018 
1095.5463050000021 0.0 1.0000000000000022 1.0000000000000022 
1099.6804420000021 0.0 1.0000000000000024 1.0000000000000024 
1103.8145790000021 0.0 1.0000000000000024 1.0000000000000024 
1107.9487160000022 0.0 1.0000000000000022 1.0000000000000022 
1112.0828530000022 0.0 1.0000000000000027 1.0000000000000027 
1116.2169900000022 0.0 1.0000000000000027 1.0000000000000027 
1120.3511270000022 0.0 1.0000000000000027 1.0000000000000027 
1124.4852640000022 0.0 1.0000000000000027 1.0000000000000027 
1128.6194010000022 0.0 1.0000000000000024 1.0000000000000024 
1132.7535380000022 0.0 1.0000000000000027 1.0000000000000027 
1136.8876750000022 0.0 1.0000000000000027 1.0000000000000027 
1141.0218120000022 0.0 1.0000000000000027 1.0000000000000027 
1145.1559490000022 0.0 1.0000000000000027 1.0000000000000027 
1149.2900860000022 0.0 1.0000000000000027 1.0000000000000027 
1153.4242230000023 0.0 1.0000000000000029 1.0000000000000029 
1157.5583600000023 0.0 1.0000000000000027 1.0000000000000027 
1161.6924970000023 0.0 1.0000000000000027 1.0000000000000027 
1165.8266340000023 0.0 1.0000000000000027 1.0000000000000027 
1169.9607710000023 0.0 1.0000000000000027 1.0000000000000027 
1174.0949080000023 0.0 1.000000000000003 1.000000000000003 
1178.2290450000023 0.0 1.000000000000003 1.000000000000003 
1182.3631820000023 0.0 1.000000000000003 1.000000000000003 
1186.4973190000023 0.0 1.0000000000000033 1.0000000000000033 
1190.6314560000023 0.0 1.0000000000000033 1.0000000000000033 
1194.7655930000024 0.0 1.0000000000000033 1.0000000000000033 
1198.8997300000024 0.0 1.0000000000000033 1.0000000000000033 
1203.0338670000024 0.0 1.0000000000000036 1.0000000000000036 
1207.1680040000024 0.0 1.0000000000000036 1.0000000000000036 
1211.3021410000024 0.0 1.000000000000003 1.000000000000003 
1215.4362780000024 0.0 1.000000000000003 1.000000000000003 
1219.5704150000024 0.0 1.000000000000003 1.000000000000003 
1223.7045520000024 0.0 1.0000000000000033 1.0000000000000033 
1227.8386890000024 0.0 1.000000000000003 1.000000000000003 
1231.9728260000024 0.0 1.0000000000000038 1.0000000000000038 
1236.1069630000025 0.0 1.000000000000004 1.000000000000004 
1240.2411000000025 0.0 1.0000000000000038 1.0000000000000038 
1244.3752370000025 0.0 1.0000000000000038 1.0000000000000038 
1248.5093740000025 0.0 1.0000000000000036 1.0000000000000036 
1252.6435110000025 0.0 1.0000000000000038 1.0000000000000038 
1256.7776480000025 0.0 1.000000000000004 1.000000000000004 
1260.9117850000025 0.0 1.0000000000000042 1.0000000000000042 
1265.0459220000025 0.0 1.000000000000004 1.000000000000004 
1269.1800590000025 0.0 1.000000000000004 1.000000000000004 
1273.3141960000025 0.0 1.000000000000004 1.000000000000004 
1277.4483330000025 0.0 1.000000000000004 1.000000000000004 
1281.5824700000026 0.0 1.0000000000000038 1.0000000000000038 
1285.7166070000026 0.0 1.000000000000004 1.000000000000004 
1289.8507440000026 0.0 1.000000000000004 1.000000000000004 
1293.9848810000026 0.0 1.000000000000004 1.000000000000004 
1298.1190180000026 0.0 1.000000000000004 1.000000000000004 
1302.2531550000026 0.0 1.000000000000004 1.000000000000004 
1306.3872920000026 0.0 1.000000000000004 1.000000000000004 
1310.5214290000026 0.0 1.000000000000004 1.000000000000004 
1314.6555660000026 0.0 1.000000000000004 1.000000000000004 
1318.7897030000026 0.0 1.000000000000004 1.000000000000004 
1322.9238400000027 0.0 1.0000000000000042 1.0000000000000042 
1327.0579770000027 0.0 1.0000000000000038 1.0000000000000038 
1331.1921140000027 0.0 1.0000000000000042 1.0000000000000042 
1335.3262510000027 0.0 1.0000000000000042 1.0000000000000042 
1339.4603880000027 0.0 1.0000000000000042 1.0000000000000042 
1343.5945250000027 0.0 1.0000000000000042 1.0000000000000042 
1347.7286620000027 0.0 1.0000000000000042 1.0000000000000042 
1351.8627990000027 0.0 1.0000000000000044 1.0000000000000044 
1355.9969360000027 0.0 1.0000000000000042 1.0000000000000042 
1360.1310730000027 0.0 1.000000000000004 1.000000000000004 
1364.2652100000028 0.0 1.0000000000000042 1.0000000000000042 
1368.3993470000028 0.0 1.0000000000000047 1.0000000000000047 
1372.5334840000028 0.0 1.0000000000000042 1.0000000000000042 
1376.6676210000028 0.0 1.0000000000000042 1.0000000000000042 
1380.8017580000028 0.0 1.0000000000000042 1.0000000000000042 
1384.9358950000028 0.0 1.000000000000004 1.000000000000004 
1389.0700320000028 0.0 1.0000000000000042 1.0000000000000042 
1393.2041690000028 0.0 1.0000000000000042 1.0000000000000042 
1397.3383060000028 0.0 1.000000000000004 1.000000000000004 
1401.4724430000028 0.0 1.0000000000000036 1.0000000000000036 
1405.6065800000029 0.0 1.0000000000000033 1.0000000000000033 
1409.7407170000029 0.0 1.0000000000000029 1.0000000000000029 
1413.8748540000029 0.0 1.000000000000003 1.000000000000003 
1418.0089910000029 0.0 1.0000000000000033 1.0000000000000033 
1422.143128000003 0.0 1.000000000000003 1.000000000000003 
1426.277265000003 0.0 1.000000000000003 1.000000000000003 
1430.411402000003 0.0 1.0000000000000029 1.0000000000000029 
1434.545539000003 0.0 1.000000000000003 1.000000000000003 
1438.679676000003 0.0 1.0000000000000029 1.0000000000000029 
1442.813813000003 0.0 1.0000000000000029 1.0000000000000029 
1446.947950000003 0.0 1.0000000000000029 1.0000000000000029 
1451.082087000003 0.0 1.0000000000000029 1.0000000000000029 
1455.216224000003 0.0 1.0000000000000029 1.0000000000000029 
1459.350361000003 0.0 1.0000000000000027 1.0000000000000027 
1463.484498000003 0.0 1.000000000000003 1.000000000000003 
1467.618635000003 0.0 1.0000000000000029 1.0000000000000029 
1471.752772000003 0.0 1.0000000000000027 1.0000000000000027 
1475.886909000003 0.0 1.0000000000000029 1.0000000000000029 
1480.021046000003 0.0 1.0000000000000027 1.0000000000000027 
1484.155183000003 0.0 1.0000000000000027 1.0000000000000027 
1488.289320000003 0.0 1.0000000000000027 1.0000000000000027 
1492.423457000003 0.0 1.0000000000000027 1.0000000000000027 
1496.557594000003 0.0 1.0000000000000027 1.0000000000000027 
1500.691731000003 0.0 1.0000000000000027 1.0000000000000027 
1504.825868000003 0.0 1.0000000000000027 1.0000000000000027 
1508.960005000003 0.0 1.0000000000000029 1.0000000000000029 
1513.094142000003 0.0 1.0000000000000033 1.0000000000000033 
1517.228279000003 0.0 1.000000000000003 1.000000000000003 
1521.3624160000031 0.0 1.000000000000003 1.000000000000003 
1525.4965530000031 0.0 1.000000000000003 1.000000000000003 
1529.6306900000031 0.0 1.0000000000000029 1.0000000000000029 
1533.7648270000032 0.0 1.0000000000000029 1.0000000000000029 
1537.8989640000032 0.0 1.000000000000003 1.000000000000003 
1542.0331010000032 0.0 1.0000000000000029 1.0000000000000029 
1546.1672380000032 0.0 1.0000000000000029 1.0000000000000029 
1550.3013750000032 0.0 1.0000000000000027 1.0000000000000027 
1554.4355120000032 0.0 1.0000000000000024 1.0000000000000024 
1558.5696490000032 0.0 1.0000000000000024 1.0000000000000024 
1562.7037860000032 0.0 1.0000000000000027 1.0000000000000027 
1566.8379230000032 0.0 1.0000000000000027 1.0000000000000027 
1570.9720600000032 0.0 1.0000000000000027 1.0000000000000027 
1575.1061970000032 0.0 1.0000000000000027 1.0000000000000027 
1579.2403340000033 0.0 1.0000000000000024 1.0000000000000024 
1583.3744710000033 0.0 1.0000000000000024 1.0000000000000024 
1587.5086080000033 0.0 1.0000000000000024 1.0000000000000024 
1591.6427450000033 0.0 1.0000000000000024 1.0000000000000024 
1595.7768820000033 0.0 1.0000000000000022 1.0000000000000022 
1599.9110190000033 0.0 1.0000000000000022 1.0000000000000022 
1604.0451560000033 0.0 1.0000000000000022 1.0000000000000022 
1608.1792930000033 0.0 1.0000000000000022 1.0000000000000022 
1612.3134300000033 0.0 1.0000000000000022 1.0000000000000022 
1616.4475670000033 0.0 1.0000000000000018 1.0000000000000018 
1620.5817040000034 0.0 1.0000000000000018 1.0000000000000018 
1624.7158410000034 0.0 1.0000000000000018 1.0000000000000018 
1628.8499780000034 0.0 1.0000000000000016 1.0000000000000016 
1632.9841150000034 0.0 1.0000000000000018 1.0000000000000018 
1637.1182520000034 0.0 1.000000000000002 1.000000000000002 
1641.2523890000034 0.0 1.0000000000000022 1.0000000000000022 
1645.3865260000034 0.0 1.0000000000000024 1.0000000000000024 
1649.5206630000034 0.0 1.0000000000000022 1.0000000000000022 
1653.6548000000034 0.0 1.0000000000000022 1.0000000000000022 
1657.7889370000034 0.0 1.0000000000000022 1.0000000000000022 
1661.9230740000035 0.0 1.000000000000002 1.000000000000002 
1666.0572110000035 0.0 1.000000000000002 1.000000000000002 
1670.1913480000035 0.0 1.0000000000000022 1.0000000000000022 
1674.3254850000035 0.0 1.0000000000000022 1.0000000000000022 
1678.4596220000035 0.0 1.000000000000002 1.000000000000002 
1682.5937590000035 0.0 1.0000000000000022 1.0000000000000022 
1686.7278960000035 0.0 1.0000000000000022 1.0000000000000022 
1690.8620330000035 0.0 1.000000000000002 1.000000000000002 
1694.9961700000035 0.0 1.000000000000002 1.000000000000002 
1699.1303070000035 0.0 1.0000000000000018 1.0000000000000018 
1703.2644440000036 0.0 1.0000000000000016 1.0000000000000016 
1707.3985810000036 0.0 1.0000000000000018 1.0000000000000018 
1711.5327180000036 0.0 1.0000000000000016 1.0000000000000016 
1715.6668550000036 0.0 1.0000000000000018 1.0000000000000018 
1719.8009920000036 0.0 1.0000000000000018 1.0000000000000018 
1723.9351290000036 0.0 1.0000000000000018 1.0000000000000018 
1728.0692660000036 0.0 1.0000000000000022 1.0000000000000022 
1732.2034030000036 0.0 1.0000000000000024 1.0000000000000024 
1736.3375400000036 0.0 1.0000000000000024 1.0000000000000024 
1740.4716770000036 0.0 1.0000000000000024 1.0000000000000024 
1744.6058140000036 0.0 1.0000000000000024 1.0000000000000024 
1748.7399510000037 0.0 1.0000000000000027 1.0000000000000027 
1752.8740880000037 0.0 1.0000000000000027 1.0000000000000027 
1757.0082250000037 0.0 1.0000000000000027 1.0000000000000027 
1761.1423620000037 0.0 1.0000000000000029 1.0000000000000029 
1765.2764990000037 0.0 1.000000000000003 1.000000000000003 
1769.4106360000037 0.0 1.0000000000000029 1.0000000000000029 
1773.5447730000037 0.0 1.0000000000000029 1.0000000000000029 
1777.6789100000037 0.0 1.000000000000003 1.000000000000003 
1781.8130470000037 0.0 1.0000000000000033 1.0000000000000033 
1785.9471840000037 0.0 1.000000000000003 1.000000000000003 
1790.0813210000038 0.0 1.000000000000003 1.000000000000003 
1794.2154580000038 0.0 1.0000000000000033 1.0000000000000033 
1798.3495950000038 0.0 1.000000000000003 1.000000000000003 
1802.4837320000038 0.0 1.0000000000000029 1.0000000000000029 
1806.6178690000038 0.0 1.0000000000000029 1.0000000000000029 
1810.7520060000038 0.0 1.000000000000003 1.000000000000003 
1814.8861430000038 0.0 1.000000000000003 1.000000000000003 
1819.0202800000038 0.0 1.0000000000000033 1.0000000000000033 
1823.1544170000038 0.0 1.0000000000000036 1.0000000000000036 
1827.2885540000038 0.0 1.0000000000000036 1.0000000000000036 
1831.4226910000039 0.0 1.0000000000000036 1.0000000000000036 
1835.5568280000039 0.0 1.0000000000000033 1.0000000000000033 
1839.6909650000039 0.0 1.0000000000000036 1.0000000000000036 
1843.8251020000039 0.0 1.0000000000000036 1.0000000000000036 
1847.959239000004 0.0 1.0000000000000036 1.0000000000000036 
1852.093376000004 0.0 1.0000000000000036 1.0000000000000036 
1856.227513000004 0.0 1.0000000000000036 1.0000000000000036 
1860.361650000004 0.0 1.0000000000000036 1.0000000000000036 
1864.495787000004 0.0 1.0000000000000036 1.0000000000000036 
1868.629924000004 0.0 1.0000000000000036 1.0000000000000036 
1872.764061000004 0.0 1.0000000000000036 1.0000000000000036 
1876.898198000004 0.0 1.0000000000000036 1.0000000000000036 
1881.032335000004 0.0 1.0000000000000036 1.0000000000000036 
1885.166472000004 0.0 1.0000000000000036 1.0000000000000036 
1889.300609000004 0.0 1.0000000000000033 1.0000000000000033 
1893.434746000004 0.0 1.0000000000000036 1.0000000000000036 
1897.568883000004 0.0 1.0000000000000036 1.0000000000000036 
1901.703020000004 0.0 1.000000000000003 1.000000000000003 
1905.837157000004 0.0 1.000000000000003 1.000000000000003 
1909.971294000004 0.0 1.0000000000000033 1.0000000000000033 
1914.105431000004 0.0 1.0000000000000036 1.0000000000000036 
1918.239568000004 0.0 1.000000000000003 1.000000000000003 
1922.373705000004 0.0 1.0000000000000029 1.0000000000000029 
1926.507842000004 0.0 1.0000000000000027 1.0000000000000027 
1930.641979000004 0.0 1.0000000000000027 1.0000000000000027 
1934.776116000004 0.0 1.0000000000000024 1.0000000000000024 
1938.910253000004 0.0 1.0000000000000024 1.0000000000000024 
1943.0443900000041 0.0 1.0000000000000027 1.0000000000000027 
1947.1785270000041 0.0 1.0000000000000029 1.0000000000000029 
1951.3126640000041 0.0 1.0000000000000027 1.0000000000000027 
1955.4468010000041 0.0 1.0000000000000027 1.0000000000000027 
1959.5809380000042 0.0 1.0000000000000027 1.0000000000000027 
1963.7150750000042 0.0 1.0000000000000027 1.0000000000000027 
1967.8492120000042 0.0 1.0000000000000027 1.0000000000000027 
1971.9833490000042 0.0 1.0000000000000024 1.0000000000000024 
1976.1174860000042 0.0 1.0000000000000027 1.0000000000000027 
1980.2516230000042 0.0 1.0000000000000027 1.0000000000000027 
1984.3857600000042 0.0 1.0000000000000027 1.0000000000000027 
1988.5198970000042 0.0 1.0000000000000027 1.0000000000000027 
1992.6540340000042 0.0 1.0000000000000024 1.0000000000000024 
1996.7881710000042 0.0 1.0000000000000022 1.0000000000000022 
2000.9223080000043 0.0 1.0000000000000024 1.0000000000000024 
2005.0564450000043 0.0 1.0000000000000027 1.0000000000000027 
2009.1905820000043 0.0 1.0000000000000027 1.0000000000000027 
2013.3247190000043 0.0 1.0000000000000027 1.0000000000000027 
2017.4588560000043 0.0 1.0000000000000027 1.0000000000000027 
2021.5929930000043 0.0 1.0000000000000024 1.0000000000000024 
2025.7271300000043 0.0 1.0000000000000027 1.0000000000000027 
2029.8612670000043 0.0 1.0000000000000024 1.0000000000000024 
2033.9954040000043 0.0 1.0000000000000024 1.0000000000000024 
2038.1295410000043 0.0 1.0000000000000024 1.0000000000000024 
2042.2636780000043 0.0 1.0000000000000024 1.0000000000000024 
2046.3978150000044 0.0 1.0000000000000024 1.0000000000000024 
2050.5319520000044 0.0 1.0000000000000027 1.0000000000000027 
2054.6660890000044 0.0 1.0000000000000024 1.0000000000000024 
2058.8002260000044 0.0 1.0000000000000029 1.0000000000000029 
2062.9343630000044 0.0 1.0000000000000029 1.0000000000000029 
2067.0685000000044 0.0 1.0000000000000027 1.0000000000000027 
