0.0 0.0
0.1 0.0
0.2 0.0
0.3 0.0
0.4 0.0
0.5 0.0
0.6 0.0
0.7 0.0
0.8 0.0
0.9 0.0
1.0 0.0
1.1 0.0
1.2 0.0
1.3 0.0
1.4 0.0
1.5 0.0
1.6 0.0
1.7 0.0
1.8 0.0
1.9 0.0
2.0 0.0
2.1 0.0
2.2 0.0
2.3 0.0
2.4 0.0
2.5 0.0
2.6 0.0
2.7 0.0
2.8 0.0
2.9 0.0
3.0 0.0
3.1 0.0
3.2 0.0
3.3 0.0
3.4 0.0
3.5 0.0
3.6 0.0
3.7 0.0
3.8 0.0
3.9 0.0
4.0 0.0
4.1 0.0
4.2 0.0
4.3 0.0
4.4 0.0
4.5 0.0
4.6 0.0
4.7 0.0
4.8 0.0
4.9 0.0
5.0 0.0
5.1 0.0
5.2 0.0
5.3 0.0
5.4 0.0
5.5 0.0
5.6 0.0
5.7 0.0
5.8 0.0
5.9 0.0
6.0 0.0
6.1 0.0
6.2 0.0
6.3 0.0
6.4 0.0
6.5 0.0
6.6 0.0
6.7 0.0
6.8 0.0
6.9 0.0
7.0 0.0
7.1 0.0
7.2 0.0
7.3 0.0
7.4 0.0
7.5 0.0
7.6 0.0
7.7 0.0
7.8 0.0
7.9 0.0
8.0 0.0
8.1 0.0
8.2 0.0
8.3 0.0
8.4 0.0
8.5 0.0
8.6 0.0
8.7 0.0
8.8 0.0
8.9 0.0
9.0 0.0
9.1 0.0
9.2 0.0
9.3 0.0
9.4 0.0
9.5 0.0
9.6 0.0
9.7 0.0
9.8 0.0
9.9 0.0
10.0 0.0
10.1 0.0
10.2 0.0
10.3 0.0
10.4 0.0
10.5 0.000471392087653
10.6 0.00166650477833
10.7 0.00329760707997
10.8 0.0051161935055
10.9 0.00691579692627
11.0 0.0085345001624
11.1 0.00985804233024
11.2 0.0108140089761
11.3 0.011372478788
11.4 0.0115333559766
11.5 0.0113307587188
11.6 0.010808428691
11.7 0.0100291079867
11.8 0.00907776317372
11.9 0.008049585142
12.0 0.00704659387942
12.1 0.00617276911475
12.2 0.00553017231296
12.3 0.0052131859427
12.4 0.00530268800716
12.5 0.00585503365984
12.6 0.00691431892692
12.7 0.00710030808046
12.8 0.00709311785021
12.9 0.00694891564051
13.0 0.0068243539494
13.1 0.00691554756782
13.2 0.00737410104581
13.3 0.00834080224114
13.4 0.00990124744232
13.5 0.0120914244493
13.6 0.014901565324
13.7 0.0182854811648
13.8 0.0221771266347
13.9 0.0264985770624
14.0 0.0311663413871
14.1 0.0360947707475
14.2 0.0412118518778
14.3 0.0464816682684
14.4 0.0517895832614
14.5 0.0570775184108
14.6 0.0622965756858
14.7 0.0674028374552
14.8 0.0723600365559
14.9 0.0771366272072
15.0 0.0817125975934
15.1 0.0860582199193
15.2 0.0901637709532
15.3 0.0940192916328
15.4 0.0976193778995
15.5 0.100962218727
15.6 0.104035276364
15.7 0.106858523629
15.8 0.109441625368
15.9 0.111791977727
16.0 0.113920648664
16.1 0.115839529446
16.2 0.117561544179
16.3 0.11909995573
16.4 0.120468276249
16.5 0.121679965918
16.6 0.122748170167
16.7 0.123685633376
16.8 0.12450456348
16.9 0.125216537278
17.0 0.125832473682
17.1 0.126362607159
17.2 0.126816453865
17.3 0.12720283072
17.4 0.127529858961
17.5 0.127804982618
17.6 0.12803498214
17.7 0.128225987397
17.8 0.128383512966
17.9 0.128512483379
18.0 0.128617265422
18.1 0.128701694065
18.2 0.128767186436
18.3 0.128818814796
18.4 0.128859094335
18.5 0.128890161116
18.6 0.143102336061
18.7 0.172329107399
18.8 0.194663380989
18.9 0.211073576499
19.0 0.222844444926
19.1 0.231165833358
19.2 0.236998664118
19.3 0.241065520544
19.4 0.243887440682
19.5 0.245831294184
19.6 0.247153387752
19.7 0.248034348954
19.8 0.248604307978
19.9 0.248959246036
20.0 0.249170527222
20.1 0.249290238002
20.2 0.249354729901
20.3 0.249387821927
20.4 0.249404042103
20.5 0.24941163791
20.6 0.249414992823
20.7 0.249416307561
20.8 0.249416633133
20.9 0.249416442826
21.0 0.249415920635
21.1 0.24941509039
21.2 0.249413855267
21.3 0.249411978283
21.4 0.249409014621
21.5 0.249404217261
21.6 0.249396518219
21.7 0.249384894783
21.8 0.249369696605
21.9 0.249355314399
22.0 0.249352994612
22.1 0.249380057649
22.2 0.249452138691
22.3 0.24957170512
22.4 0.249722879351
22.5 0.24987863162
22.6 0.250014455964
22.7 0.25011764082
22.8 0.250187647204
22.9 0.250231037802
23.0 0.25025614953
23.1 0.250270035149
23.2 0.250277573706
23.3 0.250281718606
23.4 0.250284067623
23.5 0.250285411193
23.6 0.250286158201
23.7 0.250286560556
23.8 0.250286775757
23.9 0.250286891999
24.0 0.250286955861
24.1 0.25028699169
24.2 0.250287012285
24.3 0.250287024442
24.4 0.250287031823
24.5 0.250287036435
24.6 0.250287039401
24.7 0.250287041359
24.8 0.250287042684
24.9 0.2502870436
25.0 0.250287044245
25.1 0.250287044708
25.2 0.250287045044
25.3 0.250287045294
25.4 0.250287045481
25.5 0.250287045625
25.6 0.250287045737
25.7 0.250287045827
25.8 0.250287045901
25.9 0.250287045964
26.0 0.250287046021
26.1 0.250287046076
26.2 0.250287046138
26.3 0.250287046219
26.4 0.250287046339
26.5 0.250287046512
26.6 0.250287046749
26.7 0.250287047074
26.8 0.250287047537
26.9 0.250287048223
27.0 0.250287049282
27.1 0.250287050974
27.2 0.250287053752
27.3 0.250287058412
27.4 0.250287066344
27.5 0.250287079943
27.6 0.250287103257
27.7 0.250287142929
27.8 0.250287209427
27.9 0.25028731839
28.0 0.250287491574
28.1 0.250287756454
28.2 0.250288143119
28.3 0.250288677316
28.4 0.250289369721
28.5 0.250290204237
28.6 0.25029113105
28.7 0.250292071023
28.8 0.250292933982
28.9 0.250293645225
29.0 0.250294167535
29.1 0.250294507042
29.2 0.250294701226
29.3 0.250294798348
29.4 0.250294840417
29.5 0.250294855855
29.6 0.250294860342
29.7 0.250294861088
29.8 0.250294860863
29.9 0.250294860535
30.0 0.250294860295
30.1 0.250294860147
30.2 0.250294860059
30.3 0.250294860006
30.4 0.250294859973
30.5 0.250294859951
30.6 0.250294859935
30.7 0.250294859922
30.8 0.25029485991
30.9 0.250294859898
31.0 0.250294859883
31.1 0.250294859864
31.2 0.250294859834
31.3 0.250294859784
31.4 0.25029485969
31.5 0.250294859499
31.6 0.250294859091
31.7 0.250294858207
31.8 0.250294856329
31.9 0.250294852553
32.0 0.250294845594
32.1 0.250294834108
32.2 0.250294817402
32.3 0.25029479611
32.4 0.250294772255
32.5 0.25029474849
32.6 0.250294727055
32.7 0.250294709161
32.8 0.250294695002
32.9 0.250294684142
33.0 0.25029467592
33.1 0.250294669692
33.2 0.250294664934
33.3 0.25029466125
33.4 0.250294658346
33.5 0.250294656013
33.6 0.2502946541
33.7 0.2502946525
33.8 0.250294651137
33.9 0.250294649957
34.0 0.250294648922
34.1 0.250294648003
34.2 0.250294647181
34.3 0.250294646439
34.4 0.250294645767
34.5 0.250294645156
34.6 0.250294644599
34.7 0.250294644092
34.8 0.250294643628
34.9 0.250294643205
35.0 0.250294642819
35.1 0.250294642466
35.2 0.250294642145
35.3 0.250294641851
35.4 0.250294641583
35.5 0.250294641338
35.6 0.250294641113
35.7 0.250294640905
35.8 0.250294640713
35.9 0.250294640534
36.0 0.250294640365
36.1 0.250294640205
36.2 0.250294640051
36.3 0.250294639902
36.4 0.250294639753
36.5 0.250294639604
36.6 0.250294639452
36.7 0.250294639293
36.8 0.250294639125
36.9 0.250294638943
37.0 0.250294638746
37.1 0.250294638529
37.2 0.250294638289
37.3 0.250294638027
37.4 0.250294637744
37.5 0.250294637446
37.6 0.250294637145
37.7 0.250294636855
37.8 0.250294636596
37.9 0.250294636381
38.0 0.250294636219
38.1 0.25029463611
38.2 0.250294636045
38.3 0.250294636012
38.4 0.250294635998
38.5 0.250294635994
38.6 0.250294635994
38.7 0.250294635994
38.8 0.250294635995
38.9 0.250294635996
39.0 0.250294635996
39.1 0.250294635996
39.2 0.250294635996
39.3 0.250294635996
39.4 0.250294635996
39.5 0.250294635996
39.6 0.250294635996
39.7 0.250294635996
39.8 0.250294635996
39.9 0.250294635996
40.0 0.250294635996
40.1 0.250294635996
40.2 0.250294635996
40.3 0.250294635996
40.4 0.250294635996
40.5 0.250294635996
40.6 0.250294635996
40.7 0.250294635996
40.8 0.250294635996
40.9 0.250294635996
41.0 0.250294635996
41.1 0.250294635996
41.2 0.250294635996
41.3 0.250294635996
41.4 0.250294635996
41.5 0.250294635996
41.6 0.250294635996
41.7 0.250294635996
41.8 0.250294635996
41.9 0.250294635996
42.0 0.250294635997
42.1 0.250294635997
42.2 0.250294635997
42.3 0.250294635997
42.4 0.250294635997
42.5 0.250294635997
42.6 0.250294635997
42.7 0.250294635996
42.8 0.250294635996
42.9 0.250294635996
43.0 0.250294635996
43.1 0.250294635996
43.2 0.250294635996
43.3 0.250294635996
43.4 0.250294635996
43.5 0.250294635996
43.6 0.250294635996
43.7 0.250294635996
43.8 0.250294635996
43.9 0.249892348796
44.0 0.248390386411
44.1 0.245165521038
44.2 0.2392282007
44.3 0.22900208627
44.4 0.212104841983
44.5 0.184998269775
44.6 0.143271379511
44.7 0.0850538684592
44.8 0.0223629475261
44.9 0.00414138555934
45.0 0.105176649201
45.1 0.238410609191
45.2 0.222388747874
45.3 0.127439369598
45.4 0.0508216466703
45.5 0.0125739083626
45.6 0.000558444276613
45.7 0.00191319380082
45.8 0.00902628521254
45.9 0.0181595638718
46.0 0.0275257176369
46.1 0.0363642747953
46.2 0.0444053415202
46.3 0.0515955908067
46.4 0.0579441147402
46.5 0.0635440548242
46.6 0.0684768762626
46.7 0.0728172343248
46.8 0.0766423618965
46.9 0.0800246541251
47.0 0.0830176254922
47.1 0.0856740577859
47.2 0.0880379166623
47.3 0.0901444726077
47.4 0.0920252519836
47.5 0.0937083550141
47.6 0.0952127142404
47.7 0.0965618529632
47.8 0.0977723824509
47.9 0.0988576055186
48.0 0.0998305569013
48.1 0.100702616477
48.2 0.101483037521
48.3 0.102181025814
48.4 0.102803400899
48.5 0.10335698369
48.6 0.103847325249
48.7 0.104280031319
48.8 0.104658892003
48.9 0.10498904877
49.0 0.105274073179
49.1 0.105517508934
49.2 0.10572286389
49.3 0.105897234378
49.4 0.106038884829
49.5 0.106150522074
49.6 0.106234798961
49.7 0.106294202272
49.8 0.106331179942
49.9 0.106348067187
50.0 0.106347163627
