# time  poten(istate=0)  kinen  toten
520.9012620000  -39.9370184300  0.1166477185  -39.8203707115
525.0353990000  -39.9378336300  0.1174631448  -39.8203704852
529.1695360000  -39.9384672600  0.1180972226  -39.8203700374
533.3036730000  -39.9389284900  0.1185577570  -39.8203707330
537.4378100000  -39.9392245600  0.1188548418  -39.8203697182
541.5719470000  -39.9393694300  0.1190008299  -39.8203686001
545.7060840000  -39.9393768100  0.1190094498  -39.8203673602
549.8402210000  -39.9392621600  0.1188959989  -39.8203661611
553.9743580000  -39.9390415500  0.1186767181  -39.8203648319
558.1084950000  -39.9387322000  0.1183685026  -39.8203636974
562.2426320000  -39.9383514500  0.1179888228  -39.8203626272
566.3767690000  -39.9379170100  0.1175554869  -39.8203615231
570.5109060000  -39.9374467200  0.1170862802  -39.8203604398
574.6450430000  -39.9369582300  0.1165988711  -39.8203593589
578.7791800000  -39.9364689100  0.1161106508  -39.8203582592
582.9133170000  -39.9359958400  0.1156385937  -39.8203572463
587.0474540000  -39.9355553600  0.1151991489  -39.8203562111
591.1815910000  -39.9351633200  0.1148081094  -39.8203552106
595.3157280000  -39.9348348200  0.1144805242  -39.8203542958
599.4498650000  -39.9345840600  0.1142306294  -39.8203534306
603.5840020000  -39.9344244000  0.1140717995  -39.8203526005
607.7181390000  -39.9343684700  0.1140163766  -39.8203520934
611.8522760000  -39.9344270000  0.1140756075  -39.8203513925
615.9864130000  -39.9346104500  0.1142596841  -39.8203507659
620.1205500000  -39.9349278500  0.1145776407  -39.8203502093
624.2546870000  -39.9353870600  0.1150373719  -39.8203496881
628.3888240000  -39.9359947300  0.1156455187  -39.8203492113
632.5229610000  -39.9367562600  0.1164074227  -39.8203488373
636.6570980000  -39.9376759800  0.1173273200  -39.8203486600
640.7912350000  -39.9387569500  0.1184083492  -39.8203486008
644.9253720000  -39.9400012500  0.1196525072  -39.8203487428
649.0595090000  -39.9414097000  0.1210608109  -39.8203488891
653.1936460000  -39.9429823000  0.1226332727  -39.8203490273
657.3277830000  -39.9447182900  0.1243689586  -39.8203493314
661.4619200000  -39.9466157800  0.1262663105  -39.8203494695
665.5960570000  -39.9486727200  0.1283229768  -39.8203497432
669.7301940000  -39.9508859500  0.1305358676  -39.8203500824
673.8643310000  -39.9532519200  0.1329014576  -39.8203504624
677.9984680000  -39.9557666300  0.1354157361  -39.8203508939
682.1326050000  -39.9584256400  0.1380742645  -39.8203513755
686.2667420000  -39.9612240900  0.1408722234  -39.8203518666
690.4008790000  -39.9641568000  0.1438044164  -39.8203523836
694.5350160000  -39.9672180800  0.1468652025  -39.8203528775
698.6691530000  -39.9704018800  0.1500484825  -39.8203533975
702.8032900000  -39.9737016700  0.1533476923  -39.8203539777
706.9374270000  -39.9771102800  0.1567556933  -39.8203545867
711.0715640000  -39.9806199300  0.1602646553  -39.8203552747
715.2057010000  -39.9842219700  0.1638659277  -39.8203560423
719.3398380000  -39.9879067600  0.1675498863  -39.8203568737
723.4739750000  -39.9916635600  0.1713057642  -39.8203577958
727.6081120000  -39.9954802900  0.1751214709  -39.8203588191
731.7422490000  -39.9993433600  0.1789834125  -39.8203599475
735.8763860000  -40.0032375200  0.1828763160  -39.8203612040
740.0105230000  -40.0071458500  0.1867829094  -39.8203629406
744.1446600000  -40.0110488600  0.1906840842  -39.8203647758
748.2787970000  -40.0149255600  0.1945588224  -39.8203667376
752.4129340000  -40.0187526600  0.1983838495  -39.8203688105
756.5470710000  -40.0225048800  0.2021338679  -39.8203710121
760.6812080000  -40.0261551300  0.2057817605  -39.8203733695
764.8153450000  -40.0296747700  0.2092989330  -39.8203758370
768.9494820000  -40.0330341400  0.2126558026  -39.8203783374
773.0836190000  -40.0362034000  0.2158226047  -39.8203807953
777.2177560000  -40.0391535800  0.2187704296  -39.8203831504
781.3518930000  -40.0418577800  0.2214724681  -39.8203853119
785.4860300000  -40.0442925600  0.2239054452  -39.8203871148
789.6201670000  -40.0464399600  0.2260514551  -39.8203885049
793.7543040000  -40.0482892600  0.2278998888  -39.8203893712
797.8884410000  -40.0498385400  0.2294491398  -39.8203894002
802.0225780000  -40.0510968400  0.2307082548  -39.8203885852
806.1567150000  -40.0520848900  0.2316980316  -39.8203868584
810.2908520000  -40.0528356200  0.2324512264  -39.8203843936
814.4249890000  -40.0533928200  0.2330116784  -39.8203811416
818.5591260000  -40.0538093900  0.2334318962  -39.8203774938
822.6932630000  -40.0541430300  0.2337691966  -39.8203738334
826.8274000000  -40.0544515900  0.2340808012  -39.8203707888
830.9615370000  -40.0547864700  0.2344178695  -39.8203686005
835.0956740000  -40.0551867800  0.2348191433  -39.8203676367
839.2298110000  -40.0556736800  0.2353054456  -39.8203682344
843.3639480000  -40.0562468100  0.2358764809  -39.8203703291
847.4980850000  -40.0568828500  0.2365092244  -39.8203736256
851.6322220000  -40.0575372500  0.2371591227  -39.8203781273
855.7663590000  -40.0581481000  0.2377647133  -39.8203833867
859.9004960000  -40.0586433700  0.2382538047  -39.8203895653
864.0346330000  -40.0589453200  0.2385507079  -39.8203946121
868.1687700000  -40.0589825600  0.2385837300  -39.8203988300
872.3029070000  -40.0586921300  0.2382922647  -39.8203998653
876.4370440000  -40.0580331100  0.2376321681  -39.8204009419
880.5711810000  -40.0569791500  0.2365790676  -39.8204000824
884.7053180000  -40.0555283400  0.2351301378  -39.8203982022
888.8394550000  -40.0536987100  0.2333037698  -39.8203949402
892.9735920000  -40.0515278700  0.2311373185  -39.8203905515
897.1077290000  -40.0490691500  0.2286835683  -39.8203855817
901.2418660000  -40.0463873200  0.2260068653  -39.8203804547
905.3760030000  -40.0435533000  0.2231782127  -39.8203750873
909.5101400000  -40.0406399000  0.2202698549  -39.8203700451
913.6442770000  -40.0377166600  0.2173508474  -39.8203658126
917.7784140000  -40.0348458700  0.2144831626  -39.8203627074
921.9125510000  -40.0320778800  0.2117184102  -39.8203594698
926.0466880000  -40.0294522300  0.2090952938  -39.8203569362
930.1808250000  -40.0269939600  0.2066393407  -39.8203546193
934.3149620000  -40.0247168200  0.2043638517  -39.8203529683
938.4490990000  -40.0226248100  0.2022715278  -39.8203532822
942.5832360000  -40.0207117900  0.2003589015  -39.8203528885
946.7173730000  -40.0189755600  0.1986238609  -39.8203516991
950.8515100000  -40.0174251400  0.1970773263  -39.8203478137
954.9856470000  -40.0161011100  0.1957608033  -39.8203403067
959.1197840000  -40.0150837700  0.1947511681  -39.8203326019
963.2539210000  -40.0144360700  0.1940927102  -39.8203433598
967.3880580000  -40.0139595600  0.1935526072  -39.8204069528
971.5221950000  -40.0130150700  0.1926006967  -39.8204143733
975.6563320000  -40.0114831500  0.1911054935  -39.8203776565
979.7904690000  -40.0097331900  0.1893648513  -39.8203683387
983.9246060000  -40.0079026700  0.1875384652  -39.8203642048
988.0587430000  -40.0060239400  0.1856614581  -39.8203624819
992.1928800000  -40.0041062100  0.1837448135  -39.8203613965
996.3270170000  -40.0021598400  0.1817990241  -39.8203608159
1000.4611540000  -40.0001973300  0.1798369722  -39.8203603578
1004.5952910000  -39.9982336800  0.1778736699  -39.8203600101
1008.7294280000  -39.9962852100  0.1759258096  -39.8203594004
1012.8635650000  -39.9943688200  0.1740105853  -39.8203582347
1016.9977020000  -39.9925014100  0.1721445971  -39.8203568129
1021.1318390000  -39.9906991400  0.1703436103  -39.8203555297
1025.2659760000  -39.9889771200  0.1686229837  -39.8203541363
1029.4001130000  -39.9873498400  0.1669968723  -39.8203529677
1033.5342500000  -39.9858294800  0.1654775677  -39.8203519123
1037.6683870000  -39.9844269600  0.1640755016  -39.8203514584
1041.8025240000  -39.9831515400  0.1628004642  -39.8203510758
1045.9366610000  -39.9820106900  0.1616603278  -39.8203503622
1050.0707980000  -39.9810102500  0.1606606342  -39.8203496158
1054.2049350000  -39.9801543700  0.1598054984  -39.8203488716
1058.3390720000  -39.9794456700  0.1590973570  -39.8203483130
1062.4732090000  -39.9788851700  0.1585372121  -39.8203479579
1066.6073460000  -39.9784723900  0.1581246540  -39.8203477360
1070.7414830000  -39.9782054000  0.1578577524  -39.8203476476
1074.8756200000  -39.9780808000  0.1577331081  -39.8203476919
1079.0097570000  -39.9780937600  0.1577458772  -39.8203478828
1083.1438940000  -39.9782379900  0.1578897725  -39.8203482175
1087.2780310000  -39.9785057300  0.1581570448  -39.8203486852
1091.4121680000  -39.9788877500  0.1585384121  -39.8203493379
1095.5463050000  -39.9793731800  0.1590230418  -39.8203501382
1099.6804420000  -39.9799495400  0.1595984670  -39.8203510730
1103.8145790000  -39.9806026300  0.1602504769  -39.8203521531
1107.9487160000  -39.9813164700  0.1609630694  -39.8203534006
1112.0828530000  -39.9820732100  0.1617184072  -39.8203548028
1116.2169900000  -39.9828531500  0.1624968107  -39.8203563393
1120.3511270000  -39.9836347400  0.1632767478  -39.8203579922
1124.4852640000  -39.9843946900  0.1640349581  -39.8203597319
1128.6194010000  -39.9851080600  0.1647466877  -39.8203613723
1132.7535380000  -39.9857490000  0.1653859809  -39.8203630191
1136.8876750000  -39.9862907400  0.1659258822  -39.8203648578
1141.0218120000  -39.9867065700  0.1663396878  -39.8203668822
1145.1559490000  -39.9869707600  0.1666020097  -39.8203687503
1149.2900860000  -39.9870598100  0.1666894343  -39.8203703757
1153.4242230000  -39.9869539800  0.1665822151  -39.8203717649
1157.5583600000  -39.9866388100  0.1662661830  -39.8203726270
1161.6924970000  -39.9861071600  0.1657344620  -39.8203726980
1165.8266340000  -39.9853614100  0.1649893839  -39.8203720261
1169.9607710000  -39.9844151200  0.1640445522  -39.8203705678
1174.0949080000  -39.9832945700  0.1629263232  -39.8203682468
1178.2290450000  -39.9820394200  0.1616745107  -39.8203649093
1182.3631820000  -39.9807031700  0.1603422325  -39.8203609375
1186.4973190000  -39.9793505500  0.1589942916  -39.8203562584
1190.6314560000  -39.9780555100  0.1577040367  -39.8203514733
1194.7655930000  -39.9768956400  0.1565488202  -39.8203468198
1198.8997300000  -39.9759467300  0.1556039259  -39.8203428041
1203.0338670000  -39.9752759400  0.1549358795  -39.8203400605
1207.1680040000  -39.9749348400  0.1545961746  -39.8203386654
1211.3021410000  -39.9749548100  0.1546158824  -39.8203389276
1215.4362780000  -39.9753429100  0.1550019581  -39.8203409519
1219.5704150000  -39.9760810400  0.1557364663  -39.8203445737
1223.7045520000  -39.9771279200  0.1567784538  -39.8203494662
1227.8386890000  -39.9784232900  0.1580679547  -39.8203553353
1231.9728260000  -39.9798935600  0.1595319773  -39.8203615827
1236.1069630000  -39.9814590900  0.1610913852  -39.8203677048
1240.2411000000  -39.9830403200  0.1626670033  -39.8203733167
1244.3752370000  -39.9845633600  0.1641852843  -39.8203780757
1248.5093740000  -39.9859645900  0.1655826048  -39.8203819852
1252.6435110000  -39.9871926000  0.1668077622  -39.8203848378
1256.7776480000  -39.9882101500  0.1678228962  -39.8203872538
1260.9117850000  -39.9889925400  0.1686037452  -39.8203887948
1265.0459220000  -39.9895276600  0.1691388535  -39.8203888065
1269.1800590000  -39.9898159900  0.1694266545  -39.8203893355
1273.3141960000  -39.9898631700  0.1694743536  -39.8203888164
1277.4483330000  -39.9896842600  0.1692963154  -39.8203879446
1281.5824700000  -39.9892981400  0.1689113827  -39.8203867573
1285.7166070000  -39.9887267000  0.1683416570  -39.8203850430
1289.8507440000  -39.9879941500  0.1676108873  -39.8203832627
1293.9848810000  -39.9871245400  0.1667433312  -39.8203812088
1298.1190180000  -39.9861426600  0.1657627894  -39.8203798706
1302.2531550000  -39.9850705000  0.1646922431  -39.8203782569
1306.3872920000  -39.9839302300  0.1635534273  -39.8203768027
1310.5214290000  -39.9827416500  0.1623663025  -39.8203753475
1314.6555660000  -39.9815228300  0.1611489162  -39.8203739138
1318.7897030000  -39.9802899000  0.1599173225  -39.8203725775
1322.9238400000  -39.9790571900  0.1586857948  -39.8203713952
1327.0579770000  -39.9778371100  0.1574668211  -39.8203702889
1331.1921140000  -39.9766405500  0.1562712495  -39.8203693005
1335.3262510000  -39.9754767500  0.1551084084  -39.8203683416
1339.4603880000  -39.9743537500  0.1539862634  -39.8203674866
1343.5945250000  -39.9732782900  0.1529115839  -39.8203667061
1347.7286620000  -39.9722560600  0.1518900974  -39.8203659626
1351.8627990000  -39.9712919000  0.1509266354  -39.8203652646
1355.9969360000  -39.9703898200  0.1500252551  -39.8203645649
1360.1310730000  -39.9695534300  0.1491894099  -39.8203640201
1364.2652100000  -39.9687857100  0.1484220464  -39.8203636636
1368.3993470000  -39.9680889200  0.1477257508  -39.8203631692
1372.5334840000  -39.9674654100  0.1471027452  -39.8203626648
1376.6676210000  -39.9669170900  0.1465549093  -39.8203621807
1380.8017580000  -39.9664456800  0.1460839530  -39.8203617270
1384.9358950000  -39.9660527100  0.1456914214  -39.8203612886
1389.0700320000  -39.9657396800  0.1453786744  -39.8203610056
1393.2041690000  -39.9655077000  0.1451470002  -39.8203606998
1397.3383060000  -39.9653580400  0.1449976135  -39.8203604265
1401.4724430000  -39.9652917400  0.1449315639  -39.8203601761
1405.6065800000  -39.9653097100  0.1449497740  -39.8203599360
1409.7407170000  -39.9654127400  0.1450530061  -39.8203597339
1413.8748540000  -39.9656014000  0.1452418396  -39.8203595604
1418.0089910000  -39.9658761200  0.1455166299  -39.8203594901
1422.1431280000  -39.9662367400  0.1458774705  -39.8203592695
1426.2772650000  -39.9666833600  0.1463240799  -39.8203592801
1430.4114020000  -39.9672149400  0.1468557658  -39.8203591742
1434.5455390000  -39.9678305800  0.1474714232  -39.8203591568
1438.6796760000  -39.9685284900  0.1481693215  -39.8203591685
1442.8138130000  -39.9693063400  0.1489470314  -39.8203593086
1446.9479500000  -39.9701608400  0.1498013825  -39.8203594575
1451.0820870000  -39.9710879900  0.1507283010  -39.8203596890
1455.2162240000  -39.9720827000  0.1517226887  -39.8203600113
1459.3503610000  -39.9731387200  0.1527782834  -39.8203604366
1463.4844980000  -39.9742485200  0.1538875416  -39.8203609784
1467.6186350000  -39.9754031500  0.1550414694  -39.8203616806
1471.7527720000  -39.9765920200  0.1562295229  -39.8203624971
1475.8869090000  -39.9778029100  0.1574394972  -39.8203634128
1480.0210460000  -39.9790219300  0.1586573946  -39.8203645354
1484.1551830000  -39.9802332100  0.1598673792  -39.8203658308
1488.2893200000  -39.9814189400  0.1610517512  -39.8203671888
1492.4234570000  -39.9825596300  0.1621910448  -39.8203685852
1496.5575940000  -39.9836344100  0.1632640435  -39.8203703665
1500.6917310000  -39.9846202700  0.1642481642  -39.8203721058
1504.8258680000  -39.9854938100  0.1651199832  -39.8203738268
1508.9600050000  -39.9862313000  0.1658557136  -39.8203755864
1513.0941420000  -39.9868093800  0.1664321016  -39.8203772784
1517.2282790000  -39.9872062000  0.1668275456  -39.8203786544
1521.3624160000  -39.9874032800  0.1670234415  -39.8203798385
1525.4965530000  -39.9873862000  0.1670058118  -39.8203803882
1529.6306900000  -39.9871477600  0.1667671405  -39.8203806195
1533.7648270000  -39.9866888100  0.1663083752  -39.8203804348
1537.8989640000  -39.9860199000  0.1656408422  -39.8203790578
1542.0331010000  -39.9851645900  0.1647879133  -39.8203766767
1546.1672380000  -39.9841597200  0.1637862171  -39.8203735029
1550.3013750000  -39.9830553600  0.1626859776  -39.8203693824
1554.4355120000  -39.9819146200  0.1615501163  -39.8203645037
1558.5696490000  -39.9808105100  0.1604518718  -39.8203586382
1562.7037860000  -39.9798238600  0.1594707969  -39.8203530631
1566.8379230000  -39.9790352600  0.1586874131  -39.8203478469
1570.9720600000  -39.9785207500  0.1581768421  -39.8203439079
1575.1061970000  -39.9783428900  0.1580021261  -39.8203407639
1579.2403340000  -39.9785472800  0.1582081405  -39.8203391395
1583.3744710000  -39.9791561800  0.1588169790  -39.8203392010
1587.5086080000  -39.9801667300  0.1598257704  -39.8203409596
1591.6427450000  -39.9815513500  0.1612071425  -39.8203442075
1595.7768820000  -39.9832608400  0.1629123298  -39.8203485102
1599.9110190000  -39.9852297600  0.1648763225  -39.8203534375
1604.0451560000  -39.9873827800  0.1670242668  -39.8203585132
1608.1792930000  -39.9896416400  0.1692781977  -39.8203634423
1612.3134300000  -39.9919309600  0.1715631427  -39.8203678173
1616.4475670000  -39.9941834900  0.1738120422  -39.8203714478
1620.5817040000  -39.9963432600  0.1759691804  -39.8203740796
1624.7158410000  -39.9983677500  0.1779919739  -39.8203757761
1628.8499780000  -40.0002284600  0.1798515121  -39.8203769479
1632.9841150000  -40.0019085500  0.1815317205  -39.8203768295
1637.1182520000  -40.0034042000  0.1830280081  -39.8203761919
1641.2523890000  -40.0047207500  0.1843456345  -39.8203751155
1645.3865260000  -40.0058713100  0.1854977112  -39.8203735988
1649.5206630000  -40.0068746700  0.1865029539  -39.8203717161
1653.6548000000  -40.0077535500  0.1873838089  -39.8203697411
1657.7889370000  -40.0085329800  0.1881652150  -39.8203677650
1661.9230740000  -40.0092389100  0.1888729754  -39.8203659346
1666.0572110000  -40.0098972800  0.1895328591  -39.8203644209
1670.1913480000  -40.0105328800  0.1901698525  -39.8203630275
1674.3254850000  -40.0111690900  0.1908072091  -39.8203618809
1678.4596220000  -40.0118269700  0.1914660024  -39.8203609676
1682.5937590000  -40.0125251000  0.1921647931  -39.8203603069
1686.7278960000  -40.0132792200  0.1929193231  -39.8203598969
1690.8620330000  -40.0141020300  0.1937422746  -39.8203597554
1694.9961700000  -40.0150029600  0.1946430606  -39.8203598994
1699.1303070000  -40.0159879300  0.1956276375  -39.8203602925
1703.2644440000  -40.0170592800  0.1966983120  -39.8203609680
1707.3985810000  -40.0182154600  0.1978535276  -39.8203619324
1711.5327180000  -40.0194508200  0.1990876104  -39.8203632096
1715.6668550000  -40.0207553700  0.2003908109  -39.8203645591
1719.8009920000  -40.0221144000  0.2017484780  -39.8203659220
1723.9351290000  -40.0235081800  0.2031402920  -39.8203678880
1728.0692660000  -40.0249117700  0.2045411621  -39.8203706079
1732.2034030000  -40.0262943900  0.2059206754  -39.8203737146
1736.3375400000  -40.0276193400  0.2072420759  -39.8203772641
1740.4716770000  -40.0288436100  0.2084623418  -39.8203812682
1744.6058140000  -40.0299178200  0.2095320679  -39.8203857521
1748.7399510000  -40.0307864800  0.2103958349  -39.8203906451
1752.8740880000  -40.0313876400  0.2109920732  -39.8203955668
1757.0082250000  -40.0316545900  0.2112537736  -39.8204008164
1761.1423620000  -40.0315168000  0.2111103660  -39.8204064340
1765.2764990000  -40.0309017500  0.2104895194  -39.8204122306
1769.4106360000  -40.0297379300  0.2093199776  -39.8204179524
1773.5447730000  -40.0279587100  0.2075354195  -39.8204232905
1777.6789100000  -40.0255072500  0.2050794062  -39.8204278438
1781.8130470000  -40.0223425700  0.2019114293  -39.8204311407
1785.9471840000  -40.0184467200  0.1980139729  -39.8204327471
1790.0813210000  -40.0138323600  0.1934002343  -39.8204321257
1794.2154580000  -40.0085506600  0.1881218921  -39.8204287679
1798.3495950000  -40.0026983500  0.1822760626  -39.8204222874
1802.4837320000  -39.9964227400  0.1760106868  -39.8204120532
1806.6178690000  -39.9899232400  0.1695250715  -39.8203981685
1810.7520060000  -39.9834481600  0.1630665612  -39.8203815988
1814.8861430000  -39.9772850900  0.1569218192  -39.8203632708
1819.0202800000  -39.9717449200  0.1514002895  -39.8203446305
1823.1544170000  -39.9671389700  0.1468117963  -39.8203271737
1827.2885540000  -39.9637543600  0.1434407416  -39.8203136184
1831.4226910000  -39.9618235200  0.1415186413  -39.8203048787
1835.5568280000  -39.9615015900  0.1411995937  -39.8203019963
1839.6909650000  -39.9628486300  0.1425431693  -39.8203054607
1843.8251020000  -39.9658222900  0.1455071918  -39.8203150982
1847.9592390000  -39.9702820700  0.1499524001  -39.8203296699
1852.0933760000  -39.9760051100  0.1556572937  -39.8203478163
1856.2275130000  -39.9827086300  0.1623410140  -39.8203676160
1860.3616500000  -39.9900776400  0.1696904237  -39.8203872163
1864.4957870000  -39.9977918400  0.1773865254  -39.8204053146
1868.6299240000  -40.0055485300  0.1851276803  -39.8204208497
1872.7640610000  -40.0130804500  0.1926471955  -39.8204332545
1876.8981980000  -40.0201662800  0.1997237956  -39.8204424844
1881.0323350000  -40.0266352200  0.2061865367  -39.8204486833
1885.1664720000  -40.0323667200  0.2119150907  -39.8204516293
1889.3006090000  -40.0372862000  0.2168345602  -39.8204516398
1893.4347460000  -40.0413594600  0.2209096574  -39.8204498026
1897.5688830000  -40.0445856200  0.2241391930  -39.8204464270
1901.7030200000  -40.0469909200  0.2265492635  -39.8204416565
1905.8371570000  -40.0486236200  0.2281879666  -39.8204356534
1909.9712940000  -40.0495502000  0.2291210347  -39.8204291653
1914.1054310000  -40.0498504600  0.2294285216  -39.8204219384
1918.2395680000  -40.0496163200  0.2292021206  -39.8204141994
1922.3737050000  -40.0489488800  0.2285427271  -39.8204061529
1926.5078420000  -40.0479555800  0.2275575800  -39.8203980000
1930.6419790000  -40.0467467000  0.2263566701  -39.8203900299
1934.7761160000  -40.0454308100  0.2250482008  -39.8203826092
1938.9102530000  -40.0441092400  0.2237331310  -39.8203761090
1943.0443900000  -40.0428702100  0.2224992721  -39.8203709379
1947.1785270000  -40.0417830900  0.2214156195  -39.8203674705
1951.3126640000  -40.0408935100  0.2205277406  -39.8203657694
1955.4468010000  -40.0402211000  0.2198550514  -39.8203660486
1959.5809380000  -40.0397585800  0.2193905714  -39.8203680086
1963.7150750000  -40.0394746000  0.2191032404  -39.8203713596
1967.8492120000  -40.0393182800  0.2189426481  -39.8203756319
1971.9833490000  -40.0392249400  0.2188448731  -39.8203800669
1976.1174860000  -40.0391238300  0.2187393040  -39.8203845260
1980.2516230000  -40.0389442000  0.2185555730  -39.8203886270
1984.3857600000  -40.0386210500  0.2182289852  -39.8203920648
1988.5198970000  -40.0380993300  0.2177046579  -39.8203946721
1992.6540340000  -40.0373364800  0.2169400874  -39.8203963926
1996.7881710000  -40.0363034600  0.2159060746  -39.8203973854
2000.9223080000  -40.0349845500  0.2145867853  -39.8203977647
2005.0564450000  -40.0333761100  0.2129786243  -39.8203974857
2009.1905820000  -40.0314849700  0.2110882701  -39.8203966999
2013.3247190000  -40.0293264200  0.2089311296  -39.8203952904
2017.4588560000  -40.0269223500  0.2065283563  -39.8203939937
2021.5929930000  -40.0242982800  0.2039056745  -39.8203926055
2025.7271300000  -40.0214834400  0.2010924623  -39.8203909777
2029.8612670000  -40.0185081400  0.1981189903  -39.8203891497
2033.9954040000  -40.0154025600  0.1950155679  -39.8203869921
2038.1295410000  -40.0121978100  0.1918123197  -39.8203854903
2042.2636780000  -40.0089213000  0.1885376789  -39.8203836211
2046.3978150000  -40.0056004600  0.1852183388  -39.8203821212
2050.5319520000  -40.0022604100  0.1818794826  -39.8203809274
2054.6660890000  -39.9989237600  0.1785439402  -39.8203798198
2058.8002260000  -39.9956112000  0.1752323475  -39.8203788525
2062.9343630000  -39.9923412300  0.1719632035  -39.8203780265
2067.0685000000  -39.9891302800  0.1687529476  -39.8203773324
2071.2026370000  -39.9859927800  0.1656160731  -39.8203767069
