0.0 1.0
0.1 1.0
0.2 1.0
0.3 1.0
0.4 1.0
0.5 1.0
0.6 1.0
0.7 1.0
0.8 1.0
0.9 1.0
1.0 1.0
1.1 1.0
1.2 1.0
1.3 1.0
1.4 1.0
1.5 1.0
1.6 1.0
1.7 1.0
1.8 1.0
1.9 1.0
2.0 1.0
2.1 1.0
2.2 1.0
2.3 1.0
2.4 1.0
2.5 1.0
2.6 1.0
2.7 1.0
2.8 1.0
2.9 1.0
3.0 1.0
3.1 1.0
3.2 1.0
3.3 1.0
3.4 1.0
3.5 1.0
3.6 1.0
3.7 1.0
3.8 1.0
3.9 1.0
4.0 1.0
4.1 1.0
4.2 1.0
4.3 1.0
4.4 1.0
4.5 1.0
4.6 1.0
4.7 1.0
4.8 1.0
4.9 1.0
5.0 1.0
5.1 1.0
5.2 1.0
5.3 1.0
5.4 1.0
5.5 1.0
5.6 1.0
5.7 1.0
5.8 1.0
5.9 1.0
6.0 1.0
6.1 1.0
6.2 1.0
6.3 1.0
6.4 1.0
6.5 1.0
6.6 1.0
6.7 1.0
6.8 1.0
6.9 1.0
7.0 1.0
7.1 1.0
7.2 1.0
7.3 1.0
7.4 1.0
7.5 1.0
7.6 1.0
7.7 1.0
7.8 1.0
7.9 1.0
8.0 1.0
8.1 1.0
8.2 1.0
8.3 1.0
8.4 1.0
8.5 1.0
8.6 1.0
8.7 1.0
8.8 1.0
8.9 1.0
9.0 1.0
9.1 1.0
9.2 1.0
9.3 1.0
9.4 1.0
9.5 1.0
9.6 1.0
9.7 1.0
9.8 1.0
9.9 1.0
10.0 1.0
10.1 1.0
10.2 1.0
10.3 1.0
10.4 1.0
10.5 1.0
10.6 1.0
10.7 1.0
10.8 1.0
10.9 1.0
11.0 1.0
11.1 1.0
11.2 1.0
11.3 1.0
11.4 1.0
11.5 1.0
11.6 1.0
11.7 1.0
11.8 1.0
11.9 0.999846018267
12.0 0.998916316004
12.1 0.995683172166
12.2 0.986675335311
12.3 0.966021121089
12.4 0.928832247542
12.5 0.875240604938
12.6 0.825735448333
12.7 0.787895959755
12.8 0.76403056149
12.9 0.751354501191
13.0 0.766641725143
13.1 0.765478136833
13.2 0.766247122289
13.3 0.767628586417
13.4 0.768903226807
13.5 0.76980166479
13.6 0.770317591513
13.7 0.770552374203
13.8 0.770625580691
13.9 0.770626549329
14.0 0.770607092039
14.1 0.770589597359
14.2 0.770579691972
14.3 0.770575858759
14.4 0.770575232164
14.5 0.770575232164
14.6 0.770575232164
14.7 0.770575232164
14.8 0.770575232164
14.9 0.770575232164
15.0 0.770575232164
15.1 0.770575232164
15.2 0.770575232164
15.3 0.770575232164
15.4 0.770575232164
15.5 0.770575232164
15.6 0.770575232164
15.7 0.770575232164
15.8 0.770575232164
15.9 0.770575232164
16.0 0.770575232164
16.1 0.770575232164
16.2 0.770575232164
16.3 0.770575232164
16.4 0.770575232164
16.5 0.770575232164
16.6 0.770575232164
16.7 0.770575232164
16.8 0.770575232164
16.9 0.770575232164
17.0 0.770575232164
17.1 0.770575232164
17.2 0.770575232164
17.3 0.770575232164
17.4 0.770575232164
17.5 0.770575232164
17.6 0.770575232164
17.7 0.770575232164
17.8 0.770575232164
17.9 0.770575232164
18.0 0.770575232164
18.1 0.770575232164
18.2 0.770575232164
18.3 0.770575232164
18.4 0.770575232164
18.5 0.770575232164
18.6 0.770575232164
18.7 0.770575232164
18.8 0.770575232164
18.9 0.770575232164
19.0 0.770575232164
19.1 0.770575232164
19.2 0.770575232164
19.3 0.770575232164
19.4 0.770575232164
19.5 0.770575232164
19.6 0.770575232164
19.7 0.770575232164
19.8 0.770575232164
19.9 0.770575232164
20.0 0.770575232164
20.1 0.770575232164
20.2 0.770575232164
20.3 0.770575232164
20.4 0.770575232164
20.5 0.770575232164
20.6 0.770575232164
20.7 0.770575232164
20.8 0.770575232164
20.9 0.770575232164
21.0 0.770575232164
21.1 0.770575232164
21.2 0.770575232164
21.3 0.770575232164
21.4 0.770575232164
21.5 0.770575232164
21.6 0.770575232164
21.7 0.770575232164
21.8 0.770575232164
21.9 0.770575232164
22.0 0.770575232164
22.1 0.770575232164
22.2 0.770575232164
22.3 0.770575232164
22.4 0.770575232164
22.5 0.770575232164
22.6 0.770575232164
22.7 0.770575232164
22.8 0.770575232164
22.9 0.770575232164
23.0 0.770575232164
23.1 0.770575232164
23.2 0.770575232164
23.3 0.770575232164
23.4 0.770575232164
23.5 0.770575232164
23.6 0.770575232164
23.7 0.770575232164
23.8 0.770575232164
23.9 0.770575232164
24.0 0.770575232164
24.1 0.770575232164
24.2 0.770575232164
24.3 0.770575232164
24.4 0.770575232164
24.5 0.770575232164
24.6 0.770575232164
24.7 0.770575232164
24.8 0.770575232164
24.9 0.770575232164
25.0 0.770575232164
25.1 0.770575232164
25.2 0.770575232164
25.3 0.770575232164
25.4 0.770575232164
25.5 0.770575232164
25.6 0.770575232164
25.7 0.770575232164
25.8 0.769270170419
25.9 0.763419137245
26.0 0.74765024707
26.1 0.711059545366
26.2 0.636971559248
26.3 0.519551369823
26.4 0.389787412578
26.5 0.286463642018
26.6 0.216829995896
26.7 0.171720391037
26.8 0.14196655256
26.9 0.121701299777
27.0 0.107465522027
27.1 0.0972540379145
27.2 0.0898134366653
27.3 0.0843578434764
27.4 0.0803687666109
27.5 0.0774881145279
27.6 0.0754601091471
27.7 0.0740948315302
27.8 0.0732543865955
27.9 0.0728127099809
28.0 0.0726797421638
28.1 0.0727814105679
28.2 0.0730564038464
28.3 0.0734404973282
28.4 0.0738934558577
28.5 0.0743725596949
28.6 0.0748429180765
28.7 0.0752797649052
28.8 0.0756581248367
28.9 0.0759610677936
29.0 0.076174767019
29.1 0.0762904768479
29.2 0.0763035648186
29.3 0.0762130534256
29.4 0.0760213193824
29.5 0.0757336469349
29.6 0.0753573577147
29.7 0.0749016851253
29.8 0.074377167385
29.9 0.0737951775589
30.0 0.073167635997
30.1 0.0725057802128
30.2 0.0718221034151
30.3 0.0711271723052
30.4 0.0704312759346
30.5 0.0697393185607
30.6 0.0690637989863
30.7 0.0684126744826
30.8 0.0677922240539
30.9 0.0672074703661
31.0 0.0666627724682
31.1 0.0661608203717
31.2 0.0657037782179
31.3 0.0652926893503
31.4 0.0649276891503
31.5 0.0646082271587
31.6 0.064332979165
31.7 0.0640999246029
31.8 0.0639069766379
31.9 0.0637512639176
32.0 0.0636297672909
32.1 0.0635392780551
32.2 0.0634764840773
32.3 0.0634380434134
32.4 0.0634206569401
32.5 0.0634211215326
32.6 0.0634363801159
32.7 0.0634635587809
32.8 0.0635000050824
32.9 0.0635420881449
33.0 0.0635886351733
33.1 0.0636377657712
33.2 0.0636878304874
33.3 0.063737409528
33.4 0.0637854289603
33.5 0.063830865159
33.6 0.0638730097078
33.7 0.0639113214263
33.8 0.0639454172023
33.9 0.0639750679195
34.0 0.0640001881134
34.1 0.0640208109569
34.2 0.0640370812505
34.3 0.0640491900064
34.4 0.0640574375575
34.5 0.0640621631981
34.6 0.0640637460693
34.7 0.0640625919131
34.8 0.0640591220239
34.9 0.0640537608252
35.0 0.0640469277074
35.1 0.0640390259045
35.2 0.0640304384836
35.3 0.0640215165529
35.4 0.0640125882284
35.5 0.0640039300624
35.6 0.0639957860421
35.7 0.0639883544106
35.8 0.0639817948402
35.9 0.0639762191581
36.0 0.0639716991689
36.1 0.0639682674674
36.2 0.0639659168003
36.3 0.0639646101329
36.4 0.0639642787395
36.5 0.0639648294775
36.6 0.0639661489215
36.7 0.0639681086356
36.8 0.0639681086356
36.9 0.0639681086356
37.0 0.0639681086356
37.1 0.0639681086356
37.2 0.0639681086356
37.3 0.0639681086356
37.4 0.0639681086356
37.5 0.0639681086356
37.6 0.0639681086356
37.7 0.0639681086356
37.8 0.0639681086356
37.9 0.0639681086356
38.0 0.0639681086356
38.1 0.0639681086356
38.2 0.0639681086356
38.3 0.0639681086356
38.4 0.0639681086356
38.5 0.0639681086356
38.6 0.0639681086356
38.7 0.0639681086356
38.8 0.0639681086356
38.9 0.0639681086356
39.0 0.0639681086356
39.1 0.0639681086356
39.2 0.0639681086356
39.3 0.0639681086356
39.4 0.0639681086356
39.5 0.0639681086356
39.6 0.0639681086356
39.7 0.0639681086356
39.8 0.0639681086356
39.9 0.0639681086356
40.0 0.0639681086356
40.1 0.0639681086356
40.2 0.0639681086356
40.3 0.0639681086356
40.4 0.0639681086356
40.5 0.0639681086356
40.6 0.0639681086356
40.7 0.0639681086356
40.8 0.0639681086356
40.9 0.0639681086356
41.0 0.0639681086356
41.1 0.0639681086356
41.2 0.0639681086356
41.3 0.0639681086356
41.4 0.0639681086356
41.5 0.0639681086356
41.6 0.0639681086356
41.7 0.0639681086356
41.8 0.0639681086356
41.9 0.0639681086356
42.0 0.0639681086356
42.1 0.0639681086356
42.2 0.0639681086356
42.3 0.0639681086356
42.4 0.0639681086356
42.5 0.0639681086356
42.6 0.0639681086356
42.7 0.0639681086356
42.8 0.0639681086356
42.9 0.0639681086356
43.0 0.0639681086356
43.1 0.0639681086356
43.2 0.0639681086356
43.3 0.0639681086356
43.4 0.0639681086356
43.5 0.0639681086356
43.6 0.0639681086356
43.7 0.0639681086356
43.8 0.0639681086356
43.9 0.0639681086356
44.0 0.0639681086356
44.1 0.0639681086356
44.2 0.0639681086356
44.3 0.0639681086356
44.4 0.0639681086356
44.5 0.0639681086356
44.6 0.0639681086356
44.7 0.0639681086356
44.8 0.0639681086356
44.9 0.0639681086356
45.0 0.0639681086356
45.1 0.0639681086356
45.2 0.0639681086356
45.3 0.0639681086356
45.4 0.0639681086356
45.5 0.0639681086356
45.6 0.0639681086356
45.7 0.0639681086356
45.8 0.0639681086356
45.9 0.0639681086356
46.0 0.0639681086356
46.1 0.0639681086356
46.2 0.0639681086356
46.3 0.0639681086356
46.4 0.0639681086356
46.5 0.0639681086356
46.6 0.0639681086356
46.7 0.0639681086356
46.8 0.0639681086356
46.9 0.0639681086356
47.0 0.0639681086356
47.1 0.0639681086356
47.2 0.0639681086356
47.3 0.0639681086356
47.4 0.0639681086356
47.5 0.0639681086356
47.6 0.0639681086356
47.7 0.0639681086356
47.8 0.0639681086356
47.9 0.0639681086356
48.0 0.0639681086356
48.1 0.0639681086356
48.2 0.0639681086356
48.3 0.0639681086356
48.4 0.0639681086356
48.5 0.0639681086356
48.6 0.0639681086356
48.7 0.0639681086356
48.8 0.0639681086356
48.9 0.0639681086356
49.0 0.0639681086356
49.1 0.0639681086356
49.2 0.0639681086356
49.3 0.0639681086356
49.4 0.0639681086356
49.5 0.0639681086356
49.6 0.0639681086356
49.7 0.0639681086356
49.8 0.0639681086356
49.9 0.0639681086356
50.0 0.0639681086356
