# time  poten(istate=1)  kinen  toten
0.0000000000  -39.8850524300  0.0155761003  -39.8694763297
4.1341370000  -39.8859828000  0.0165093997  -39.8694734003
8.2682740000  -39.8870615300  0.0175848323  -39.8694766977
12.4024110000  -39.8882683700  0.0187895141  -39.8694788559
16.5365480000  -39.8895887500  0.0201087510  -39.8694799990
20.6706850000  -39.8910073400  0.0215254097  -39.8694819303
24.8048220000  -39.8925023700  0.0230189010  -39.8694834690
28.9389590000  -39.8940507500  0.0245657265  -39.8694850235
33.0730960000  -39.8956277300  0.0261408629  -39.8694868671
37.2072330000  -39.8972083600  0.0277198548  -39.8694885052
41.3413700000  -39.8987704900  0.0292804964  -39.8694899936
45.4755070000  -39.9002925400  0.0308035063  -39.8694890337
49.6096440000  -39.9017640100  0.0322728581  -39.8694911519
53.7437810000  -39.9031635600  0.0336759842  -39.8694875758
57.8779180000  -39.9044912000  0.0350029069  -39.8694882931
62.0120550000  -39.9057346800  0.0362457336  -39.8694889464
66.1461920000  -39.9068907100  0.0373989354  -39.8694917746
70.2803290000  -39.9079483600  0.0384588506  -39.8694895094
74.4144660000  -39.9089129700  0.0394232004  -39.8694897696
78.5486030000  -39.9097814400  0.0402912629  -39.8694901771
82.6827400000  -39.9105541800  0.0410636677  -39.8694905123
86.8168770000  -39.9112312500  0.0417419900  -39.8694892600
90.9510140000  -39.9118187100  0.0423282854  -39.8694904246
95.0851510000  -39.9123144100  0.0428254502  -39.8694889598
99.2192880000  -39.9127255900  0.0432370865  -39.8694885035
103.3534250000  -39.9130548400  0.0435668338  -39.8694880062
107.4875620000  -39.9133062800  0.0438187893  -39.8694874907
111.6216990000  -39.9134841000  0.0439972596  -39.8694868404
115.7558360000  -39.9135946900  0.0441066962  -39.8694879938
119.8899730000  -39.9136387900  0.0441515630  -39.8694872270
124.0241100000  -39.9136228300  0.0441363927  -39.8694864373
128.1582470000  -39.9135514300  0.0440657328  -39.8694856972
132.2923840000  -39.9134290600  0.0439440566  -39.8694850034
136.4265210000  -39.9132601400  0.0437757755  -39.8694843645
140.5606580000  -39.9130492400  0.0435653980  -39.8694838420
144.6947950000  -39.9127997300  0.0433169778  -39.8694827522
148.8289320000  -39.9125164100  0.0430343536  -39.8694820564
152.9630690000  -39.9122029800  0.0427215581  -39.8694814219
157.0972060000  -39.9118631700  0.0423823569  -39.8694808131
161.2313430000  -39.9115006200  0.0420203733  -39.8694802467
165.3654800000  -39.9111187800  0.0416390883  -39.8694796917
169.4996170000  -39.9107210400  0.0412418451  -39.8694791949
173.6337540000  -39.9103105900  0.0408318533  -39.8694787367
177.7678910000  -39.9098905000  0.0404121982  -39.8694783018
181.9020280000  -39.9094637100  0.0399858489  -39.8694778611
186.0361650000  -39.9090331400  0.0395556800  -39.8694774600
190.1703020000  -39.9086015600  0.0391244850  -39.8694770750
194.3044390000  -39.9081716900  0.0386949772  -39.8694767128
198.4385760000  -39.9077461900  0.0382698101  -39.8694763799
202.5727130000  -39.9073276500  0.0378515958  -39.8694760542
206.7068500000  -39.9069186700  0.0374429189  -39.8694757511
210.8409870000  -39.9065217900  0.0370463473  -39.8694754427
214.9751240000  -39.9061396000  0.0366644437  -39.8694751563
219.1092610000  -39.9057746300  0.0362997745  -39.8694748555
223.2433980000  -39.9054294800  0.0359549134  -39.8694745666
227.3775350000  -39.9051067200  0.0356324416  -39.8694742784
231.5116720000  -39.9048089100  0.0353349424  -39.8694739676
235.6458090000  -39.9045386500  0.0350649877  -39.8694736623
239.7799460000  -39.9042984500  0.0348251193  -39.8694733307
243.9140830000  -39.9040908500  0.0346178236  -39.8694730264
248.0482200000  -39.9039182200  0.0344454999  -39.8694727201
252.1823570000  -39.9037828800  0.0343104243  -39.8694724557
256.3164940000  -39.9036868900  0.0342147071  -39.8694721829
260.4506310000  -39.9036321700  0.0341602322  -39.8694719378
264.5847680000  -39.9036206300  0.0341486397  -39.8694719903
268.7189050000  -39.9036531400  0.0341812604  -39.8694718796
272.8530420000  -39.9037308500  0.0342591406  -39.8694717094
276.9871790000  -39.9038540000  0.0343828120  -39.8694711880
281.1213160000  -39.9040236500  0.0345523615  -39.8694712885
285.2554530000  -39.9042386200  0.0347674918  -39.8694711282
289.3895900000  -39.9044984400  0.0350273399  -39.8694711001
293.5237270000  -39.9048015100  0.0353305598  -39.8694709502
297.6578640000  -39.9051461100  0.0356752798  -39.8694708302
301.7920010000  -39.9055298500  0.0360591426  -39.8694707074
305.9261380000  -39.9059503100  0.0364793186  -39.8694709914
310.0602750000  -39.9064035800  0.0369324572  -39.8694711228
314.1944120000  -39.9068863700  0.0374142735  -39.8694720965
318.3285490000  -39.9073915000  0.0379200619  -39.8694714381
322.4626860000  -39.9079166500  0.0384445233  -39.8694721267
326.5968230000  -39.9084535300  0.0389804632  -39.8694730668
330.7309600000  -39.9089929600  0.0395182875  -39.8694746725
334.8650970000  -39.9095230300  0.0400466561  -39.8694763739
338.9992340000  -39.9100362600  0.0405656113  -39.8694706487
343.1333710000  -39.9105900300  0.0411284577  -39.8694615723
347.2675080000  -39.9112901500  0.0418316845  -39.8694584655
351.4016450000  -39.9121775300  0.0427123440  -39.8694651860
355.5357820000  -39.9132054400  0.0437332248  -39.8694722152
359.6699190000  -39.9143245200  0.0448512747  -39.8694732453
363.8040560000  -39.9155129100  0.0460381150  -39.8694747950
367.9381930000  -39.9167509000  0.0472763555  -39.8694745445
372.0723300000  -39.9180275600  0.0485543321  -39.8694732279
376.2064670000  -39.9193386800  0.0498649944  -39.8694736856
380.3406040000  -39.9206784200  0.0512041635  -39.8694742565
384.4747410000  -39.9220456700  0.0525694587  -39.8694762113
388.6088780000  -39.9234370800  0.0539600837  -39.8694769963
392.7430150000  -39.9248595800  0.0553768242  -39.8694827558
396.8771520000  -39.9263016900  0.0568208098  -39.8694808802
401.0112890000  -39.9277778400  0.0582933303  -39.8694845097
405.1454260000  -39.9292817200  0.0597969599  -39.8694847601
409.2795630000  -39.9308161900  0.0613348878  -39.8694813022
413.4137000000  -39.9323880300  0.0629109321  -39.8694770979
417.5478370000  -39.9339997000  0.0645295118  -39.8694701882
421.6819740000  -39.9356587600  0.0661955427  -39.8694632173
425.8161110000  -39.9373696800  0.0679140660  -39.8694556140
429.9502480000  -39.9391406000  0.0696902544  -39.8694503456
434.0843850000  -39.9409758500  0.0715287908  -39.8694470592
438.2185220000  -39.9428793600  0.0734340317  -39.8694453283
442.3526590000  -39.9448700900  0.0754087825  -39.8694613075
446.4867960000  -39.9469023000  0.0774569971  -39.8694453029
450.6209330000  -39.9490400700  0.0795816521  -39.8694584179
454.7550700000  -39.9512412300  0.0817835059  -39.8694577241
458.8892070000  -39.9535210400  0.0840633756  -39.8694576644
463.0233440000  -39.9558768500  0.0864194074  -39.8694574426
467.1574810000  -39.9583048300  0.0888474542  -39.8694573758
471.2916180000  -39.9607977200  0.0913400907  -39.8694576293
475.4257550000  -39.9633440200  0.0938857207  -39.8694582993
479.5598920000  -39.9659267000  0.0964670934  -39.8694596066
483.6940290000  -39.9685209200  0.0990589463  -39.8694619737
487.8281660000  -39.9710907800  0.1016249467  -39.8694658333
491.9623030000  -39.9735842900  0.1041127412  -39.8694715488
496.0964400000  -39.9759268800  0.1064462695  -39.8694806105
500.2305770000  -39.9780098600  0.1085172920  -39.8694925680
504.3647140000  -39.9796871100  0.1101792372  -39.8695078728
508.4988510000  -39.9807775300  0.1112552363  -39.8695222937
512.6329880000  -39.9811084500  0.1115781113  -39.8695303387
516.7671250000  -39.9805847100  0.1110574730  -39.8695272370
520.9012620000  -39.9792396600  0.1097240659  -39.8695155941
525.0353990000  -39.9772065700  0.1077040058  -39.8695025642
529.1695360000  -39.9746382700  0.1051429815  -39.8694952885
533.3036730000  -39.9716161200  0.1021066455  -39.8695094745
537.4378100000  -39.9657124700  0.0994424096  -39.8662700604
541.5719470000  -39.9635534800  0.0972874619  -39.8662660181
545.7060840000  -39.9612430700  0.0949819755  -39.8662610945
549.8402210000  -39.9588290600  0.0925713683  -39.8662576917
553.9743580000  -39.9563488600  0.0900943389  -39.8662545211
558.1084950000  -39.9538367200  0.0875838348  -39.8662528852
562.2426320000  -39.9513177100  0.0850670415  -39.8662506685
566.3767690000  -39.9488123200  0.0825664867  -39.8662458333
570.5109060000  -39.9463449200  0.0801006081  -39.8662443119
574.6450430000  -39.9439274300  0.0776843162  -39.8662431138
578.7791800000  -39.9415717900  0.0753295764  -39.8662422136
582.9133170000  -39.9392892000  0.0730457225  -39.8662434775
587.0474540000  -39.9370825800  0.0708397055  -39.8662428745
591.1815910000  -39.9349588000  0.0687164009  -39.8662423991
595.3157280000  -39.9329210200  0.0666789783  -39.8662420417
599.4498650000  -39.9309709000  0.0647291898  -39.8662417102
603.5840020000  -39.9291089200  0.0628675518  -39.8662413682
607.7181390000  -39.9273345500  0.0610935319  -39.8662410181
611.8522760000  -39.9256464700  0.0594058621  -39.8662406079
615.9864130000  -39.9240427900  0.0578026870  -39.8662401030
620.1205500000  -39.9225209000  0.0562814085  -39.8662394915
624.2546870000  -39.9210788100  0.0548393871  -39.8662394229
628.3888240000  -39.9197120000  0.0534743561  -39.8662376439
632.5229610000  -39.9184205000  0.0521832781  -39.8662372219
636.6570980000  -39.9171999700  0.0509628724  -39.8662370976
640.7912350000  -39.9160491900  0.0498104079  -39.8662387821
644.9253720000  -39.9149624500  0.0487232950  -39.8662391550
649.0595090000  -39.9139392000  0.0476991626  -39.8662400374
653.1936460000  -39.9129766500  0.0467360572  -39.8662405928
657.3277830000  -39.9120727900  0.0458319652  -39.8662408248
661.4619200000  -39.9112259200  0.0449848361  -39.8662410839
665.5960570000  -39.9104334200  0.0441932025  -39.8662402175
669.7301940000  -39.9096961200  0.0434556349  -39.8662404851
673.8643310000  -39.9090115200  0.0427707402  -39.8662407798
677.9984680000  -39.9083787900  0.0421375290  -39.8662412610
682.1326050000  -39.9077968500  0.0415551581  -39.8662416919
686.2667420000  -39.9072651100  0.0410229004  -39.8662422096
690.4008790000  -39.9067830800  0.0405401335  -39.8662429465
694.5350160000  -39.9063498300  0.0401063756  -39.8662434544
698.6691530000  -39.9059651200  0.0397212235  -39.8662438965
702.8032900000  -39.9056285100  0.0393842395  -39.8662442705
706.9374270000  -39.9053395900  0.0390949964  -39.8662445936
711.0715640000  -39.9050978300  0.0388530206  -39.8662448094
715.2057010000  -39.9049026500  0.0386577568  -39.8662448932
719.3398380000  -39.9047534900  0.0385085607  -39.8662449293
723.4739750000  -39.9046496100  0.0384046666  -39.8662449434
727.6081120000  -39.9045899900  0.0383451525  -39.8662448375
731.7422490000  -39.9045737700  0.0383289823  -39.8662447877
735.8763860000  -39.9045995000  0.0383549278  -39.8662445722
740.0105230000  -39.9046659800  0.0384214950  -39.8662444850
744.1446600000  -39.9047713300  0.0385271194  -39.8662442106
748.2787970000  -39.9049139800  0.0386700585  -39.8662439215
752.4129340000  -39.9050918100  0.0388483801  -39.8662434299
756.5470710000  -39.9053028000  0.0390600907  -39.8662427093
760.6812080000  -39.9055454400  0.0393030225  -39.8662424175
764.8153450000  -39.9058170800  0.0395748946  -39.8662421854
768.9494820000  -39.9061151100  0.0398733845  -39.8662417255
773.0836190000  -39.9064377200  0.0401961339  -39.8662415861
777.2177560000  -39.9067830600  0.0405408202  -39.8662422398
781.3518930000  -39.9071470300  0.0409050834  -39.8662419466
785.4860300000  -39.9075282400  0.0412865699  -39.8662416701
789.6201670000  -39.9079245100  0.0416829464  -39.8662415636
793.7543040000  -39.9083334400  0.0420920389  -39.8662414011
797.8884410000  -39.9087527800  0.0425118853  -39.8662408947
802.0225780000  -39.9091821600  0.0429405049  -39.8662416551
806.1567150000  -39.9096177700  0.0433760519  -39.8662417181
810.2908520000  -39.9100580000  0.0438170011  -39.8662409989
814.4249890000  -39.9105024500  0.0442619474  -39.8662405026
818.5591260000  -39.9109502600  0.0447096302  -39.8662406298
822.6932630000  -39.9113990200  0.0451590001  -39.8662400199
826.8274000000  -39.9118484900  0.0456091391  -39.8662393509
830.9615370000  -39.9122980400  0.0460593574  -39.8662386826
835.0956740000  -39.9127472100  0.0465091710  -39.8662380390
839.2298110000  -39.9131957000  0.0469582937  -39.8662374063
843.3639480000  -39.9136434400  0.0474066336  -39.8662368064
847.4980850000  -39.9140904900  0.0478542839  -39.8662362061
851.6322220000  -39.9145371600  0.0483015323  -39.8662356277
855.7663590000  -39.9149839300  0.0487488536  -39.8662350764
859.9004960000  -39.9154315300  0.0491969016  -39.8662346284
864.0346330000  -39.9158806200  0.0496465135  -39.8662341065
868.1687700000  -39.9163322800  0.0500987043  -39.8662335757
872.3029070000  -39.9167877100  0.0505547061  -39.8662330039
876.4370440000  -39.9172482700  0.0510158862  -39.8662323838
880.5711810000  -39.9177155300  0.0514837437  -39.8662317863
884.7053180000  -39.9181911600  0.0519599848  -39.8662311752
888.8394550000  -39.9186770400  0.0524464839  -39.8662305561
892.9735920000  -39.9191752100  0.0529452711  -39.8662299389
897.1077290000  -39.9196878700  0.0534585260  -39.8662293440
901.2418660000  -39.9202173400  0.0539886519  -39.8662286881
905.3760030000  -39.9207661500  0.0545381186  -39.8662280314
909.5101400000  -39.9213369100  0.0551095038  -39.8662274062
913.6442770000  -39.9219323800  0.0557055771  -39.8662268029
917.7784140000  -39.9225553900  0.0563292165  -39.8662261735
921.9125510000  -39.9232089000  0.0569834121  -39.8662254879
926.0466880000  -39.9238965300  0.0576712249  -39.8662253051
930.1808250000  -39.9246202600  0.0583957227  -39.8662245373
934.3149620000  -39.9253837400  0.0591599531  -39.8662237869
938.4490990000  -39.9261901600  0.0599670439  -39.8662231161
942.5832360000  -39.9270425600  0.0608201277  -39.8662224323
946.7173730000  -39.9279440400  0.0617223021  -39.8662217379
950.8515100000  -39.9288986000  0.0626765860  -39.8662220140
954.9856470000  -39.9299075000  0.0636860242  -39.8662214758
959.1197840000  -39.9309745200  0.0647533472  -39.8662211728
963.2539210000  -39.9321024300  0.0658813272  -39.8662211028
967.3880580000  -39.9332937900  0.0670728347  -39.8662209553
971.5221950000  -39.9345513500  0.0683304741  -39.8662208759
975.6563320000  -39.9358775500  0.0696567848  -39.8662207652
979.7904690000  -39.9372759200  0.0710541394  -39.8662217806
983.9246060000  -39.9387464500  0.0725246970  -39.8662217530
988.0587430000  -39.9402929500  0.0740703730  -39.8662225770
992.1928800000  -39.9419152200  0.0756928089  -39.8662224111
996.3270170000  -39.9436158700  0.0773931938  -39.8662226762
1000.4611540000  -39.9453949600  0.0791722053  -39.8662227547
1004.5952910000  -39.9472527000  0.0810295558  -39.8662231442
1008.7294280000  -39.9491870700  0.0829635422  -39.8662235278
1012.8635650000  -39.9511948900  0.0849707099  -39.8662241801
1016.9977020000  -39.9532703800  0.0870453976  -39.8662249824
1021.1318390000  -39.9554054100  0.0891794305  -39.8662259795
1025.2659760000  -39.9575896100  0.0913623264  -39.8662272836
1029.4001130000  -39.9598093700  0.0935815066  -39.8662278634
1033.5342500000  -39.9620516500  0.0958230546  -39.8662285954
1037.6683870000  -39.9643020400  0.0980727089  -39.8662293311
1041.8025240000  -39.9665461500  0.1003160420  -39.8662301080
1045.9366610000  -39.9687697800  0.1025388132  -39.8662309668
1050.0707980000  -39.9709585400  0.1047269000  -39.8662316400
1054.2049350000  -39.9730986100  0.1068660102  -39.8662325998
1058.3390720000  -39.9751749300  0.1089414417  -39.8662334883
1062.4732090000  -39.9771708200  0.1109369439  -39.8662338761
1066.6073460000  -39.9790686600  0.1128335345  -39.8662351255
1070.7414830000  -39.9808464600  0.1146083601  -39.8662380999
1074.8756200000  -39.9824720800  0.1162308281  -39.8662412519
1079.0097570000  -39.9839023200  0.1176564499  -39.8662458701
1083.1438940000  -39.9850752900  0.1188243276  -39.8662509624
1087.2780310000  -39.9859274100  0.1196758213  -39.8662515887
1091.4121680000  -39.9864472500  0.1202025119  -39.8662447381
1095.5463050000  -39.9867016700  0.1204650994  -39.8662365706
1099.6804420000  -39.9867793200  0.1205484205  -39.8662308995
1103.8145790000  -39.9867454200  0.1205176479  -39.8662277721
1107.9487160000  -39.9866394500  0.1204135590  -39.8662258910
1112.0828530000  -39.9864873400  0.1202628101  -39.8662245299
1116.2169900000  -39.9863095200  0.1200860931  -39.8662234269
1120.3511270000  -39.9861249500  0.1199026415  -39.8662223085
1124.4852640000  -39.9859534200  0.1197322839  -39.8662211361
1128.6194010000  -39.9858159900  0.1195960929  -39.8662198971
1132.7535380000  -39.9857349400  0.1195163749  -39.8662185651
1136.8876750000  -39.9857333400  0.1195160774  -39.8662172626
1141.0218120000  -39.9858339800  0.1196179355  -39.8662160445
1145.1559490000  -39.9860584400  0.1198434837  -39.8662149563
1149.2900860000  -39.9864260600  0.1202119649  -39.8662140951
1153.4242230000  -39.9869525400  0.1207390984  -39.8662134416
1157.5583600000  -39.9876491900  0.1214360604  -39.8662131296
1161.6924970000  -39.9885217100  0.1223087892  -39.8662129208
1165.8266340000  -39.9895707300  0.1233573333  -39.8662133967
1169.9607710000  -39.9907896200  0.1245755676  -39.8662140524
1174.0949080000  -39.9921666200  0.1259512964  -39.8662153236
1178.2290450000  -39.9936833300  0.1274666400  -39.8662166900
1182.3631820000  -39.9953172000  0.1290986782  -39.8662185218
1186.4973190000  -39.9970411700  0.1308202794  -39.8662208906
1190.6314560000  -39.9988247000  0.1326014847  -39.8662232153
1194.7655930000  -40.0006365400  0.1344107687  -39.8662257713
1198.8997300000  -40.0024438600  0.1362159597  -39.8662279003
1203.0338670000  -40.0042154000  0.1379855035  -39.8662298965
1207.1680040000  -40.0059213300  0.1396896766  -39.8662316534
1211.3021410000  -40.0075346600  0.1413014364  -39.8662332236
1215.4362780000  -40.0090316700  0.1427971233  -39.8662345467
1219.5704150000  -40.0103926000  0.1441569884  -39.8662356116
1223.7045520000  -40.0116019100  0.1453654875  -39.8662364225
1227.8386890000  -40.0126484600  0.1464114054  -39.8662370546
1231.9728260000  -40.0135250700  0.1472877305  -39.8662373395
1236.1069630000  -40.0142290000  0.1479915003  -39.8662374997
1240.2411000000  -40.0147606600  0.1485234878  -39.8662371722
1244.3752370000  -40.0151246800  0.1488877872  -39.8662368928
1248.5093740000  -40.0153278400  0.1490913665  -39.8662364735
1252.6435110000  -40.0153793400  0.1491435279  -39.8662358121
1256.7776480000  -40.0152905200  0.1490554764  -39.8662350436
1260.9117850000  -40.0150740300  0.1488398351  -39.8662341949
1265.0459220000  -40.0147434900  0.1485101997  -39.8662332903
1269.1800590000  -40.0143130800  0.1480807293  -39.8662323507
1273.3141960000  -40.0137971800  0.1475657837  -39.8662313963
1277.4483330000  -40.0132100800  0.1469796103  -39.8662304697
1281.5824700000  -40.0125656400  0.1463360666  -39.8662295734
1285.7166070000  -40.0118771500  0.1456484184  -39.8662287316
1289.8507440000  -40.0111576100  0.1449291391  -39.8662284709
1293.9848810000  -40.0104176200  0.1441898257  -39.8662277943
1298.1190180000  -40.0096682700  0.1434411074  -39.8662271626
1302.2531550000  -40.0089191400  0.1426925441  -39.8662265959
1306.3872920000  -40.0081787400  0.1419526442  -39.8662260958
1310.5214290000  -40.0074545000  0.1412288659  -39.8662256341
1314.6555660000  -40.0067529100  0.1405276656  -39.8662252444
1318.7897030000  -40.0060794500  0.1398545479  -39.8662249021
1322.9238400000  -40.0054387500  0.1392141245  -39.8662246255
1327.0579770000  -40.0048345900  0.1386102017  -39.8662243883
1331.1921140000  -40.0042700900  0.1380458376  -39.8662242524
1335.3262510000  -40.0037475800  0.1375234639  -39.8662241161
1339.4603880000  -40.0032689700  0.1370449696  -39.8662240004
1343.5945250000  -40.0028356600  0.1366117425  -39.8662239175
1347.7286620000  -40.0024486300  0.1362247803  -39.8662238497
1351.8627990000  -40.0021084400  0.1358847248  -39.8662237152
1355.9969360000  -40.0018156800  0.1355919768  -39.8662237032
1360.1310730000  -40.0015704700  0.1353467549  -39.8662237151
1364.2652100000  -40.0013728300  0.1351490737  -39.8662237563
1368.3993470000  -40.0012225200  0.1349988702  -39.8662236498
1372.5334840000  -40.0011197000  0.1348959473  -39.8662237527
1376.6676210000  -40.0010636200  0.1348399857  -39.8662236343
1380.8017580000  -40.0010540000  0.1348306388  -39.8662233612
1384.9358950000  -40.0010905700  0.1348675019  -39.8662230681
1389.0700320000  -40.0011731600  0.1349500945  -39.8662230655
1393.2041690000  -40.0013008000  0.1350779300  -39.8662228700
1397.3383060000  -40.0014731500  0.1352504607  -39.8662226893
1401.4724430000  -40.0016896200  0.1354671711  -39.8662224489
1405.6065800000  -40.0019497900  0.1357274086  -39.8662223814
1409.7407170000  -40.0022527500  0.1360305199  -39.8662222301
1413.8748540000  -40.0025981800  0.1363758410  -39.8662223390
1418.0089910000  -40.0029848400  0.1367626145  -39.8662222255
1422.1431280000  -40.0034119600  0.1371901081  -39.8662218519
1426.2772650000  -40.0038791700  0.1376573939  -39.8662217761
1430.4114020000  -40.0043853600  0.1381636283  -39.8662217317
1434.5455390000  -40.0049293700  0.1387078693  -39.8662215007
1438.6796760000  -40.0055102800  0.1392890084  -39.8662212716
1442.8138130000  -40.0061268400  0.1399059621  -39.8662208779
1446.9479500000  -40.0067782500  0.1405575967  -39.8662206533
1451.0820870000  -40.0074630600  0.1412427710  -39.8662202890
1455.2162240000  -40.0081802700  0.1419601626  -39.8662201074
1459.3503610000  -40.0089282700  0.1427083696  -39.8662199004
1463.4844980000  -40.0097057200  0.1434860082  -39.8662197118
1467.6186350000  -40.0105110600  0.1442915252  -39.8662195348
1471.7527720000  -40.0113425800  0.1451232337  -39.8662193463
1475.8869090000  -40.0121984900  0.1459792772  -39.8662192128
1480.0210460000  -40.0130767100  0.1468575865  -39.8662191235
1484.1551830000  -40.0139748800  0.1477558370  -39.8662190430
1488.2893200000  -40.0148904300  0.1486714063  -39.8662190237
1492.4234570000  -40.0158203700  0.1496013242  -39.8662190458
1496.5575940000  -40.0167613400  0.1505422081  -39.8662191319
1500.6917310000  -40.0177094900  0.1514902085  -39.8662192815
1504.8258680000  -40.0186604600  0.1524409552  -39.8662195048
1508.9600050000  -40.0196092900  0.1533894340  -39.8662198560
1513.0941420000  -40.0205504900  0.1543301158  -39.8662203742
1517.2282790000  -40.0214780500  0.1552570320  -39.8662210180
1521.3624160000  -40.0223847600  0.1561633703  -39.8662213897
1525.4965530000  -40.0232633700  0.1570415833  -39.8662217867
1529.6306900000  -40.0241059700  0.1578835700  -39.8662224000
1533.7648270000  -40.0249036000  0.1586807357  -39.8662228643
1537.8989640000  -40.0256475000  0.1594240694  -39.8662234306
1542.0331010000  -40.0263281400  0.1601041503  -39.8662239897
1546.1672380000  -40.0269360200  0.1607113953  -39.8662246247
1550.3013750000  -40.0274615200  0.1612362356  -39.8662252844
1554.4355120000  -40.0278953700  0.1616693433  -39.8662260267
1558.5696490000  -40.0282284800  0.1620018382  -39.8662266418
1562.7037860000  -40.0284529200  0.1622256518  -39.8662272682
1566.8379230000  -40.0285615600  0.1623338550  -39.8662277050
1570.9720600000  -40.0285488600  0.1623208679  -39.8662279921
1575.1061970000  -40.0284110200  0.1621828351  -39.8662281849
1579.2403340000  -40.0281462100  0.1619180251  -39.8662281849
1583.3744710000  -40.0277551200  0.1615271058  -39.8662280142
1587.5086080000  -40.0272410700  0.1610134107  -39.8662276593
1591.6427450000  -40.0266103700  0.1603831712  -39.8662271988
1595.7768820000  -40.0258721600  0.1596456429  -39.8662265171
1599.9110190000  -40.0250387900  0.1588131430  -39.8662256470
1604.0451560000  -40.0241257000  0.1579009484  -39.8662247516
1608.1792930000  -40.0231507500  0.1569270970  -39.8662236530
1612.3134300000  -40.0221345300  0.1559120240  -39.8662225060
1616.4475670000  -40.0210993200  0.1548779926  -39.8662213274
1620.5817040000  -40.0200683900  0.1538485468  -39.8662198432
1624.7158410000  -40.0190660300  0.1528475097  -39.8662185203
1628.8499780000  -40.0181153800  0.1518980773  -39.8662173027
1632.9841150000  -40.0172383800  0.1510220961  -39.8662162839
1637.1182520000  -40.0164545600  0.1502390558  -39.8662155042
1641.2523890000  -40.0157802200  0.1495652167  -39.8662150033
1645.3865260000  -40.0152277100  0.1490128790  -39.8662148310
1649.5206630000  -40.0148048200  0.1485898359  -39.8662149841
1653.6548000000  -40.0145145200  0.1482990452  -39.8662154748
1657.7889370000  -40.0143548600  0.1481385551  -39.8662163049
1661.9230740000  -40.0143192800  0.1481015521  -39.8662177279
1666.0572110000  -40.0143963800  0.1481770729  -39.8662193071
1670.1913480000  -40.0145717200  0.1483506750  -39.8662210450
1674.3254850000  -40.0148278000  0.1486049649  -39.8662228351
1678.4596220000  -40.0151452900  0.1489206493  -39.8662246407
1682.5937590000  -40.0155039500  0.1492775626  -39.8662263874
1686.7278960000  -40.0158835900  0.1496556390  -39.8662279510
1690.8620330000  -40.0162651500  0.1500357665  -39.8662293835
1694.9961700000  -40.0166313000  0.1504006248  -39.8662306752
1699.1303070000  -40.0169669700  0.1507353077  -39.8662316623
1703.2644440000  -40.0172601100  0.1510276849  -39.8662324251
1707.3985810000  -40.0175017900  0.1512687238  -39.8662330662
1711.5327180000  -40.0176861700  0.1514526280  -39.8662335420
1715.6668550000  -40.0178104500  0.1515767099  -39.8662337401
1719.8009920000  -40.0178747800  0.1516410852  -39.8662336948
1723.9351290000  -40.0178818800  0.1516483361  -39.8662335439
1728.0692660000  -40.0178364500  0.1516030924  -39.8662333576
1732.2034030000  -40.0177447100  0.1515115896  -39.8662331204
1736.3375400000  -40.0176140100  0.1513811614  -39.8662328486
1740.4716770000  -40.0174521700  0.1512196828  -39.8662324872
1744.6058140000  -40.0172672800  0.1510350997  -39.8662321803
1748.7399510000  -40.0170669600  0.1508350338  -39.8662319262
1752.8740880000  -40.0168581600  0.1506264411  -39.8662317189
1757.0082250000  -40.0166468900  0.1504153281  -39.8662315619
1761.1423620000  -40.0164380600  0.1502065683  -39.8662314917
1765.2764990000  -40.0162353100  0.1500037858  -39.8662315242
1769.4106360000  -40.0160409300  0.1498093068  -39.8662316232
1773.5447730000  -40.0158559900  0.1496241901  -39.8662317999
1777.6789100000  -40.0156803400  0.1494483064  -39.8662320336
1781.8130470000  -40.0155128100  0.1492804860  -39.8662323240
1785.9471840000  -40.0153513400  0.1491186823  -39.8662326577
1790.0813210000  -40.0151932300  0.1489601296  -39.8662331004
1794.2154580000  -40.0150348800  0.1488015464  -39.8662333336
1798.3495950000  -40.0148731500  0.1486393877  -39.8662337623
1802.4837320000  -40.0147042600  0.1484699278  -39.8662343322
1806.6178690000  -40.0145243800  0.1482895601  -39.8662348199
1810.7520060000  -40.0143301900  0.1480949538  -39.8662352362
1814.8861430000  -40.0141186000  0.1478830175  -39.8662355825
1819.0202800000  -40.0138869600  0.1476510989  -39.8662358611
1823.1544170000  -40.0136331200  0.1473970692  -39.8662360508
1827.2885540000  -40.0133555500  0.1471192865  -39.8662362635
1831.4226910000  -40.0130531300  0.1468169361  -39.8662361939
1835.5568280000  -40.0127260500  0.1464897302  -39.8662363198
1839.6909650000  -40.0123740700  0.1461378313  -39.8662362387
1843.8251020000  -40.0119982200  0.1457622324  -39.8662359876
1847.9592390000  -40.0116001000  0.1453643893  -39.8662357107
1852.0933760000  -40.0111818200  0.1449461693  -39.8662356507
1856.2275130000  -40.0107454000  0.1445100273  -39.8662353727
1860.3616500000  -40.0102939400  0.1440588745  -39.8662350655
1864.4957870000  -40.0098306500  0.1435959108  -39.8662347392
1868.6299240000  -40.0093589900  0.1431246116  -39.8662343784
1872.7640610000  -40.0088826600  0.1426486550  -39.8662340050
1876.8981980000  -40.0084054700  0.1421718482  -39.8662336218
1881.0323350000  -40.0079312900  0.1416980556  -39.8662332344
1885.1664720000  -40.0074640100  0.1412311248  -39.8662328852
1889.3006090000  -40.0070073600  0.1407748340  -39.8662325260
1893.4347460000  -40.0065649900  0.1403328297  -39.8662321603
1897.5688830000  -40.0061404000  0.1399085589  -39.8662318411
1901.7030200000  -40.0057367900  0.1395052379  -39.8662315521
1905.8371570000  -40.0053571100  0.1391258126  -39.8662312974
1909.9712940000  -40.0050039000  0.1387729354  -39.8662309646
1914.1054310000  -40.0046797300  0.1384489515  -39.8662307785
1918.2395680000  -40.0043865200  0.1381558941  -39.8662306259
1922.3737050000  -40.0041260100  0.1378954981  -39.8662305119
1926.5078420000  -40.0038996100  0.1376691777  -39.8662304323
1930.6419790000  -40.0037084500  0.1374780878  -39.8662303622
1934.7761160000  -40.0035534800  0.1373231523  -39.8662303277
1938.9102530000  -40.0034353500  0.1372050575  -39.8662302925
1943.0443900000  -40.0033545800  0.1371243069  -39.8662302731
1947.1785270000  -40.0033115100  0.1370812529  -39.8662302571
1951.3126640000  -40.0033063400  0.1370761216  -39.8662302184
1955.4468010000  -40.0033399000  0.1371090474  -39.8662308526
1959.5809380000  -40.0034102600  0.1371800542  -39.8662302058
1963.7150750000  -40.0035199100  0.1372891249  -39.8662307851
1967.8492120000  -40.0036669500  0.1374361828  -39.8662307672
1971.9833490000  -40.0038515900  0.1376210682  -39.8662305218
1976.1174860000  -40.0040742500  0.1378436028  -39.8662306472
1980.2516230000  -40.0043341400  0.1381034347  -39.8662307053
1984.3857600000  -40.0046309400  0.1384001678  -39.8662307722
1988.5198970000  -40.0049640900  0.1387333641  -39.8662307259
1992.6540340000  -40.0053335400  0.1391023783  -39.8662311617
1996.7881710000  -40.0057376700  0.1395063748  -39.8662312952
2000.9223080000  -40.0061757000  0.1399442954  -39.8662314046
2005.0564450000  -40.0066463700  0.1404148585  -39.8662315115
2009.1905820000  -40.0071482900  0.1409164501  -39.8662318399
2013.3247190000  -40.0076790100  0.1414471926  -39.8662318174
2017.4588560000  -40.0082368300  0.1420049067  -39.8662319233
2021.5929930000  -40.0088191000  0.1425869876  -39.8662321124
2025.7271300000  -40.0094225600  0.1431904845  -39.8662320755
2029.8612670000  -40.0100446400  0.1438120832  -39.8662325568
2033.9954040000  -40.0106809400  0.1444481000  -39.8662328400
2038.1295410000  -40.0113276000  0.1450944796  -39.8662331204
2042.2636780000  -40.0119802600  0.1457468459  -39.8662334141
2046.3978150000  -40.0126343500  0.1464005127  -39.8662338373
2050.5319520000  -40.0132846800  0.1470505570  -39.8662341230
2054.6660890000  -40.0139262900  0.1476918717  -39.8662344183
2058.8002260000  -40.0145539700  0.1483192348  -39.8662347352
2062.9343630000  -40.0151619900  0.1489274508  -39.8662345392
2067.0685000000  -40.0157461100  0.1495113952  -39.8662347148
2071.2026370000  -40.0163010500  0.1500661053  -39.8662349447
