0.0 1.0
0.1 1.0
0.2 1.0
0.3 1.0
0.4 1.0
0.5 1.0
0.6 1.0
0.7 1.0
0.8 1.0
0.9 1.0
1.0 1.0
1.1 1.0
1.2 1.0
1.3 1.0
1.4 1.0
1.5 1.0
1.6 1.0
1.7 1.0
1.8 1.0
1.9 1.0
2.0 1.0
2.1 1.0
2.2 1.0
2.3 1.0
2.4 1.0
2.5 1.0
2.6 1.0
2.7 1.0
2.8 1.0
2.9 1.0
3.0 1.0
3.1 1.0
3.2 1.0
3.3 1.0
3.4 1.0
3.5 1.0
3.6 1.0
3.7 1.0
3.8 1.0
3.9 1.0
4.0 1.0
4.1 1.0
4.2 1.0
4.3 1.0
4.4 1.0
4.5 1.0
4.6 1.0
4.7 1.0
4.8 1.0
4.9 1.0
5.0 1.0
5.1 1.0
5.2 1.0
5.3 1.0
5.4 1.0
5.5 1.0
5.6 1.0
5.7 1.0
5.8 1.0
5.9 1.0
6.0 1.0
6.1 1.0
6.2 1.0
6.3 1.0
6.4 1.0
6.5 1.0
6.6 1.0
6.7 1.0
6.8 1.0
6.9 1.0
7.0 1.0
7.1 1.0
7.2 1.0
7.3 1.0
7.4 1.0
7.5 1.0
7.6 1.0
7.7 1.0
7.8 1.0
7.9 1.0
8.0 1.0
8.1 1.0
8.2 1.0
8.3 1.0
8.4 1.0
8.5 1.0
8.6 1.0
8.7 1.0
8.8 1.0
8.9 1.0
9.0 1.0
9.1 1.0
9.2 1.0
9.3 1.0
9.4 1.0
9.5 1.0
9.6 1.0
9.7 1.0
9.8 1.0
9.9 1.0
10.0 1.0
10.1 1.0
10.2 1.0
10.3 1.0
10.4 1.0
10.5 1.0
10.6 1.0
10.7 1.0
10.8 1.0
10.9 1.0
11.0 1.0
11.1 1.0
11.2 1.0
11.3 1.0
11.4 1.0
11.5 1.0
11.6 1.0
11.7 1.0
11.8 1.0
11.9 1.0
12.0 1.0
12.1 1.0
12.2 1.0
12.3 1.0
12.4 1.0
12.5 1.0
12.6 1.0
12.7 1.0
12.8 1.0
12.9 1.0
13.0 1.0
13.1 1.0
13.2 1.0
13.3 1.0
13.4 1.0
13.5 1.0
13.6 1.0
13.7 1.0
13.8 1.0
13.9 1.0
14.0 1.0
14.1 1.0
14.2 1.0
14.3 1.0
14.4 1.0
14.5 1.0
14.6 1.0
14.7 1.0
14.8 1.0
14.9 1.0
15.0 1.0
15.1 1.0
15.2 1.0
15.3 1.0
15.4 1.0
15.5 1.0
15.6 1.0
15.7 1.0
15.8 1.0
15.9 1.0
16.0 1.0
16.1 1.0
16.2 1.0
16.3 1.0
16.4 1.0
16.5 1.0
16.6 1.0
16.7 1.0
16.8 1.0
16.9 1.0
17.0 1.0
17.1 1.0
17.2 1.0
17.3 1.0
17.4 1.0
17.5 1.0
17.6 1.0
17.7 1.0
17.8 1.0
17.9 1.0
18.0 1.0
18.1 1.0
18.2 1.0
18.3 1.0
18.4 1.0
18.5 1.0
18.6 1.0
18.7 1.0
18.8 1.0
18.9 1.0
19.0 1.0
19.1 1.0
19.2 1.0
19.3 1.0
19.4 1.0
19.5 1.0
19.6 1.0
19.7 1.0
19.8 1.0
19.9 1.0
20.0 1.0
20.1 1.0
20.2 1.0
20.3 1.0
20.4 1.0
20.5 1.0
20.6 1.0
20.7 1.0
20.8 1.0
20.9 1.0
21.0 1.0
21.1 1.0
21.2 1.0
21.3 1.0
21.4 1.0
21.5 1.0
21.6 1.0
21.7 1.0
21.8 1.0
21.9 1.0
22.0 1.0
22.1 1.0
22.2 1.0
22.3 1.0
22.4 1.0
22.5 1.0
22.6 1.0
22.7 1.0
22.8 1.0
22.9 1.0
23.0 1.0
23.1 1.0
23.2 1.0
23.3 1.0
23.4 1.0
23.5 1.0
23.6 1.0
23.7 1.0
23.8 1.0
23.9 1.0
24.0 1.0
24.1 0.999112927805
24.2 0.995810152192
24.3 0.989046701581
24.4 0.977836562222
24.5 0.96155827514
24.6 0.940290120288
24.7 0.913708986962
24.8 0.884497514849
24.9 0.854842858553
25.0 0.826755979871
25.1 0.801783116304
25.2 0.780791883363
25.3 0.764075630001
25.4 0.751494407401
25.5 0.743251575804
25.6 0.738022466164
25.7 0.735201419139
25.8 0.734208526257
25.9 0.734510663904
26.0 0.735647189827
26.1 0.737239413557
26.2 0.73899350273
26.3 0.740697680724
26.4 0.74221469925
26.5 0.743470930841
26.6 0.744443163981
26.7 0.745144938741
26.8 0.745612926161
26.9 0.745895165977
27.0 0.746041672198
27.1 0.746097828784
27.2 0.746100618129
27.3 0.746077244314
27.4 0.74604560383
27.5 0.746015832144
27.6 0.74599245106
27.7 0.745976371147
27.8 0.745966589065
27.9 0.745961404823
28.0 0.745959138694
28.1 0.745959138694
28.2 0.745959138694
28.3 0.745959138694
28.4 0.745959138694
28.5 0.745959138694
28.6 0.745959138694
28.7 0.745959138694
28.8 0.745959138694
28.9 0.745959138694
29.0 0.745959138694
29.1 0.745959138694
29.2 0.745959138694
29.3 0.745959138694
29.4 0.745959138694
29.5 0.745959138694
29.6 0.745959138694
29.7 0.745959138694
29.8 0.745959138694
29.9 0.745959138694
30.0 0.745959138694
30.1 0.745959138694
30.2 0.745959138694
30.3 0.745959138694
30.4 0.745959138694
30.5 0.745959138694
30.6 0.745959138694
30.7 0.745959138694
30.8 0.745959138694
30.9 0.745959138694
31.0 0.745959138694
31.1 0.745959138694
31.2 0.745959138694
31.3 0.745959138694
31.4 0.745959138694
31.5 0.745959138694
31.6 0.745959138694
31.7 0.745959138694
31.8 0.745959138694
31.9 0.745959138694
32.0 0.00407162526315
32.1 0.00224567197744
32.2 0.00194563413574
32.3 0.00185009467677
32.4 0.00181751752973
32.5 0.00181312318743
32.6 0.00182413888585
32.7 0.00184364901972
32.8 0.00186944031598
32.9 0.00189846593941
33.0 0.0019288198497
33.1 0.00195952685162
33.2 0.00198977438238
33.3 0.00201885924557
33.4 0.00204600502977
33.5 0.00207075911175
33.6 0.00209259591281
33.7 0.00211119202838
33.8 0.00212619601034
33.9 0.00213735794583
34.0 0.00214460880319
34.1 0.0021478872291
34.2 0.00214726605155
34.3 0.00214292060285
34.4 0.00213512461163
34.5 0.002124239525
34.6 0.00211075885678
34.7 0.00209513270581
34.8 0.00207795472324
34.9 0.00205982158266
35.0 0.00204133451232
35.1 0.0020230852356
35.2 0.00200559994945
35.3 0.00198942039227
35.4 0.00197490879525
35.5 0.0019624347622
35.6 0.0019521782084
35.7 0.00194424829029
35.8 0.00193864486141
35.9 0.00193526803836
36.0 0.00193393218937
36.1 0.001934378743
36.2 0.00193630032753
36.3 0.00193935982703
36.4 0.00194321252926
36.5 0.00194752627992
36.6 0.00195199872457
36.7 0.00195637064994
36.8 0.00196043481712
36.9 0.00196404055748
37.0 0.00196674461261
37.1 0.00196892109503
37.2 0.0019705715962
37.3 0.0019717294133
37.4 0.00197245073219
37.5 0.00197280592332
37.6 0.00197287145899
37.7 0.00197272317369
37.8 0.00197243109183
37.9 0.00197205591677
38.0 0.00197164699311
38.1 0.00197124176889
38.2 0.00197086637141
38.3 0.0019705369026
38.4 0.00197026054853
38.5 0.00197004001417
38.6 0.00196987157903
38.7 0.00196974932563
38.8 0.00196966589627
38.9 0.00196961353336
39.0 0.00196958483436
39.1 0.00196957321552
39.2 0.00196957316329
39.3 0.00196958029058
39.4 0.00196959128811
39.5 0.00196960379289
39.6 0.00196961623455
39.7 0.00196962765442
39.8 0.00196962765442
39.9 0.00196962765442
40.0 0.00196962765442
40.1 0.00196962765442
40.2 0.00196962765442
40.3 0.00196962765442
40.4 0.00196962765442
40.5 0.00196962765442
40.6 0.00196962765442
40.7 0.00196962765442
40.8 0.00196962765442
40.9 0.00196962765442
41.0 0.00196962765442
41.1 0.00196962765442
41.2 0.00196962765442
41.3 0.00196962765442
41.4 0.00196962765442
41.5 0.00196962765442
41.6 0.00196962765442
41.7 0.00196962765442
41.8 0.00196962765442
41.9 0.00196962765442
42.0 0.00196962765442
42.1 0.00196962765442
42.2 0.00196962765442
42.3 0.00196962765442
42.4 0.00196962765442
42.5 0.00196962765442
42.6 0.000217908916565
42.7 7.95354192021e-06
42.8 5.24532977769e-06
42.9 4.44795058666e-06
43.0 4.07802586525e-06
43.1 3.86944354467e-06
43.2 3.7384880274e-06
43.3 3.65062168847e-06
43.4 3.58902613504e-06
43.5 3.52548247472e-06
43.6 3.41057850263e-06
43.7 3.29342986933e-06
43.8 3.2022946671e-06
43.9 3.13093646929e-06
44.0 3.07469713495e-06
44.1 3.03012650565e-06
44.2 2.99464078119e-06
44.3 2.9662827872e-06
44.4 2.94355310488e-06
44.5 2.92528982705e-06
44.6 2.91058579542e-06
44.7 2.89872678061e-06
44.8 2.88914600909e-06
44.9 2.88139243444e-06
45.0 2.87510498245e-06
45.1 2.86999390668e-06
45.2 2.86582723299e-06
45.3 2.86241808413e-06
45.4 2.85961687988e-06
45.5 2.85730389464e-06
45.6 2.85538380561e-06
45.7 2.8537808681e-06
45.8 2.85243620966e-06
45.9 2.85130311039e-06
46.0 2.85034589753e-06
46.1 2.84953589462e-06
46.2 2.84885159631e-06
46.3 2.84827577831e-06
46.4 2.84779446518e-06
46.5 2.8473961299e-06
46.6 2.84707150415e-06
46.7 2.84681144773e-06
46.8 2.84660852676e-06
46.9 2.84645537993e-06
47.0 2.84634507833e-06
47.1 2.84627092002e-06
47.2 2.84622662545e-06
47.3 2.84620630375e-06
47.4 2.84620450373e-06
47.5 2.8462164486e-06
47.6 2.84623783806e-06
47.7 2.8462650194e-06
47.8 2.84629507235e-06
47.9 2.84632568844e-06
48.0 2.84635518014e-06
48.1 2.84637813444e-06
48.2 2.84639829961e-06
48.3 2.84641557867e-06
48.4 2.84642986433e-06
48.5 2.84644127926e-06
48.6 2.8464502658e-06
48.7 2.84645713841e-06
48.8 2.84646240259e-06
48.9 2.84646654164e-06
49.0 2.84646997384e-06
49.1 2.84647308317e-06
49.2 2.84647625755e-06
49.3 2.84647962225e-06
49.4 2.84648368991e-06
49.5 2.84648845914e-06
49.6 2.84649403981e-06
49.7 2.84650046001e-06
49.8 2.84650771126e-06
49.9 2.84651573267e-06
50.0 2.8465244665e-06
