0.0 0.0
0.1 0.0
0.2 0.0
0.3 0.0
0.4 0.0
0.5 0.0
0.6 0.0
0.7 0.0
0.8 0.0
0.9 0.0
1.0 0.0
1.1 0.0
1.2 0.0
1.3 0.0
1.4 0.0
1.5 0.0
1.6 0.0
1.7 0.0
1.8 0.0
1.9 0.0
2.0 0.0
2.1 0.0
2.2 0.0
2.3 0.0
2.4 0.0
2.5 0.0
2.6 0.0
2.7 0.0
2.8 0.0
2.9 0.0
3.0 0.0
3.1 0.0
3.2 0.0
3.3 0.0
3.4 0.0
3.5 0.0
3.6 0.0
3.7 0.0
3.8 0.0
3.9 0.0
4.0 0.0
4.1 0.0
4.2 0.0
4.3 0.0
4.4 0.0
4.5 0.0
4.6 0.0
4.7 0.0
4.8 0.0
4.9 0.0
5.0 0.0
5.1 0.0
5.2 0.0
5.3 0.0
5.4 0.0
5.5 0.0
5.6 0.0
5.7 0.0
5.8 0.0
5.9 0.0
6.0 0.0
6.1 0.0
6.2 0.0
6.3 0.0
6.4 0.0
6.5 0.0
6.6 0.0
6.7 0.0
6.8 0.0
6.9 0.0
7.0 0.0
7.1 0.0
7.2 0.0
7.3 0.0
7.4 0.0
7.5 0.0
7.6 0.0
7.7 0.0
7.8 0.0
7.9 0.0
8.0 0.0
8.1 0.0
8.2 0.0
8.3 0.0
8.4 0.0
8.5 0.0
8.6 0.0
8.7 0.0
8.8 0.0
8.9 0.0
9.0 0.0
9.1 0.0
9.2 0.0
9.3 0.0
9.4 0.0
9.5 0.0
9.6 0.0
9.7 0.0
9.8 0.0
9.9 0.0
10.0 0.0
10.1 0.0
10.2 0.0
10.3 0.0
10.4 0.0
10.5 0.0
10.6 0.0
10.7 0.0
10.8 0.0
10.9 0.0
11.0 0.0
11.1 0.0
11.2 0.0
11.3 0.0
11.4 0.0
11.5 0.0
11.6 0.0
11.7 0.0
11.8 0.0
11.9 0.0
12.0 0.0
12.1 0.0
12.2 0.0
12.3 0.0
12.4 0.0
12.5 0.0
12.6 0.0
12.7 0.0
12.8 0.0
12.9 0.0
13.0 0.0
13.1 0.0
13.2 0.0
13.3 0.0
13.4 0.0
13.5 0.0
13.6 0.0
13.7 0.0
13.8 0.0
13.9 0.0
14.0 0.0
14.1 0.0
14.2 0.0
14.3 0.0
14.4 0.0
14.5 0.0
14.6 0.0
14.7 0.0
14.8 0.0
14.9 0.0
15.0 0.0
15.1 0.0
15.2 0.0
15.3 0.0
15.4 0.0
15.5 0.0
15.6 0.0
15.7 0.0
15.8 0.0
15.9 0.0
16.0 0.0
16.1 0.0
16.2 0.0
16.3 0.0
16.4 0.0
16.5 0.0
16.6 0.0
16.7 0.0
16.8 0.0
16.9 0.0
17.0 0.0
17.1 0.0
17.2 0.0
17.3 0.0
17.4 0.0
17.5 0.0
17.6 0.0
17.7 0.0
17.8 0.0
17.9 0.0
18.0 0.0
18.1 0.0
18.2 0.0
18.3 0.0
18.4 0.0
18.5 0.0
18.6 0.0
18.7 0.0
18.8 0.0
18.9 0.0
19.0 0.0
19.1 0.0
19.2 0.0
19.3 0.0
19.4 0.0
19.5 0.0
19.6 0.0
19.7 0.0
19.8 0.0
19.9 0.0
20.0 0.0
20.1 0.0
20.2 0.0
20.3 0.0
20.4 0.0
20.5 0.0
20.6 0.0
20.7 0.0
20.8 0.0
20.9 0.0
21.0 0.0
21.1 0.0
21.2 0.0
21.3 0.0
21.4 0.0
21.5 0.0
21.6 0.0
21.7 0.0
21.8 0.0
21.9 0.0
22.0 0.0
22.1 0.0
22.2 0.0
22.3 0.0
22.4 0.0
22.5 0.0
22.6 0.0
22.7 0.0
22.8 0.0
22.9 0.0
23.0 0.0
23.1 0.0
23.2 0.0
23.3 0.0
23.4 0.0
23.5 0.0
23.6 0.0
23.7 0.0
23.8 0.0
23.9 0.0
24.0 0.0
24.1 0.0
24.2 0.0
24.3 0.0
24.4 0.0
24.5 0.0
24.6 0.0
24.7 0.0
24.8 0.0
24.9 0.0
25.0 0.0
25.1 0.0
25.2 0.0
25.3 0.0
25.4 0.0
25.5 0.0
25.6 0.0
25.7 0.0
25.8 0.0
25.9 0.0
26.0 0.0
26.1 0.0
26.2 0.0
26.3 0.0
26.4 0.0
26.5 0.0
26.6 0.0
26.7 0.0
26.8 0.0
26.9 0.0
27.0 0.0
27.1 0.0
27.2 0.0
27.3 0.0
27.4 0.0
27.5 0.0
27.6 0.0
27.7 0.0
27.8 0.0
27.9 0.0
28.0 0.0
28.1 0.0
28.2 0.0
28.3 0.0
28.4 0.0
28.5 0.0
28.6 0.0
28.7 0.0
28.8 0.0
28.9 0.0
29.0 0.0
29.1 0.0
29.2 0.0
29.3 0.0
29.4 0.0
29.5 0.0
29.6 0.0
29.7 0.0
29.8 0.0
29.9 0.0
30.0 0.0
30.1 0.0
30.2 0.0
30.3 0.0
30.4 0.0
30.5 0.0
30.6 0.0
30.7 0.0
30.8 0.0
30.9 0.0
31.0 0.0
31.1 0.0
31.2 0.0
31.3 0.0
31.4 0.0
31.5 0.0
31.6 0.0
31.7 0.0
31.8 0.0
31.9 0.0
32.0 0.74188751343
32.1 0.743713466716
32.2 0.744013504558
32.3 0.744109044017
32.4 0.744141621164
32.5 0.744146015506
32.6 0.744134999808
32.7 0.744115489674
32.8 0.744089698378
32.9 0.744060672754
33.0 0.744030318844
33.1 0.743999611842
33.2 0.743969364311
33.3 0.743940279448
33.4 0.743913133664
33.5 0.743888379582
33.6 0.743866542781
33.7 0.743847946665
33.8 0.743832942683
33.9 0.743821780748
34.0 0.74381452989
34.1 0.743811251464
34.2 0.743811872642
34.3 0.743816218091
34.4 0.743824014082
34.5 0.743834899168
34.6 0.743848379837
34.7 0.743864005988
34.8 0.74388118397
34.9 0.743899317111
35.0 0.743917804181
35.1 0.743936053458
35.2 0.743953538744
35.3 0.743969718301
35.4 0.743984229898
35.5 0.743996703931
35.6 0.744006960485
35.7 0.744014890403
35.8 0.744020493832
35.9 0.744023870655
36.0 0.744025206504
36.1 0.744024759951
36.2 0.744022838366
36.3 0.744019778867
36.4 0.744015926164
36.5 0.744011612414
36.6 0.744007139969
36.7 0.744002768044
36.8 0.743998703876
36.9 0.743995098136
37.0 0.743992394081
37.1 0.743990217599
37.2 0.743988567097
37.3 0.74398740928
37.4 0.743986687961
37.5 0.74398633277
37.6 0.743986267234
37.7 0.74398641552
37.8 0.743986707602
37.9 0.743987082777
38.0 0.7439874917
38.1 0.743987896925
38.2 0.743988272322
38.3 0.743988601791
38.4 0.743988878145
38.5 0.743989098679
38.6 0.743989267114
38.7 0.743989389368
38.8 0.743989472797
38.9 0.74398952516
39.0 0.743989553859
39.1 0.743989565478
39.2 0.74398956553
39.3 0.743989558403
39.4 0.743989547405
39.5 0.743989534901
39.6 0.743989522459
39.7 0.743989511039
39.8 0.743989511039
39.9 0.743989511039
40.0 0.743989511039
40.1 0.743989511039
40.2 0.743989511039
40.3 0.743989511039
40.4 0.743989511039
40.5 0.743989511039
40.6 0.743989511039
40.7 0.743989511039
40.8 0.743989511039
40.9 0.743989511039
41.0 0.743989511039
41.1 0.743989511039
41.2 0.743989511039
41.3 0.743989511039
41.4 0.743989511039
41.5 0.743989511039
41.6 0.743989511039
41.7 0.743989511039
41.8 0.743989511039
41.9 0.743989511039
42.0 0.743989511039
42.1 0.743989511039
42.2 0.743989511039
42.3 0.743989511039
42.4 0.743989511039
42.5 0.743989511039
42.6 0.743995149609
42.7 0.744004971948
42.8 0.744014092332
42.9 0.744021946755
43.0 0.74402844494
43.1 0.744033655084
43.2 0.74403772794
43.3 0.744040846276
43.4 0.744043193383
43.5 0.695064326779
43.6 0.0139013269101
43.7 0.00655355518662
43.8 0.00492153275069
43.9 0.00423227028048
44.0 0.0038590638889
44.1 0.00362837640991
44.2 0.00347371539631
44.3 0.0033642954055
44.4 0.0032839135844
44.5 0.00322325866338
44.6 0.00317658436739
44.7 0.003140163146
44.8 0.00311146492174
44.9 0.00308871391808
45.0 0.00307062561856
45.1 0.00305624305256
45.2 0.00304484313492
45.3 0.00303586353002
45.4 0.0030288615321
45.5 0.00302348399282
45.6 0.00301944300046
45.7 0.00301650299628
45.8 0.00301447067317
45.9 0.00301318197759
46.0 0.00301249941498
46.1 0.00301230644681
46.2 0.00301250393683
46.3 0.0030130069503
46.4 0.0030137431793
46.5 0.00301465060675
46.6 0.00301567667442
46.7 0.003016776469
46.8 0.00301791253497
46.9 0.00301905346981
47.0 0.00302017385586
47.1 0.00302125296162
47.2 0.00302227491999
47.3 0.00302322777848
47.4 0.00302410296446
47.5 0.00302489525625
47.6 0.0030256022808
47.7 0.00302622412644
47.8 0.00302676236264
47.9 0.00302722033763
48.0 0.00302760268241
48.1 0.00302791484471
48.2 0.00302816298433
48.3 0.00302835362555
48.4 0.00302849342525
48.5 0.0030285889627
48.6 0.00302864666472
48.7 0.00302867247242
48.8 0.00302867223304
48.9 0.00302865106577
49.0 0.00302861355746
49.1 0.00302856371737
49.2 0.00302850501821
49.3 0.00302844036995
49.4 0.00302837217815
49.5 0.00302830238942
49.6 0.00302823254322
49.7 0.00302816382442
49.8 0.00302809707481
49.9 0.00302803284571
50.0 0.00302797152639
