# time  poten(istate=1)  kinen  toten
0.0000000000  -39.8914822400  0.0114730418  -39.8800091982
4.1341370000  -39.8904398200  0.0104344127  -39.8800054073
8.2682740000  -39.8895002900  0.0094954693  -39.8800048207
12.4024110000  -39.8886727700  0.0086685381  -39.8800042319
16.5365480000  -39.8879681900  0.0079644544  -39.8800037356
20.6706850000  -39.8873957200  0.0073923071  -39.8800034129
24.8048220000  -39.8869626100  0.0069592635  -39.8800033465
28.9389590000  -39.8866739100  0.0066705009  -39.8800034091
33.0730960000  -39.8865330800  0.0065292499  -39.8800038301
37.2072330000  -39.8865414200  0.0065366385  -39.8800047815
41.3413700000  -39.8866965000  0.0066919846  -39.8800045154
45.4755070000  -39.8869976400  0.0069929112  -39.8800047288
49.6096440000  -39.8874407700  0.0074352734  -39.8800054966
53.7437810000  -39.8880190200  0.0080134075  -39.8800056125
57.8779180000  -39.8887261600  0.0087204593  -39.8800057007
62.0120550000  -39.8895550300  0.0095483980  -39.8800066320
66.1461920000  -39.8904948700  0.0104878735  -39.8800069965
70.2803290000  -39.8915372000  0.0115287543  -39.8800084457
74.4144660000  -39.8926682300  0.0126601107  -39.8800081193
78.5486030000  -39.8938794200  0.0138702698  -39.8800091502
82.6827400000  -39.8951566100  0.0151471825  -39.8800094275
86.8168770000  -39.8964882600  0.0164785687  -39.8800096913
90.9510140000  -39.8978619000  0.0178519544  -39.8800099456
95.0851510000  -39.8992652000  0.0192548276  -39.8800103724
99.2192880000  -39.9006856700  0.0206748527  -39.8800108173
103.3534250000  -39.9021112600  0.0221000035  -39.8800112565
107.4875620000  -39.9035303000  0.0235185956  -39.8800117044
111.6216990000  -39.9049311800  0.0249195083  -39.8800116717
115.7558360000  -39.9063039900  0.0262921577  -39.8800118323
119.8899730000  -39.9076386200  0.0276265750  -39.8800120450
124.0241100000  -39.9089258400  0.0289136013  -39.8800122387
128.1582470000  -39.9101573000  0.0301448856  -39.8800124144
132.2923840000  -39.9113255200  0.0313129311  -39.8800125889
136.4265210000  -39.9124238600  0.0324111359  -39.8800127241
140.5606580000  -39.9134466500  0.0334338158  -39.8800128342
144.6947950000  -39.9143891400  0.0343762021  -39.8800129379
148.8289320000  -39.9152474900  0.0352344517  -39.8800130383
152.9630690000  -39.9160187400  0.0360056330  -39.8800131070
157.0972060000  -39.9167008400  0.0366876959  -39.8800131441
161.2313430000  -39.9172926000  0.0372794399  -39.8800131601
165.3654800000  -39.9177943600  0.0377805895  -39.8800137705
169.4996170000  -39.9182044500  0.0381914654  -39.8800129846
173.6337540000  -39.9185256000  0.0385130275  -39.8800125725
177.7678910000  -39.9187593700  0.0387470637  -39.8800123063
181.9020280000  -39.9189079200  0.0388959058  -39.8800120142
186.0361650000  -39.9189741300  0.0389624161  -39.8800117139
190.1703020000  -39.9189613200  0.0389499248  -39.8800113952
194.3044390000  -39.9188736300  0.0388621176  -39.8800115124
198.4385760000  -39.9187142200  0.0387030863  -39.8800111337
202.5727130000  -39.9184881700  0.0384772468  -39.8800109232
206.7068500000  -39.9181998900  0.0381891832  -39.8800107068
210.8409870000  -39.9178541300  0.0378436559  -39.8800104741
214.9751240000  -39.9174563900  0.0374455720  -39.8800108180
219.1092610000  -39.9170107100  0.0369998680  -39.8800108420
223.2433980000  -39.9165221300  0.0365114411  -39.8800106889
227.3775350000  -39.9159957700  0.0359851978  -39.8800105722
231.5116720000  -39.9154365200  0.0354259803  -39.8800105397
235.6458090000  -39.9148491100  0.0348385172  -39.8800105928
239.7799460000  -39.9142381600  0.0342273840  -39.8800107760
243.9140830000  -39.9136080800  0.0335969742  -39.8800111058
248.0482200000  -39.9129630500  0.0329514631  -39.8800115869
252.1823570000  -39.9123062700  0.0322947025  -39.8800115675
256.3164940000  -39.9116431500  0.0316303083  -39.8800128417
260.4506310000  -39.9109763000  0.0309614566  -39.8800148434
264.5847680000  -39.9103034400  0.0302909843  -39.8800124557
268.7189050000  -39.9096344000  0.0296214184  -39.8800129816
272.8530420000  -39.9089682500  0.0289545488  -39.8800137012
276.9871790000  -39.9083022900  0.0282912329  -39.8800110571
281.1213160000  -39.9076475200  0.0276316991  -39.8800158209
285.2554530000  -39.9069891300  0.0269748232  -39.8800143068
289.3895900000  -39.9063297900  0.0263171312  -39.8800126588
293.5237270000  -39.9056637800  0.0256514150  -39.8800123650
297.6578640000  -39.9049734700  0.0249624510  -39.8800110190
301.7920010000  -39.9042373700  0.0242152002  -39.8800221698
305.9261380000  -39.9033274200  0.0232772008  -39.8800502192
310.0602750000  -39.9073942500  0.0226655159  -39.8847287341
314.1944120000  -39.9072612500  0.0225301178  -39.8847311322
318.3285490000  -39.9071625200  0.0224315283  -39.8847309917
322.4626860000  -39.9071013600  0.0223702378  -39.8847311222
326.5968230000  -39.9070776700  0.0223463921  -39.8847312779
330.7309600000  -39.9070913600  0.0223598681  -39.8847314919
334.8650970000  -39.9071419400  0.0224102648  -39.8847316752
338.9992340000  -39.9072287900  0.0224968992  -39.8847318908
343.1333710000  -39.9073509500  0.0226188134  -39.8847321366
347.2675080000  -39.9075071700  0.0227747795  -39.8847323905
351.4016450000  -39.9076959700  0.0229633127  -39.8847326573
355.5357820000  -39.9079162400  0.0231827195  -39.8847335205
359.6699190000  -39.9081662500  0.0234310372  -39.8847352128
363.8040560000  -39.9084482400  0.0237060394  -39.8847422006
367.9381930000  -39.9087415400  0.0240053770  -39.8847361630
372.0723300000  -39.9090651200  0.0243266172  -39.8847385028
376.2064670000  -39.9094051700  0.0246671098  -39.8847380602
380.3406040000  -39.9097614100  0.0250239403  -39.8847374697
384.4747410000  -39.9101311000  0.0253942859  -39.8847368141
388.6088780000  -39.9105109900  0.0257753151  -39.8847356749
392.7430150000  -39.9108985400  0.0261639833  -39.8847345567
396.8771520000  -39.9112905500  0.0265571252  -39.8847334248
401.0112890000  -39.9116841000  0.0269514828  -39.8847326172
405.1454260000  -39.9120770000  0.0273439109  -39.8847330891
409.2795630000  -39.9124639700  0.0277311188  -39.8847328512
413.4137000000  -39.9128423600  0.0281096278  -39.8847327322
417.5478370000  -39.9132088300  0.0284760522  -39.8847327778
421.6819740000  -39.9135599800  0.0288270298  -39.8847329502
425.8161110000  -39.9138924700  0.0291592153  -39.8847332547
429.9502480000  -39.9142029800  0.0294693082  -39.8847336718
434.0843850000  -39.9144882800  0.0297541019  -39.8847341781
438.2185220000  -39.9147452000  0.0300104735  -39.8847347265
442.3526590000  -39.9149707900  0.0302354069  -39.8847353831
446.4867960000  -39.9151620900  0.0304260711  -39.8847360189
450.6209330000  -39.9153166900  0.0305798436  -39.8847368464
454.7550700000  -39.9154321300  0.0306943484  -39.8847377816
458.8892070000  -39.9155063200  0.0307675053  -39.8847388147
463.0233440000  -39.9155370000  0.0307974644  -39.8847395356
467.1574810000  -39.9155241000  0.0307829091  -39.8847411909
471.2916180000  -39.9154660000  0.0307232836  -39.8847427164
475.4257550000  -39.9153626100  0.0306182018  -39.8847444082
479.5598920000  -39.9152128500  0.0304677526  -39.8847450974
483.6940290000  -39.9150186400  0.0302727930  -39.8847458470
487.8281660000  -39.9147828300  0.0300349023  -39.8847479277
491.9623030000  -39.9145051600  0.0297563600  -39.8847488000
496.0964400000  -39.9141817300  0.0294400403  -39.8847416897
500.2305770000  -39.9138308000  0.0290897348  -39.8847410652
504.3647140000  -39.9134519900  0.0287102006  -39.8847417894
508.4988510000  -39.9130463700  0.0283068660  -39.8847395040
512.6329880000  -39.9126246200  0.0278860005  -39.8847386195
516.7671250000  -39.9121925000  0.0274548678  -39.8847376322
520.9012620000  -39.9117580500  0.0270214487  -39.8847366013
525.0353990000  -39.9113299500  0.0265944410  -39.8847355090
529.1695360000  -39.9109159600  0.0261830502  -39.8847329098
533.3036730000  -39.9105301500  0.0257971384  -39.8847330116
537.4378100000  -39.9101792000  0.0254469058  -39.8847322942
541.5719470000  -39.9098737000  0.0251423938  -39.8847313062
545.7060840000  -39.9096236500  0.0248933894  -39.8847302606
549.8402210000  -39.9094361500  0.0247087745  -39.8847273755
553.9743580000  -39.9093204000  0.0245960514  -39.8847243486
558.1084950000  -39.9092854600  0.0245617687  -39.8847236913
562.2426320000  -39.9093378800  0.0246113158  -39.8847265642
566.3767690000  -39.9094714300  0.0247494074  -39.8847220226
570.5109060000  -39.9097043100  0.0249843159  -39.8847199941
574.6450430000  -39.9100520500  0.0253353295  -39.8847167205
578.7791800000  -39.9105514900  0.0258383269  -39.8847131631
582.9133170000  -39.9112485000  0.0265377337  -39.8847107663
587.0474540000  -39.9121767800  0.0274651393  -39.8847116407
591.1815910000  -39.9133397700  0.0286255867  -39.8847141833
595.3157280000  -39.9147191500  0.0300023082  -39.8847168418
599.4498650000  -39.9162876500  0.0315680541  -39.8847195959
603.5840020000  -39.9180141900  0.0332918186  -39.8847223714
607.7181390000  -39.9198673200  0.0351417103  -39.8847256097
611.8522760000  -39.9218135900  0.0370849931  -39.8847285969
615.9864130000  -39.9238187200  0.0390872750  -39.8847314450
620.1205500000  -39.9258468100  0.0411124003  -39.8847344097
624.2546870000  -39.9278593100  0.0431219468  -39.8847373632
628.3888240000  -39.9298160000  0.0450755132  -39.8847404868
632.5229610000  -39.9316758200  0.0469308557  -39.8847449643
636.6570980000  -39.9333922900  0.0486447162  -39.8847475738
640.7912350000  -39.9349245200  0.0501737782  -39.8847507418
644.9253720000  -39.9362272800  0.0514738749  -39.8847534051
649.0595090000  -39.9372592700  0.0525021040  -39.8847571660
653.1936460000  -39.9379774200  0.0532187551  -39.8847586649
657.3277830000  -39.9383484800  0.0535882724  -39.8847602076
661.4619200000  -39.9383441900  0.0535829805  -39.8847612095
665.5960570000  -39.9379465900  0.0531855765  -39.8847610135
669.7301940000  -39.9371515600  0.0523910290  -39.8847605310
673.8643310000  -39.9359696900  0.0512103890  -39.8847593010
677.9984680000  -39.9344315600  0.0496746275  -39.8847569325
682.1326050000  -39.9325897600  0.0478367793  -39.8847529807
686.2667420000  -39.9305217600  0.0457742040  -39.8847475560
690.4008790000  -39.9283320900  0.0435911512  -39.8847409388
694.5350160000  -39.9261514600  0.0414180387  -39.8847334213
698.6691530000  -39.9241321800  0.0394075925  -39.8847245875
702.8032900000  -39.9224406800  0.0377268247  -39.8847138553
706.9374270000  -39.9212499500  0.0365454509  -39.8847044991
711.0715640000  -39.9207179600  0.0360206753  -39.8846972847
715.2057010000  -39.9209720100  0.0362792056  -39.8846928044
719.3398380000  -39.9220951500  0.0374011969  -39.8846939531
723.4739750000  -39.9241039600  0.0394091865  -39.8846947735
727.6081120000  -39.9269633300  0.0422628364  -39.8847004936
731.7422490000  -39.9305724200  0.0458631097  -39.8847093103
735.8763860000  -39.9347843500  0.0500643214  -39.8847200286
740.0105230000  -39.9394220400  0.0546903639  -39.8847316761
744.1446600000  -39.9442971600  0.0595536943  -39.8847434657
748.2787970000  -39.9492258600  0.0644735212  -39.8847523388
752.4129340000  -39.9540488900  0.0692895925  -39.8847592975
756.5470710000  -39.9586354600  0.0738726977  -39.8847627623
760.6812080000  -39.9628995000  0.0781375719  -39.8847619281
764.8153450000  -39.9668312900  0.0820917051  -39.8847395849
768.9494820000  -39.9753036800  0.0857590749  -39.8895446051
773.0836190000  -39.9785692900  0.0890256262  -39.8895436638
777.2177560000  -39.9813441300  0.0918038277  -39.8895403023
781.3518930000  -39.9836501900  0.0941128120  -39.8895373780
785.4860300000  -39.9855156300  0.0959816437  -39.8895339863
789.6201670000  -39.9869760600  0.0974461669  -39.8895298931
793.7543040000  -39.9880725200  0.0985461088  -39.8895264112
797.8884410000  -39.9888457500  0.0993231906  -39.8895225594
802.0225780000  -39.9893389300  0.0998189456  -39.8895199844
806.1567150000  -39.9895908800  0.1000735439  -39.8895173361
810.2908520000  -39.9896397500  0.1001249657  -39.8895147843
814.4249890000  -39.9895209200  0.1000083704  -39.8895125496
818.5591260000  -39.9892663800  0.0997558373  -39.8895105427
822.6932630000  -39.9889049800  0.0993963136  -39.8895086664
826.8274000000  -39.9884626300  0.0989555790  -39.8895070510
830.9615370000  -39.9879620500  0.0984564049  -39.8895056451
835.0956740000  -39.9874232100  0.0979187880  -39.8895044220
839.2298110000  -39.9868635000  0.0973601394  -39.8895033606
843.3639480000  -39.9862980000  0.0967955233  -39.8895024767
847.4980850000  -39.9857396200  0.0962379000  -39.8895017200
851.6322220000  -39.9851993900  0.0956983367  -39.8895010533
855.7663590000  -39.9846869100  0.0951862735  -39.8895006365
859.9004960000  -39.9842100700  0.0947097560  -39.8895003140
864.0346330000  -39.9837756800  0.0942755843  -39.8895000957
868.1687700000  -39.9833893300  0.0938894392  -39.8894998908
872.3029070000  -39.9830557900  0.0935560747  -39.8894997153
876.4370440000  -39.9827790800  0.0932794857  -39.8894995943
880.5711810000  -39.9825624000  0.0930630620  -39.8894993380
884.7053180000  -39.9824087700  0.0929096184  -39.8894991516
888.8394550000  -39.9823205100  0.0928215086  -39.8894990014
892.9735920000  -39.9822996200  0.0928007576  -39.8894988624
897.1077290000  -39.9823478900  0.0928491475  -39.8894987425
901.2418660000  -39.9824669300  0.0929683181  -39.8894986119
905.3760030000  -39.9826581400  0.0931597371  -39.8894984029
909.5101400000  -39.9829230200  0.0934247644  -39.8894982556
913.6442770000  -39.9832628300  0.0937647741  -39.8894980559
917.7784140000  -39.9836790100  0.0941811831  -39.8894978269
921.9125510000  -39.9841730100  0.0946754125  -39.8894975975
926.0466880000  -39.9847463400  0.0952489682  -39.8894973718
930.1808250000  -39.9854007000  0.0959034858  -39.8894972142
934.3149620000  -39.9861376500  0.0966405000  -39.8894971500
938.4490990000  -39.9869590500  0.0974618056  -39.8894972444
942.5832360000  -39.9878668000  0.0983694836  -39.8894973164
946.7173730000  -39.9888628300  0.0993654665  -39.8894973635
950.8515100000  -39.9899490400  0.1004516724  -39.8894973676
954.9856470000  -39.9911273100  0.1016299332  -39.8894973768
959.1197840000  -39.9923992800  0.1029018909  -39.8894973891
963.2539210000  -39.9937663000  0.1042688850  -39.8894974150
967.3880580000  -39.9952292700  0.1057318106  -39.8894974594
971.5221950000  -39.9967884900  0.1072909495  -39.8894975405
975.6563320000  -39.9984434600  0.1089457809  -39.8894976791
979.7904690000  -40.0001926800  0.1106947674  -39.8894979126
983.9246060000  -40.0020332600  0.1125351147  -39.8894981453
988.0587430000  -40.0039611000  0.1144624841  -39.8894986159
992.1928800000  -40.0059699600  0.1164706854  -39.8894992746
996.3270170000  -40.0080514900  0.1185513235  -39.8895001665
1000.4611540000  -40.0101941600  0.1206934351  -39.8895007249
1004.5952910000  -40.0123851300  0.1228830901  -39.8895020399
1008.7294280000  -40.0146069900  0.1251028717  -39.8895041183
1012.8635650000  -40.0168377400  0.1273314869  -39.8895062531
1016.9977020000  -40.0190520000  0.1295432871  -39.8895087129
1021.1318390000  -40.0212192600  0.1317076905  -39.8895115695
1025.2659760000  -40.0233037300  0.1337888308  -39.8895148992
1029.4001130000  -40.0252639600  0.1357452407  -39.8895187193
1033.5342500000  -40.0270528000  0.1375298089  -39.8895229911
1037.6683870000  -40.0286170700  0.1390896227  -39.8895274473
1041.8025240000  -40.0298987000  0.1403664238  -39.8895322762
1045.9366610000  -40.0308352700  0.1412979116  -39.8895373584
1050.0707980000  -40.0313619400  0.1418194160  -39.8895425240
1054.2049350000  -40.0314141900  0.1418666731  -39.8895475169
1058.3390720000  -40.0309318400  0.1413798394  -39.8895520006
1062.4732090000  -40.0298645400  0.1403089978  -39.8895555422
1066.6073460000  -40.0281788100  0.1386212283  -39.8895575817
1070.7414830000  -40.0258665700  0.1363090686  -39.8895575014
1074.8756200000  -40.0229551500  0.1334001955  -39.8895549545
1079.0097570000  -40.0195150300  0.1299666640  -39.8895483660
1083.1438940000  -40.0156708300  0.1261324387  -39.8895383913
1087.2780310000  -40.0116012500  0.1220767272  -39.8895245228
1091.4121680000  -40.0075383400  0.1180299973  -39.8895083427
1095.5463050000  -40.0037517300  0.1142609331  -39.8894907969
1099.6804420000  -40.0005272100  0.1110531355  -39.8894740745
1103.8145790000  -39.9981336900  0.1086732673  -39.8894604227
1107.9487160000  -39.9967876200  0.1073357133  -39.8894519067
1112.0828530000  -39.9966210800  0.1071708083  -39.8894502717
1116.2169900000  -39.9976596900  0.1082040065  -39.8894556835
1120.3511270000  -39.9998189200  0.1103516833  -39.8894672367
1124.4852640000  -40.0029176700  0.1134346539  -39.8894830161
1128.6194010000  -40.0067065100  0.1172057500  -39.8895007600
1132.7535380000  -40.0109023800  0.1213844211  -39.8895179589
1136.8876750000  -40.0152240600  0.1256909815  -39.8895330785
1141.0218120000  -40.0194185800  0.1298743401  -39.8895442399
1145.1559490000  -40.0232826100  0.1337298429  -39.8895527671
1149.2900860000  -40.0266642900  0.1371071673  -39.8895571227
1153.4242230000  -40.0294683200  0.1399100655  -39.8895582545
1157.5583600000  -40.0316474600  0.1420906048  -39.8895568552
1161.6924970000  -40.0331939800  0.1436403859  -39.8895535941
1165.8266340000  -40.0341302800  0.1445809654  -39.8895493146
1169.9607710000  -40.0344989400  0.1449548166  -39.8895441234
1174.0949080000  -40.0343562900  0.1448175551  -39.8895387349
1178.2290450000  -40.0337651300  0.1442317611  -39.8895333689
1182.3631820000  -40.0327905600  0.1432623232  -39.8895282368
1186.4973190000  -40.0314965800  0.1419731245  -39.8895234555
1190.6314560000  -40.0299439500  0.1404248294  -39.8895191206
1194.7655930000  -40.0281887600  0.1386735247  -39.8895152353
1198.8997300000  -40.0262818200  0.1367700100  -39.8895118100
1203.0338670000  -40.0242683700  0.1347595323  -39.8895088377
1207.1680040000  -40.0221881100  0.1326818358  -39.8895062742
1211.3021410000  -40.0200755000  0.1305714203  -39.8895040797
1215.4362780000  -40.0179601400  0.1284579211  -39.8895022189
1219.5704150000  -40.0158671400  0.1263665454  -39.8895005946
1223.7045520000  -40.0138178300  0.1243185517  -39.8894992783
1227.8386890000  -40.0118299100  0.1223317091  -39.8894982009
1231.9728260000  -40.0099180500  0.1204207217  -39.8894973283
1236.1069630000  -40.0080939800  0.1185976559  -39.8894963241
1240.2411000000  -40.0063678800  0.1168722658  -39.8894956142
1244.3752370000  -40.0047476200  0.1152524005  -39.8894952195
1248.5093740000  -40.0032393800  0.1137443197  -39.8894950603
1252.6435110000  -40.0018476300  0.1123528239  -39.8894948061
1256.7776480000  -40.0005761400  0.1110815283  -39.8894946117
1260.9117850000  -39.9994275800  0.1099331063  -39.8894944737
1265.0459220000  -39.9984038100  0.1089094324  -39.8894943776
1269.1800590000  -39.9975060600  0.1080117159  -39.8894943441
1273.3141960000  -39.9967350700  0.1072406414  -39.8894944286
1277.4483330000  -39.9960909400  0.1065964707  -39.8894944693
1281.5824700000  -39.9955736300  0.1060791130  -39.8894945170
1285.7166070000  -39.9951827800  0.1056881988  -39.8894945812
1289.8507440000  -39.9949178000  0.1054231457  -39.8894946543
1293.9848810000  -39.9947782100  0.1052832090  -39.8894950010
1298.1190180000  -39.9947626400  0.1052675184  -39.8894951216
1302.2531550000  -39.9948703200  0.1053751098  -39.8894952102
1306.3872920000  -39.9951002500  0.1056049401  -39.8894953099
1310.5214290000  -39.9954513100  0.1059559032  -39.8894954068
1314.6555660000  -39.9959223500  0.1064268369  -39.8894955131
1318.7897030000  -39.9965121400  0.1070165118  -39.8894956282
1322.9238400000  -39.9972193600  0.1077236121  -39.8894957479
1327.0579770000  -39.9980425900  0.1085467161  -39.8894958739
1331.1921140000  -39.9989802700  0.1094842573  -39.8894960127
1335.3262510000  -40.0000305300  0.1105344733  -39.8894960567
1339.4603880000  -40.0011915400  0.1116953392  -39.8894962008
1343.5945250000  -40.0024608800  0.1129644875  -39.8894963925
1347.7286620000  -40.0038354000  0.1143391148  -39.8894962852
1351.8627990000  -40.0053123300  0.1158158468  -39.8894964832
1355.9969360000  -40.0068873800  0.1173905961  -39.8894967839
1360.1310730000  -40.0085555700  0.1190583949  -39.8894971751
1364.2652100000  -40.0103108400  0.1208131877  -39.8894976523
1368.3993470000  -40.0121458200  0.1226475908  -39.8894982292
1372.5334840000  -40.0140515600  0.1245526122  -39.8894989478
1376.6676210000  -40.0160171800  0.1265173327  -39.8894998473
1380.8017580000  -40.0180294700  0.1285285483  -39.8895009217
1384.9358950000  -40.0200726100  0.1305703405  -39.8895022695
1389.0700320000  -40.0221274900  0.1326236961  -39.8895037939
1393.2041690000  -40.0241717700  0.1346660446  -39.8895057254
1397.3383060000  -40.0261787400  0.1366707232  -39.8895080168
1401.4724430000  -40.0281175800  0.1386065073  -39.8895110727
1405.6065800000  -40.0299515000  0.1404372402  -39.8895142598
1409.7407170000  -40.0316394500  0.1421215252  -39.8895179248
1413.8748540000  -40.0331344900  0.1436125158  -39.8895219742
1418.0089910000  -40.0343845100  0.1448580641  -39.8895264459
1422.1431280000  -40.0353325600  0.1458012697  -39.8895312903
1426.2772650000  -40.0359179900  0.1463815895  -39.8895364005
1430.4114020000  -40.0360783300  0.1465367347  -39.8895415953
1434.5455390000  -40.0357522300  0.1462057165  -39.8895465135
1438.6796760000  -40.0348835400  0.1453327610  -39.8895507790
1442.8138130000  -40.0334271400  0.1438730122  -39.8895541278
1446.9479500000  -40.0313561300  0.1418001862  -39.8895559438
1451.0820870000  -40.0286704900  0.1391150328  -39.8895554572
1455.2162240000  -40.0254067600  0.1358547342  -39.8895520258
1459.3503610000  -40.0216472300  0.1321021303  -39.8895450997
1463.4844980000  -40.0175270800  0.1279926321  -39.8895344479
1467.6186350000  -40.0132366700  0.1237163945  -39.8895202755
1471.7527720000  -40.0090165900  0.1195130435  -39.8895035465
1475.8869090000  -40.0051422200  0.1156568153  -39.8894854047
1480.0210460000  -40.0019004700  0.1124316005  -39.8894688695
1484.1551830000  -39.9995543000  0.1100982062  -39.8894560938
1488.2893200000  -39.9983068800  0.1088591248  -39.8894477552
1492.4234570000  -39.9982752600  0.1088280122  -39.8894472478
1496.5575940000  -39.9994652200  0.1100114383  -39.8894537817
1500.6917310000  -40.0017739100  0.1123077321  -39.8894661779
1504.8258680000  -40.0050055900  0.1155231605  -39.8894824295
1508.9600050000  -40.0089022500  0.1194011520  -39.8895010980
1513.0941420000  -40.0131758200  0.1236575063  -39.8895183137
1517.2282790000  -40.0175469500  0.1280138984  -39.8895330516
1521.3624160000  -40.0217682800  0.1322239697  -39.8895443103
1525.4965530000  -40.0256414000  0.1360895816  -39.8895518184
1529.6306900000  -40.0290230200  0.1394672700  -39.8895557500
1533.7648270000  -40.0318235900  0.1422669627  -39.8895566273
1537.8989640000  -40.0340006500  0.1444455295  -39.8895551205
1542.0331010000  -40.0355496800  0.1459978378  -39.8895518422
1546.1672380000  -40.0364945600  0.1469471390  -39.8895474210
1550.3013750000  -40.0368786200  0.1473362441  -39.8895423759
1554.4355120000  -40.0367572400  0.1472201264  -39.8895371136
1558.5696490000  -40.0361918900  0.1466599688  -39.8895319212
1562.7037860000  -40.0352457300  0.1457187623  -39.8895269677
1566.8379230000  -40.0339805100  0.1444582226  -39.8895222874
1570.9720600000  -40.0324549700  0.1429367406  -39.8895182294
1575.1061970000  -40.0307226600  0.1412081358  -39.8895145242
1579.2403340000  -40.0288322400  0.1393210553  -39.8895111847
1583.3744710000  -40.0268270400  0.1373187824  -39.8895082576
1587.5086080000  -40.0247451200  0.1352393285  -39.8895057915
1591.6427450000  -40.0226194400  0.1331157253  -39.8895037147
1595.7768820000  -40.0204783400  0.1309763975  -39.8895019425
1599.9110190000  -40.0183460400  0.1288456190  -39.8895004210
1604.0451560000  -40.0162431300  0.1267439795  -39.8894991505
1608.1792930000  -40.0141870100  0.1246888100  -39.8894982000
1612.3134300000  -40.0121920100  0.1226946233  -39.8894973867
1616.4475670000  -40.0102703200  0.1207735727  -39.8894967473
1620.5817040000  -40.0084319900  0.1189357688  -39.8894962212
1624.7158410000  -40.0066853500  0.1171895477  -39.8894958023
1628.8499780000  -40.0050372500  0.1155417847  -39.8894954653
1632.9841150000  -40.0034933200  0.1139981378  -39.8894951822
1637.1182520000  -40.0020582000  0.1125632525  -39.8894949475
1641.2523890000  -40.0007357100  0.1112409386  -39.8894947714
1645.3865260000  -39.9995289500  0.1100343264  -39.8894946236
1649.5206630000  -39.9984404200  0.1089459967  -39.8894944233
1653.6548000000  -39.9974723900  0.1079780750  -39.8894943150
1657.7889370000  -39.9966265800  0.1071323214  -39.8894942586
1661.9230740000  -39.9959044100  0.1064102158  -39.8894941942
1666.0572110000  -39.9953071600  0.1058130075  -39.8894941525
1670.1913480000  -39.9948358800  0.1053417560  -39.8894941240
1674.3254850000  -39.9944914700  0.1049973714  -39.8894940986
1678.4596220000  -39.9942747200  0.1047806363  -39.8894940837
1682.5937590000  -39.9941862900  0.1046922176  -39.8894940724
1686.7278960000  -39.9942267500  0.1047326733  -39.8894940767
1690.8620330000  -39.9943965400  0.1049024510  -39.8894940890
1694.9961700000  -39.9946960000  0.1052018757  -39.8894941243
1699.1303070000  -39.9951252800  0.1056311249  -39.8894941551
1703.2644440000  -39.9956845400  0.1061902004  -39.8894943396
1707.3985810000  -39.9963732900  0.1068788818  -39.8894944082
1711.5327180000  -39.9971911900  0.1076966814  -39.8894945086
1715.6668550000  -39.9981374200  0.1086427799  -39.8894946401
1719.8009920000  -39.9992107500  0.1097159389  -39.8894948111
1723.9351290000  -40.0004094300  0.1109144088  -39.8894950212
1728.0692660000  -40.0017311100  0.1122358088  -39.8894953012
1732.2034030000  -40.0031726200  0.1136769938  -39.8894956262
1736.3375400000  -40.0047299500  0.1152338968  -39.8894960532
1740.4716770000  -40.0063979100  0.1169013366  -39.8894965734
1744.6058140000  -40.0081700200  0.1186728035  -39.8894972165
1748.7399510000  -40.0100382000  0.1205402055  -39.8894979945
1752.8740880000  -40.0119925300  0.1224935759  -39.8894989541
1757.0082250000  -40.0140208400  0.1245207512  -39.8895000888
1761.1423620000  -40.0161084500  0.1266070070  -39.8895014430
1765.2764990000  -40.0182376900  0.1287346507  -39.8895030393
1769.4106360000  -40.0203875000  0.1308825859  -39.8895049141
1773.5447730000  -40.0225332200  0.1330258661  -39.8895073539
1777.6789100000  -40.0246451700  0.1351352118  -39.8895099582
1781.8130470000  -40.0266895200  0.1371765657  -39.8895129543
1785.9471840000  -40.0286270700  0.1391107183  -39.8895163517
1790.0813210000  -40.0304132400  0.1408930274  -39.8895202126
1794.2154580000  -40.0319978600  0.1424733488  -39.8895245112
1798.3495950000  -40.0333255600  0.1437963550  -39.8895292050
1802.4837320000  -40.0343359600  0.1448019195  -39.8895340405
1806.6178690000  -40.0349656700  0.1454265683  -39.8895391017
1810.7520060000  -40.0351503600  0.1456058436  -39.8895445164
1814.8861430000  -40.0348268900  0.1452772163  -39.8895496737
1819.0202800000  -40.0339393500  0.1443847914  -39.8895545586
1823.1544170000  -40.0324421400  0.1428849212  -39.8895572188
1827.2885540000  -40.0303136100  0.1407542346  -39.8895593754
1831.4226910000  -40.0275571600  0.1379986513  -39.8895585087
1835.5568280000  -40.0242171000  0.1346625477  -39.8895545523
1839.6909650000  -40.0203840900  0.1308381344  -39.8895459556
1843.8251020000  -40.0162058300  0.1266713875  -39.8895344425
1847.9592390000  -40.0118825600  0.1223629306  -39.8895196294
1852.0933760000  -40.0076636000  0.1181611296  -39.8895024704
1856.2275130000  -40.0038298200  0.1143451059  -39.8894847141
1860.3616500000  -40.0006669200  0.1111979492  -39.8894689708
1864.4957870000  -39.9984298100  0.1089729082  -39.8894569018
1868.6299240000  -39.9973091600  0.1078583840  -39.8894507760
1872.7640610000  -39.9974009700  0.1079493133  -39.8894516567
1876.8981980000  -39.9986909800  0.1092320552  -39.8894589248
1881.0323350000  -40.0010588800  0.1115867920  -39.8894720880
1885.1664720000  -40.0042954500  0.1148067882  -39.8894886618
1889.3006090000  -40.0081357200  0.1186294817  -39.8895062383
1893.4347460000  -40.0122945400  0.1227718553  -39.8895226847
1897.5688830000  -40.0164999600  0.1269627344  -39.8895372256
1901.7030200000  -40.0205149100  0.1309671464  -39.8895477636
1905.8371570000  -40.0241547400  0.1346005109  -39.8895542291
1909.9712940000  -40.0272903000  0.1377331727  -39.8895571273
1914.1054310000  -40.0298459700  0.1402877481  -39.8895582219
1918.2395680000  -40.0317884800  0.1422320886  -39.8895563914
1922.3737050000  -40.0331228600  0.1435699690  -39.8895528910
1926.5078420000  -40.0338798200  0.1443314048  -39.8895484152
1930.6419790000  -40.0341066800  0.1445639596  -39.8895427204
1934.7761160000  -40.0338636900  0.1443258181  -39.8895378719
1938.9102530000  -40.0332130100  0.1436801676  -39.8895328424
1943.0443900000  -40.0322194900  0.1426908496  -39.8895286404
1947.1785270000  -40.0309439500  0.1414195352  -39.8895244148
1951.3126640000  -40.0294444000  0.1399238257  -39.8895205743
1955.4468010000  -40.0277734200  0.1382562727  -39.8895171473
1959.5809380000  -40.0259780000  0.1364638223  -39.8895141777
1963.7150750000  -40.0240994100  0.1345876879  -39.8895117221
1967.8492120000  -40.0221731600  0.1326635295  -39.8895096305
1971.9833490000  -40.0202296600  0.1307217937  -39.8895078663
1976.1174860000  -40.0182945600  0.1287881466  -39.8895064134
1980.2516230000  -40.0163891800  0.1268839595  -39.8895052205
1984.3857600000  -40.0145309700  0.1250268120  -39.8895041580
1988.5198970000  -40.0127345000  0.1232309880  -39.8895035120
1992.6540340000  -40.0110109100  0.1215079484  -39.8895029616
1996.7881710000  -40.0093692200  0.1198667193  -39.8895025007
2000.9223080000  -40.0078164400  0.1183142900  -39.8895021500
2005.0564450000  -40.0063578900  0.1168559958  -39.8895018942
2009.1905820000  -40.0049975100  0.1154958021  -39.8895017079
2013.3247190000  -40.0037381700  0.1142365767  -39.8895015933
2017.4588560000  -40.0025818500  0.1130803557  -39.8895014943
2021.5929930000  -40.0015298600  0.1120284736  -39.8895013864
2025.7271300000  -40.0005830400  0.1110817419  -39.8895012981
2029.8612670000  -39.9997418900  0.1102406561  -39.8895012339
2033.9954040000  -39.9990066300  0.1095054481  -39.8895011819
2038.1295410000  -39.9983774400  0.1088762501  -39.8895011899
2042.2636780000  -39.9978543700  0.1083531708  -39.8895011992
2046.3978150000  -39.9974374900  0.1079362941  -39.8895011959
2050.5319520000  -39.9971269500  0.1076257576  -39.8895011924
2054.6660890000  -39.9969229500  0.1074217838  -39.8895011662
2058.8002260000  -39.9968258400  0.1073247007  -39.8895011393
2062.9343630000  -39.9968360400  0.1073349768  -39.8895010632
2067.0685000000  -39.9969541100  0.1074531597  -39.8895009503
2071.2026370000  -39.9971807000  0.1076798624  -39.8895008376
