(0.0000000,0.0000000)  (0.0000000,0.0000000)  (0.0000000,0.0000000)  (0.0000000,0.0000000)  (0.0000000,0.0000000)  (0.0000000,0.0000000)  (0.0000000,0.0000000)  (0.0000000,0.0000000)  (0.0000000,0.0000000)  (0.0000000,0.0000000)  (0.0000000,0.0000000)  
(0.0000000,0.0000000)  (0.22426629,0.0000000)  (0.0000000,0.0000000)  (0.0000000,0.0000000)  (0.0000000,0.0000000)  (0.0000000,0.0000000)  (0.0000000,0.0000000)  (0.0000000,0.0000000)  (0.0000000,0.0000000)  (0.0000000,0.0000000)  (0.0000000,0.0000000)  
(0.0000000,0.0000000)  (0.0000000,0.0000000)  (0.33812006,0.0000000)  (0.0000000,0.0000000)  (0.0000000,0.0000000)  (0.0000000,0.0000000)  (0.0000000,0.0000000)  (0.0000000,0.0000000)  (0.0000000,0.0000000)  (0.0000000,0.0000000)  (0.0000000,0.0000000)  
(0.0000000,0.0000000)  (0.0000000,0.0000000)  (0.0000000,0.0000000)  (0.37332384,0.0000000)  (0.0000000,0.0000000)  (0.0000000,0.0000000)  (0.0000000,0.0000000)  (0.0000000,0.0000000)  (0.0000000,0.0000000)  (0.0000000,0.0000000)  (0.0000000,0.0000000)  
(0.0000000,0.0000000)  (0.0000000,0.0000000)  (0.0000000,0.0000000)  (0.0000000,0.0000000)  (0.37747382,0.0000000)  (0.0000000,0.0000000)  (0.0000000,0.0000000)  (0.0000000,0.0000000)  (0.0000000,0.0000000)  (0.0000000,0.0000000)  (0.0000000,0.0000000)  
(0.0000000,0.0000000)  (0.0000000,0.0000000)  (0.0000000,0.0000000)  (0.0000000,0.0000000)  (0.0000000,0.0000000)  (0.39764617,0.0000000)  (0.0000000,0.0000000)  (0.0000000,0.0000000)  (0.0000000,0.0000000)  (0.0000000,0.0000000)  (0.0000000,0.0000000)  
(0.0000000,0.0000000)  (0.0000000,0.0000000)  (0.0000000,0.0000000)  (0.0000000,0.0000000)  (0.0000000,0.0000000)  (0.0000000,0.0000000)  (0.41073812,0.0000000)  (0.0000000,0.0000000)  (0.0000000,0.0000000)  (0.0000000,0.0000000)  (0.0000000,0.0000000)  
(0.0000000,0.0000000)  (0.0000000,0.0000000)  (0.0000000,0.0000000)  (0.0000000,0.0000000)  (0.0000000,0.0000000)  (0.0000000,0.0000000)  (0.0000000,0.0000000)  (0.42993054,0.0000000)  (0.0000000,0.0000000)  (0.0000000,0.0000000)  (0.0000000,0.0000000)  
(0.0000000,0.0000000)  (0.0000000,0.0000000)  (0.0000000,0.0000000)  (0.0000000,0.0000000)  (0.0000000,0.0000000)  (0.0000000,0.0000000)  (0.0000000,0.0000000)  (0.0000000,0.0000000)  (0.43938665,0.0000000)  (0.0000000,0.0000000)  (0.0000000,0.0000000)  
(0.0000000,0.0000000)  (0.0000000,0.0000000)  (0.0000000,0.0000000)  (0.0000000,0.0000000)  (0.0000000,0.0000000)  (0.0000000,0.0000000)  (0.0000000,0.0000000)  (0.0000000,0.0000000)  (0.0000000,0.0000000)  (0.44401272,0.0000000)  (0.0000000,0.0000000)  
(0.0000000,0.0000000)  (0.0000000,0.0000000)  (0.0000000,0.0000000)  (0.0000000,0.0000000)  (0.0000000,0.0000000)  (0.0000000,0.0000000)  (0.0000000,0.0000000)  (0.0000000,0.0000000)  (0.0000000,0.0000000)  (0.0000000,0.0000000)  (0.45331759,0.0000000)  
