(0.0000000,0.0000000)  (0.0000000,0.0000000)  (0.0000000,0.0000000)  (0.0000000,0.0000000)  (0.0000000,0.0000000)  (0.0000000,0.0000000)  (0.0000000,0.0000000)  (0.0000000,0.0000000)  (0.0000000,0.0000000)  (0.0000000,0.0000000)  (0.0000000,0.0000000)  
(0.0000000,0.0000000)  (0.20867995,0.0000000)  (0.0000000,0.0000000)  (0.0000000,0.0000000)  (0.0000000,0.0000000)  (0.0000000,0.0000000)  (0.0000000,0.0000000)  (0.0000000,0.0000000)  (0.0000000,0.0000000)  (0.0000000,0.0000000)  (0.0000000,0.0000000)  
(0.0000000,0.0000000)  (0.0000000,0.0000000)  (0.36402503,0.0000000)  (0.0000000,0.0000000)  (0.0000000,0.0000000)  (0.0000000,0.0000000)  (0.0000000,0.0000000)  (0.0000000,0.0000000)  (0.0000000,0.0000000)  (0.0000000,0.0000000)  (0.0000000,0.0000000)  
(0.0000000,0.0000000)  (0.0000000,0.0000000)  (0.0000000,0.0000000)  (0.39954173,0.0000000)  (0.0000000,0.0000000)  (0.0000000,0.0000000)  (0.0000000,0.0000000)  (0.0000000,0.0000000)  (0.0000000,0.0000000)  (0.0000000,0.0000000)  (0.0000000,0.0000000)  
(0.0000000,0.0000000)  (0.0000000,0.0000000)  (0.0000000,0.0000000)  (0.0000000,0.0000000)  (0.40333211,0.0000000)  (0.0000000,0.0000000)  (0.0000000,0.0000000)  (0.0000000,0.0000000)  (0.0000000,0.0000000)  (0.0000000,0.0000000)  (0.0000000,0.0000000)  
(0.0000000,0.0000000)  (0.0000000,0.0000000)  (0.0000000,0.0000000)  (0.0000000,0.0000000)  (0.0000000,0.0000000)  (0.43239094,0.0000000)  (0.0000000,0.0000000)  (0.0000000,0.0000000)  (0.0000000,0.0000000)  (0.0000000,0.0000000)  (0.0000000,0.0000000)  
(0.0000000,0.0000000)  (0.0000000,0.0000000)  (0.0000000,0.0000000)  (0.0000000,0.0000000)  (0.0000000,0.0000000)  (0.0000000,0.0000000)  (0.43317390,0.0000000)  (0.0000000,0.0000000)  (0.0000000,0.0000000)  (0.0000000,0.0000000)  (0.0000000,0.0000000)  
(0.0000000,0.0000000)  (0.0000000,0.0000000)  (0.0000000,0.0000000)  (0.0000000,0.0000000)  (0.0000000,0.0000000)  (0.0000000,0.0000000)  (0.0000000,0.0000000)  (0.43645860,0.0000000)  (0.0000000,0.0000000)  (0.0000000,0.0000000)  (0.0000000,0.0000000)  
(0.0000000,0.0000000)  (0.0000000,0.0000000)  (0.0000000,0.0000000)  (0.0000000,0.0000000)  (0.0000000,0.0000000)  (0.0000000,0.0000000)  (0.0000000,0.0000000)  (0.0000000,0.0000000)  (0.44003951,0.0000000)  (0.0000000,0.0000000)  (0.0000000,0.0000000)  
(0.0000000,0.0000000)  (0.0000000,0.0000000)  (0.0000000,0.0000000)  (0.0000000,0.0000000)  (0.0000000,0.0000000)  (0.0000000,0.0000000)  (0.0000000,0.0000000)  (0.0000000,0.0000000)  (0.0000000,0.0000000)  (0.45793154,0.0000000)  (0.0000000,0.0000000)  
(0.0000000,0.0000000)  (0.0000000,0.0000000)  (0.0000000,0.0000000)  (0.0000000,0.0000000)  (0.0000000,0.0000000)  (0.0000000,0.0000000)  (0.0000000,0.0000000)  (0.0000000,0.0000000)  (0.0000000,0.0000000)  (0.0000000,0.0000000)  (0.46495388,0.0000000)  
