(0.0000000,0.0000000)  (0.0000000,0.0000000)  (0.0000000,0.0000000)  (0.0000000,0.0000000)  (0.0000000,0.0000000)  (0.0000000,0.0000000)  (0.0000000,0.0000000)  (0.0000000,0.0000000)  (0.0000000,0.0000000)  (0.0000000,0.0000000)  (0.0000000,0.0000000)  
(0.0000000,0.0000000)  (0.21801073,0.0000000)  (0.0000000,0.0000000)  (0.0000000,0.0000000)  (0.0000000,0.0000000)  (0.0000000,0.0000000)  (0.0000000,0.0000000)  (0.0000000,0.0000000)  (0.0000000,0.0000000)  (0.0000000,0.0000000)  (0.0000000,0.0000000)  
(0.0000000,0.0000000)  (0.0000000,0.0000000)  (0.35066315,0.0000000)  (0.0000000,0.0000000)  (0.0000000,0.0000000)  (0.0000000,0.0000000)  (0.0000000,0.0000000)  (0.0000000,0.0000000)  (0.0000000,0.0000000)  (0.0000000,0.0000000)  (0.0000000,0.0000000)  
(0.0000000,0.0000000)  (0.0000000,0.0000000)  (0.0000000,0.0000000)  (0.36362262,0.0000000)  (0.0000000,0.0000000)  (0.0000000,0.0000000)  (0.0000000,0.0000000)  (0.0000000,0.0000000)  (0.0000000,0.0000000)  (0.0000000,0.0000000)  (0.0000000,0.0000000)  
(0.0000000,0.0000000)  (0.0000000,0.0000000)  (0.0000000,0.0000000)  (0.0000000,0.0000000)  (0.38409724,0.0000000)  (0.0000000,0.0000000)  (0.0000000,0.0000000)  (0.0000000,0.0000000)  (0.0000000,0.0000000)  (0.0000000,0.0000000)  (0.0000000,0.0000000)  
(0.0000000,0.0000000)  (0.0000000,0.0000000)  (0.0000000,0.0000000)  (0.0000000,0.0000000)  (0.0000000,0.0000000)  (0.39718698,0.0000000)  (0.0000000,0.0000000)  (0.0000000,0.0000000)  (0.0000000,0.0000000)  (0.0000000,0.0000000)  (0.0000000,0.0000000)  
(0.0000000,0.0000000)  (0.0000000,0.0000000)  (0.0000000,0.0000000)  (0.0000000,0.0000000)  (0.0000000,0.0000000)  (0.0000000,0.0000000)  (0.41198321,0.0000000)  (0.0000000,0.0000000)  (0.0000000,0.0000000)  (0.0000000,0.0000000)  (0.0000000,0.0000000)  
(0.0000000,0.0000000)  (0.0000000,0.0000000)  (0.0000000,0.0000000)  (0.0000000,0.0000000)  (0.0000000,0.0000000)  (0.0000000,0.0000000)  (0.0000000,0.0000000)  (0.41936809,0.0000000)  (0.0000000,0.0000000)  (0.0000000,0.0000000)  (0.0000000,0.0000000)  
(0.0000000,0.0000000)  (0.0000000,0.0000000)  (0.0000000,0.0000000)  (0.0000000,0.0000000)  (0.0000000,0.0000000)  (0.0000000,0.0000000)  (0.0000000,0.0000000)  (0.0000000,0.0000000)  (0.44908603,0.0000000)  (0.0000000,0.0000000)  (0.0000000,0.0000000)  
(0.0000000,0.0000000)  (0.0000000,0.0000000)  (0.0000000,0.0000000)  (0.0000000,0.0000000)  (0.0000000,0.0000000)  (0.0000000,0.0000000)  (0.0000000,0.0000000)  (0.0000000,0.0000000)  (0.0000000,0.0000000)  (0.46193304,0.0000000)  (0.0000000,0.0000000)  
(0.0000000,0.0000000)  (0.0000000,0.0000000)  (0.0000000,0.0000000)  (0.0000000,0.0000000)  (0.0000000,0.0000000)  (0.0000000,0.0000000)  (0.0000000,0.0000000)  (0.0000000,0.0000000)  (0.0000000,0.0000000)  (0.0000000,0.0000000)  (0.47508269,0.0000000)  
