(0.0000000,0.0000000)  (0.0000000,6.6328118e-05)  (0.0000000,0.00014826539)  (0.0000000,0.00016106304)  (0.0000000,1.4479159e-05)  (0.0000000,-3.4922433e-05)  (0.0000000,1.9531180e-05)  (0.0000000,-3.1251131e-05)  (0.0000000,-4.3853987e-05)  (0.0000000,0.00054744747)  (0.0000000,-0.00015701855)  
(-0.0000000,-6.6328118e-05)  (0.22068979,0.0000000)  (0.0000000,2.0580276e-05)  (0.0000000,-0.00017800188)  (0.0000000,0.00012681168)  (0.0000000,-0.00064325274)  (0.0000000,8.3392894e-05)  (0.0000000,-0.00021403214)  (0.0000000,-1.8572677e-05)  (0.0000000,0.00010441526)  (0.0000000,-2.0040217e-05)  
(-0.0000000,-0.00014826539)  (-0.0000000,-2.0580276e-05)  (0.32217265,0.0000000)  (0.0000000,-0.0030462675)  (0.0000000,0.0016070130)  (0.0000000,0.0015098982)  (0.0000000,0.0033986704)  (0.0000000,-2.0315027e-06)  (0.0000000,-5.2499252e-05)  (0.0000000,-0.00013193455)  (0.0000000,-0.00011220760)  
(-0.0000000,-0.00016106304)  (0.0000000,0.00017800188)  (0.0000000,0.0030462675)  (0.33686836,0.0000000)  (0.0000000,0.0089712902)  (0.0000000,0.0026974097)  (0.0000000,-0.0041295269)  (0.0000000,-9.8459959e-06)  (0.0000000,0.00032705214)  (0.0000000,0.00020506289)  (0.0000000,-0.00040524598)  
(-0.0000000,-1.4479159e-05)  (-0.0000000,-0.00012681168)  (-0.0000000,-0.0016070130)  (-0.0000000,-0.0089712902)  (0.34221693,0.0000000)  (0.0000000,0.0024653284)  (0.0000000,0.00044604641)  (0.0000000,-0.00067933810)  (0.0000000,-4.6853705e-05)  (0.0000000,-8.0368029e-05)  (0.0000000,0.00022585516)  
(0.0000000,3.4922433e-05)  (0.0000000,0.00064325274)  (-0.0000000,-0.0015098982)  (-0.0000000,-0.0026974097)  (-0.0000000,-0.0024653284)  (0.35473981,0.0000000)  (0.0000000,0.0012419717)  (0.0000000,0.0015712538)  (0.0000000,-0.00017203288)  (0.0000000,-7.2141048e-05)  (0.0000000,-0.00024704305)  
(-0.0000000,-1.9531180e-05)  (-0.0000000,-8.3392894e-05)  (-0.0000000,-0.0033986704)  (0.0000000,0.0041295269)  (-0.0000000,-0.00044604641)  (-0.0000000,-0.0012419717)  (0.39142369,0.0000000)  (0.0000000,0.00019499460)  (0.0000000,-0.0032063315)  (0.0000000,-0.00030024950)  (0.0000000,-4.3850584e-05)  
(0.0000000,3.1251131e-05)  (0.0000000,0.00021403214)  (0.0000000,2.0315027e-06)  (0.0000000,9.8459959e-06)  (0.0000000,0.00067933810)  (-0.0000000,-0.0015712538)  (-0.0000000,-0.00019499460)  (0.39770203,0.0000000)  (0.0000000,-8.5731806e-05)  (0.0000000,-0.00054308040)  (0.0000000,-0.00010073232)  
(0.0000000,4.3853987e-05)  (0.0000000,1.8572677e-05)  (0.0000000,5.2499252e-05)  (-0.0000000,-0.00032705214)  (0.0000000,4.6853705e-05)  (0.0000000,0.00017203288)  (0.0000000,0.0032063315)  (0.0000000,8.5731806e-05)  (0.42050770,0.0000000)  (0.0000000,-0.00031977117)  (0.0000000,-0.00021577203)  
(-0.0000000,-0.00054744747)  (-0.0000000,-0.00010441526)  (0.0000000,0.00013193455)  (-0.0000000,-0.00020506289)  (0.0000000,8.0368029e-05)  (0.0000000,7.2141048e-05)  (0.0000000,0.00030024950)  (0.0000000,0.00054308040)  (0.0000000,0.00031977117)  (0.43503032,0.0000000)  (0.0000000,-0.0026757040)  
(0.0000000,0.00015701855)  (0.0000000,2.0040217e-05)  (0.0000000,0.00011220760)  (0.0000000,0.00040524598)  (-0.0000000,-0.00022585516)  (0.0000000,0.00024704305)  (0.0000000,4.3850584e-05)  (0.0000000,0.00010073232)  (0.0000000,0.00021577203)  (0.0000000,0.0026757040)  (0.44413178,0.0000000)  
