(0.0000000,0.0000000)  (0.0000000,-1.4167090e-05)  (0.0000000,4.5222443e-05)  (0.0000000,-8.2879723e-05)  (0.0000000,4.1926056e-05)  (0.0000000,5.7636164e-05)  (0.0000000,1.0836090e-06)  (0.0000000,3.9863012e-05)  (0.0000000,2.3623841e-06)  (0.0000000,-1.5954131e-05)  (0.0000000,4.8876041e-05)  
(0.0000000,1.4167090e-05)  (0.21591176,0.0000000)  (0.0000000,0.00028081024)  (0.0000000,-2.6262188e-06)  (0.0000000,-2.7586497e-06)  (0.0000000,-6.6454050e-05)  (0.0000000,7.4690772e-05)  (0.0000000,-4.6089530e-05)  (0.0000000,-4.1356219e-06)  (0.0000000,-0.00010179207)  (0.0000000,4.3783330e-05)  
(-0.0000000,-4.5222443e-05)  (-0.0000000,-0.00028081024)  (0.34492558,0.0000000)  (0.0000000,0.00055975946)  (0.0000000,0.00097329422)  (0.0000000,0.0030053512)  (0.0000000,0.00029858201)  (0.0000000,-0.0016381061)  (0.0000000,0.0010714424)  (0.0000000,0.00077797994)  (0.0000000,-0.00058072442)  
(0.0000000,8.2879723e-05)  (0.0000000,2.6262188e-06)  (-0.0000000,-0.00055975946)  (0.39004502,0.0000000)  (0.0000000,-0.0012211703)  (0.0000000,-0.0032455418)  (0.0000000,0.00019602111)  (0.0000000,-0.0019106553)  (0.0000000,-0.00051349271)  (0.0000000,0.00099309492)  (0.0000000,-0.00082041015)  
(-0.0000000,-4.1926056e-05)  (0.0000000,2.7586497e-06)  (-0.0000000,-0.00097329422)  (0.0000000,0.0012211703)  (0.39632336,0.0000000)  (0.0000000,0.0010049774)  (0.0000000,0.0010460859)  (0.0000000,0.0026141070)  (0.0000000,-0.00024744766)  (0.0000000,0.0014093693)  (0.0000000,0.00045026846)  
(-0.0000000,-5.7636164e-05)  (0.0000000,6.6454050e-05)  (-0.0000000,-0.0030053512)  (0.0000000,0.0032455418)  (-0.0000000,-0.0010049774)  (0.40624343,0.0000000)  (0.0000000,0.0022629331)  (0.0000000,0.0047725748)  (0.0000000,0.00074157254)  (0.0000000,-0.00029557488)  (0.0000000,-0.00065454271)  
(-0.0000000,-1.0836090e-06)  (-0.0000000,-7.4690772e-05)  (-0.0000000,-0.00029858201)  (-0.0000000,-0.00019602111)  (-0.0000000,-0.0010460859)  (-0.0000000,-0.0022629331)  (0.41357815,0.0000000)  (0.0000000,-0.0012547476)  (0.0000000,-0.00094883498)  (0.0000000,0.0024226618)  (0.0000000,-0.0011617646)  
(-0.0000000,-3.9863012e-05)  (0.0000000,4.6089530e-05)  (0.0000000,0.0016381061)  (0.0000000,0.0019106553)  (-0.0000000,-0.0026141070)  (-0.0000000,-0.0047725748)  (0.0000000,0.0012547476)  (0.43427823,0.0000000)  (0.0000000,0.020045584)  (0.0000000,0.0069232094)  (0.0000000,0.0063685748)  
(-0.0000000,-2.3623841e-06)  (0.0000000,4.1356219e-06)  (-0.0000000,-0.0010714424)  (0.0000000,0.00051349271)  (0.0000000,0.00024744766)  (-0.0000000,-0.00074157254)  (0.0000000,0.00094883498)  (-0.0000000,-0.020045584)  (0.44623038,0.0000000)  (0.0000000,0.0018554730)  (0.0000000,-0.0029534804)  
(0.0000000,1.5954131e-05)  (0.0000000,0.00010179207)  (-0.0000000,-0.00077797994)  (-0.0000000,-0.00099309492)  (-0.0000000,-0.0014093693)  (0.0000000,0.00029557488)  (-0.0000000,-0.0024226618)  (-0.0000000,-0.0069232094)  (-0.0000000,-0.0018554730)  (0.45430818,0.0000000)  (0.0000000,0.0035300806)  
(-0.0000000,-4.8876041e-05)  (-0.0000000,-4.3783330e-05)  (0.0000000,0.00058072442)  (0.0000000,0.00082041015)  (-0.0000000,-0.00045026846)  (0.0000000,0.00065454271)  (0.0000000,0.0011617646)  (-0.0000000,-0.0063685748)  (0.0000000,0.0029534804)  (-0.0000000,-0.0035300806)  (0.45612969,0.0000000)  
