(0.0000000,0.0000000)  (0.0000000,-2.9835013e-05)  (0.0000000,-4.4679469e-05)  (0.0000000,0.00024786307)  (0.0000000,-0.00038049440)  (0.0000000,8.3193073e-05)  (0.0000000,0.00013992868)  (0.0000000,-1.7599337e-05)  (0.0000000,-2.2553165e-05)  (0.0000000,9.6432478e-06)  (0.0000000,1.4050456e-05)  
(0.0000000,2.9835013e-05)  (0.21081474,0.0000000)  (0.0000000,0.00032974700)  (0.0000000,-2.2792505e-05)  (0.0000000,-6.5496976e-05)  (0.0000000,4.8482067e-05)  (0.0000000,1.9678715e-05)  (0.0000000,3.1005442e-05)  (0.0000000,-0.00022678833)  (0.0000000,4.2023185e-05)  (0.0000000,-1.3923122e-05)  
(0.0000000,4.4679469e-05)  (-0.0000000,-0.00032974700)  (0.34779244,0.0000000)  (0.0000000,8.8619017e-05)  (0.0000000,-0.00014228154)  (0.0000000,-5.3883063e-05)  (0.0000000,0.00010888049)  (0.0000000,-0.00019084617)  (0.0000000,-6.7444165e-05)  (0.0000000,0.00022977586)  (0.0000000,0.0015311365)  
(-0.0000000,-0.00024786307)  (0.0000000,2.2792505e-05)  (-0.0000000,-8.8619017e-05)  (0.38808993,0.0000000)  (0.0000000,0.00013758577)  (0.0000000,-0.0018490362)  (0.0000000,0.00052417941)  (0.0000000,-0.0025536312)  (0.0000000,-7.4742772e-05)  (0.0000000,0.0038779839)  (0.0000000,-3.8592126e-05)  
(0.0000000,0.00038049440)  (0.0000000,6.5496976e-05)  (0.0000000,0.00014228154)  (-0.0000000,-0.00013758577)  (0.39452280,0.0000000)  (0.0000000,-0.00082532853)  (0.0000000,-0.00017444734)  (0.0000000,-0.0010264653)  (0.0000000,0.0015620315)  (0.0000000,0.00095878719)  (0.0000000,-0.00018456836)  
(-0.0000000,-8.3193073e-05)  (-0.0000000,-4.8482067e-05)  (0.0000000,5.3883063e-05)  (0.0000000,0.0018490362)  (0.0000000,0.00082532853)  (0.40969792,0.0000000)  (0.0000000,0.011873106)  (0.0000000,-4.6835633e-05)  (0.0000000,-0.00064146903)  (0.0000000,7.0652452e-05)  (0.0000000,-0.00025441612)  
(-0.0000000,-0.00013992868)  (-0.0000000,-1.9678715e-05)  (-0.0000000,-0.00010888049)  (-0.0000000,-0.00052417941)  (0.0000000,0.00017444734)  (-0.0000000,-0.011873106)  (0.41189078,0.0000000)  (0.0000000,0.00069075220)  (0.0000000,-0.0017775942)  (0.0000000,-0.00016820089)  (0.0000000,-0.00066317699)  
(0.0000000,1.7599337e-05)  (-0.0000000,-3.1005442e-05)  (0.0000000,0.00019084617)  (0.0000000,0.0025536312)  (0.0000000,0.0010264653)  (0.0000000,4.6835633e-05)  (-0.0000000,-0.00069075220)  (0.42305428,0.0000000)  (0.0000000,-0.00011662297)  (0.0000000,-0.00092149272)  (0.0000000,5.2040057e-05)  
(0.0000000,2.2553165e-05)  (0.0000000,0.00022678833)  (0.0000000,6.7444165e-05)  (0.0000000,7.4742772e-05)  (-0.0000000,-0.0015620315)  (0.0000000,0.00064146903)  (0.0000000,0.0017775942)  (0.0000000,0.00011662297)  (0.43403127,0.0000000)  (0.0000000,-0.00011150782)  (0.0000000,0.0035158386)  
(-0.0000000,-9.6432478e-06)  (-0.0000000,-4.2023185e-05)  (-0.0000000,-0.00022977586)  (-0.0000000,-0.0038779839)  (-0.0000000,-0.00095878719)  (-0.0000000,-7.0652452e-05)  (0.0000000,0.00016820089)  (0.0000000,0.00092149272)  (0.0000000,0.00011150782)  (0.44094668,0.0000000)  (0.0000000,0.00065699508)  
(-0.0000000,-1.4050456e-05)  (0.0000000,1.3923122e-05)  (-0.0000000,-0.0015311365)  (0.0000000,3.8592126e-05)  (0.0000000,0.00018456836)  (0.0000000,0.00025441612)  (0.0000000,0.00066317699)  (-0.0000000,-5.2040057e-05)  (-0.0000000,-0.0035158386)  (-0.0000000,-0.00065699508)  (0.45189354,0.0000000)  
