(0.0000000,0.0000000)  (0.0000000,-0.00014884005)  (0.0000000,6.2232006e-05)  (0.0000000,0.00010547240)  (0.0000000,-0.00010683324)  (0.0000000,-0.00030628728)  (0.0000000,1.9832024e-05)  (0.0000000,-1.7693653e-05)  (0.0000000,0.00017353250)  (0.0000000,9.3501933e-05)  (0.0000000,-0.00010646753)  
(0.0000000,0.00014884005)  (0.23008305,0.0000000)  (0.0000000,0.00064993941)  (0.0000000,0.00041313711)  (0.0000000,0.00014968882)  (0.0000000,0.00053511834)  (0.0000000,-4.5614357e-05)  (0.0000000,-8.5061739e-05)  (0.0000000,0.00017406894)  (0.0000000,-0.00032817272)  (0.0000000,-8.2946527e-05)  
(-0.0000000,-6.2232006e-05)  (-0.0000000,-0.00064993941)  (0.33719415,0.0000000)  (0.0000000,-0.00073921636)  (0.0000000,-0.00054914346)  (0.0000000,-0.0012969518)  (0.0000000,0.0046675704)  (0.0000000,0.0085574783)  (0.0000000,0.00045516456)  (0.0000000,0.00059765960)  (0.0000000,0.0013874085)  
(-0.0000000,-0.00010547240)  (-0.0000000,-0.00041313711)  (0.0000000,0.00073921636)  (0.36309562,0.0000000)  (0.0000000,-0.0010893696)  (0.0000000,-0.0032874605)  (0.0000000,5.0506306e-05)  (0.0000000,3.0404109e-05)  (0.0000000,-8.3549946e-05)  (0.0000000,-0.00048970575)  (0.0000000,1.5747423e-05)  
(0.0000000,0.00010683324)  (-0.0000000,-0.00014968882)  (0.0000000,0.00054914346)  (0.0000000,0.0010893696)  (0.37356529,0.0000000)  (0.0000000,0.00013337634)  (0.0000000,0.00036008102)  (0.0000000,-1.0413359e-05)  (0.0000000,0.00014853520)  (0.0000000,-1.2421342e-06)  (0.0000000,-8.3122397e-05)  
(0.0000000,0.00030628728)  (-0.0000000,-0.00053511834)  (0.0000000,0.0012969518)  (0.0000000,0.0032874605)  (-0.0000000,-0.00013337634)  (0.37676234,0.0000000)  (0.0000000,0.00018745749)  (0.0000000,0.00041858918)  (0.0000000,6.7326624e-05)  (0.0000000,-0.00062701992)  (0.0000000,-6.4617644e-05)  
(-0.0000000,-1.9832024e-05)  (0.0000000,4.5614357e-05)  (-0.0000000,-0.0046675704)  (-0.0000000,-5.0506306e-05)  (-0.0000000,-0.00036008102)  (-0.0000000,-0.00018745749)  (0.42795211,0.0000000)  (0.0000000,0.0042607520)  (0.0000000,-0.0026819178)  (0.0000000,-0.0078353260)  (0.0000000,0.00031676925)  
(0.0000000,1.7693653e-05)  (0.0000000,8.5061739e-05)  (-0.0000000,-0.0085574783)  (-0.0000000,-3.0404109e-05)  (0.0000000,1.0413359e-05)  (-0.0000000,-0.00041858918)  (-0.0000000,-0.0042607520)  (0.43189280,0.0000000)  (0.0000000,-0.0062853097)  (0.0000000,-0.014144444)  (0.0000000,0.0016004379)  
(-0.0000000,-0.00017353250)  (-0.0000000,-0.00017406894)  (-0.0000000,-0.00045516456)  (0.0000000,8.3549946e-05)  (-0.0000000,-0.00014853520)  (-0.0000000,-6.7326624e-05)  (0.0000000,0.0026819178)  (0.0000000,0.0062853097)  (0.43958638,0.0000000)  (0.0000000,-0.0032205424)  (0.0000000,-0.00065602222)  
(-0.0000000,-9.3501933e-05)  (0.0000000,0.00032817272)  (-0.0000000,-0.00059765960)  (0.0000000,0.00048970575)  (0.0000000,1.2421342e-06)  (0.0000000,0.00062701992)  (0.0000000,0.0078353260)  (0.0000000,0.014144444)  (0.0000000,0.0032205424)  (0.44539580,0.0000000)  (0.0000000,-0.0037498812)  
(0.0000000,0.00010646753)  (0.0000000,8.2946527e-05)  (-0.0000000,-0.0013874085)  (-0.0000000,-1.5747423e-05)  (0.0000000,8.3122397e-05)  (0.0000000,6.4617644e-05)  (-0.0000000,-0.00031676925)  (-0.0000000,-0.0016004379)  (0.0000000,0.00065602222)  (0.0000000,0.0037498812)  (0.44995755,0.0000000)  
