(0.0000000,0.0000000)  (0.0000000,5.0233397e-05)  (0.0000000,-2.1903511e-05)  (0.0000000,-2.2658578e-05)  (0.0000000,0.00011240361)  (0.0000000,3.1462308e-05)  (0.0000000,2.6380997e-05)  (0.0000000,-6.3718877e-05)  (0.0000000,7.6416700e-05)  (0.0000000,7.6093013e-05)  (0.0000000,3.0998027e-05)  
(-0.0000000,-5.0233397e-05)  (0.21635276,0.0000000)  (0.0000000,-0.00040428255)  (0.0000000,5.7341011e-05)  (0.0000000,1.9103346e-05)  (0.0000000,-3.8079090e-05)  (0.0000000,-0.00027879541)  (0.0000000,-7.5754857e-05)  (0.0000000,4.8397557e-06)  (0.0000000,-1.6523826e-05)  (0.0000000,-3.2806665e-06)  
(0.0000000,2.1903511e-05)  (0.0000000,0.00040428255)  (0.35013818,0.0000000)  (0.0000000,-0.00088237764)  (0.0000000,-0.00094080063)  (0.0000000,0.00037323777)  (0.0000000,2.9123361e-05)  (0.0000000,-0.00017750160)  (0.0000000,6.7782291e-05)  (0.0000000,0.00070298249)  (0.0000000,0.00028266050)  
(0.0000000,2.2658578e-05)  (-0.0000000,-5.7341011e-05)  (0.0000000,0.00088237764)  (0.39085793,0.0000000)  (0.0000000,0.0086592595)  (0.0000000,0.00053606039)  (0.0000000,0.00039105110)  (0.0000000,0.00031844612)  (0.0000000,0.00057262482)  (0.0000000,-0.00012977240)  (0.0000000,-0.00019859869)  
(-0.0000000,-0.00011240361)  (-0.0000000,-1.9103346e-05)  (0.0000000,0.00094080063)  (-0.0000000,-0.0086592595)  (0.39732957,0.0000000)  (0.0000000,0.0048183934)  (0.0000000,0.00060248522)  (0.0000000,0.00033969908)  (0.0000000,0.00050691565)  (0.0000000,0.00038193754)  (0.0000000,0.00013590359)  
(-0.0000000,-3.1462308e-05)  (0.0000000,3.8079090e-05)  (-0.0000000,-0.00037323777)  (-0.0000000,-0.00053606039)  (-0.0000000,-0.0048183934)  (0.40999743,0.0000000)  (0.0000000,-0.0020396922)  (0.0000000,-0.00064374969)  (0.0000000,-0.00024946019)  (0.0000000,-0.00013835231)  (0.0000000,-0.00038502862)  
(-0.0000000,-2.6380997e-05)  (0.0000000,0.00027879541)  (-0.0000000,-2.9123361e-05)  (-0.0000000,-0.00039105110)  (-0.0000000,-0.00060248522)  (0.0000000,0.0020396922)  (0.41862574,0.0000000)  (0.0000000,-0.0038981817)  (0.0000000,0.00084100361)  (0.0000000,0.00027515955)  (0.0000000,0.00031302146)  
(0.0000000,6.3718877e-05)  (0.0000000,7.5754857e-05)  (0.0000000,0.00017750160)  (-0.0000000,-0.00031844612)  (-0.0000000,-0.00033969908)  (0.0000000,0.00064374969)  (0.0000000,0.0038981817)  (0.42801275,0.0000000)  (0.0000000,-0.00013624172)  (0.0000000,-0.00082611374)  (0.0000000,6.8040448e-05)  
(-0.0000000,-7.6416700e-05)  (-0.0000000,-4.8397557e-06)  (-0.0000000,-6.7782291e-05)  (-0.0000000,-0.00057262482)  (-0.0000000,-0.00050691565)  (0.0000000,0.00024946019)  (-0.0000000,-0.00084100361)  (0.0000000,0.00013624172)  (0.45167763,0.0000000)  (0.0000000,-0.00070426988)  (0.0000000,0.0022879816)  
(-0.0000000,-7.6093013e-05)  (0.0000000,1.6523826e-05)  (-0.0000000,-0.00070298249)  (0.0000000,0.00012977240)  (-0.0000000,-0.00038193754)  (0.0000000,0.00013835231)  (-0.0000000,-0.00027515955)  (0.0000000,0.00082611374)  (0.0000000,0.00070426988)  (0.45999982,0.0000000)  (0.0000000,-0.00053125656)  
(-0.0000000,-3.0998027e-05)  (0.0000000,3.2806665e-06)  (-0.0000000,-0.00028266050)  (0.0000000,0.00019859869)  (-0.0000000,-0.00013590359)  (0.0000000,0.00038502862)  (-0.0000000,-0.00031302146)  (-0.0000000,-6.8040448e-05)  (-0.0000000,-0.0022879816)  (0.0000000,0.00053125656)  (0.46433170,0.0000000)  
