(0.0000000,0.0000000)  (0.0000000,9.0803432e-05)  (0.0000000,0.00015127315)  (0.0000000,1.7778045e-05)  (0.0000000,-2.9230388e-05)  (0.0000000,2.5971043e-05)  (0.0000000,0.00020760505)  (0.0000000,0.00017644319)  (0.0000000,7.5035133e-05)  (0.0000000,1.9297981e-05)  (0.0000000,-0.00013726293)  
(-0.0000000,-9.0803432e-05)  (0.24689648,0.0000000)  (0.0000000,0.00018485205)  (0.0000000,4.6278481e-05)  (0.0000000,7.0887836e-05)  (0.0000000,-3.2467719e-05)  (0.0000000,-0.00027627368)  (0.0000000,4.1444941e-05)  (0.0000000,-0.00011787726)  (0.0000000,-0.00023228368)  (0.0000000,9.3699982e-05)  
(-0.0000000,-0.00015127315)  (-0.0000000,-0.00018485205)  (0.33061041,0.0000000)  (0.0000000,1.6009991e-05)  (0.0000000,-4.9751485e-05)  (0.0000000,-3.9807457e-05)  (0.0000000,-0.00026598682)  (0.0000000,-0.00059757472)  (0.0000000,-0.00013127655)  (0.0000000,-0.00025785518)  (0.0000000,-6.5498842e-05)  
(-0.0000000,-1.7778045e-05)  (-0.0000000,-4.6278481e-05)  (-0.0000000,-1.6009991e-05)  (0.34063210,0.0000000)  (0.0000000,-0.00012184225)  (0.0000000,0.00022205369)  (0.0000000,0.00023286136)  (0.0000000,-0.0014455858)  (0.0000000,0.00067105926)  (0.0000000,-7.9141116e-05)  (0.0000000,0.00067585598)  
(0.0000000,2.9230388e-05)  (-0.0000000,-7.0887836e-05)  (0.0000000,4.9751485e-05)  (0.0000000,0.00012184225)  (0.35975580,0.0000000)  (0.0000000,0.0038656408)  (0.0000000,0.00051566564)  (0.0000000,-0.0014112867)  (0.0000000,-0.00025184705)  (0.0000000,0.00027573755)  (0.0000000,-0.00062503332)  
(-0.0000000,-2.5971043e-05)  (0.0000000,3.2467719e-05)  (0.0000000,3.9807457e-05)  (-0.0000000,-0.00022205369)  (-0.0000000,-0.0038656408)  (0.36500367,0.0000000)  (0.0000000,-0.00018802507)  (0.0000000,2.4135997e-05)  (0.0000000,0.00019833695)  (0.0000000,-2.9524377e-05)  (0.0000000,-0.00024461942)  
(-0.0000000,-0.00020760505)  (0.0000000,0.00027627368)  (0.0000000,0.00026598682)  (-0.0000000,-0.00023286136)  (-0.0000000,-0.00051566564)  (0.0000000,0.00018802507)  (0.41596119,0.0000000)  (0.0000000,0.020593557)  (0.0000000,-0.00013070018)  (0.0000000,0.0019448400)  (0.0000000,0.00011522605)  
(-0.0000000,-0.00017644319)  (-0.0000000,-4.1444941e-05)  (0.0000000,0.00059757472)  (0.0000000,0.0014455858)  (0.0000000,0.0014112867)  (-0.0000000,-2.4135997e-05)  (-0.0000000,-0.020593557)  (0.42100437,0.0000000)  (0.0000000,-0.0079716414)  (0.0000000,0.00076034204)  (0.0000000,0.00042150477)  
(-0.0000000,-7.5035133e-05)  (0.0000000,0.00011787726)  (0.0000000,0.00013127655)  (-0.0000000,-0.00067105926)  (0.0000000,0.00025184705)  (-0.0000000,-0.00019833695)  (0.0000000,0.00013070018)  (0.0000000,0.0079716414)  (0.43095458,0.0000000)  (0.0000000,0.00081335599)  (0.0000000,6.9566392e-05)  
(-0.0000000,-1.9297981e-05)  (0.0000000,0.00023228368)  (0.0000000,0.00025785518)  (0.0000000,7.9141116e-05)  (-0.0000000,-0.00027573755)  (0.0000000,2.9524377e-05)  (-0.0000000,-0.0019448400)  (-0.0000000,-0.00076034204)  (-0.0000000,-0.00081335599)  (0.44714123,0.0000000)  (0.0000000,0.0042620357)  
(0.0000000,0.00013726293)  (-0.0000000,-9.3699982e-05)  (0.0000000,6.5498842e-05)  (-0.0000000,-0.00067585598)  (0.0000000,0.00062503332)  (0.0000000,0.00024461942)  (-0.0000000,-0.00011522605)  (-0.0000000,-0.00042150477)  (-0.0000000,-6.9566392e-05)  (-0.0000000,-0.0042620357)  (0.45539469,0.0000000)  
