(0.0000000,0.0000000)  (0.0000000,-5.8121356e-05)  (0.0000000,-9.3512299e-06)  (0.0000000,-0.00015137741)  (0.0000000,-1.6350919e-05)  (0.0000000,8.9453066e-05)  (0.0000000,-3.3416246e-07)  (0.0000000,9.0543321e-05)  (0.0000000,2.9251968e-07)  (0.0000000,-1.5554726e-05)  (0.0000000,3.7803700e-05)  
(0.0000000,5.8121356e-05)  (0.21381868,0.0000000)  (0.0000000,9.2516345e-05)  (0.0000000,-8.9509214e-06)  (0.0000000,-2.4509603e-05)  (0.0000000,6.2340544e-05)  (0.0000000,-3.3474501e-05)  (0.0000000,0.00011377632)  (0.0000000,4.1958689e-05)  (0.0000000,-4.9549866e-06)  (0.0000000,4.7491735e-05)  
(0.0000000,9.3512299e-06)  (-0.0000000,-9.2516345e-05)  (0.34676859,0.0000000)  (0.0000000,1.1752398e-06)  (0.0000000,-0.00041190274)  (0.0000000,0.00068368151)  (0.0000000,0.0019887624)  (0.0000000,-5.1158841e-05)  (0.0000000,-0.00010845269)  (0.0000000,-0.00064814104)  (0.0000000,0.00056106500)  
(0.0000000,0.00015137741)  (0.0000000,8.9509214e-06)  (-0.0000000,-1.1752398e-06)  (0.37235199,0.0000000)  (0.0000000,3.3741589e-05)  (0.0000000,-8.7748258e-05)  (0.0000000,-0.00019634324)  (0.0000000,-3.2819597e-06)  (0.0000000,-0.00023623866)  (0.0000000,-0.00016716708)  (0.0000000,0.00014009328)  
(0.0000000,1.6350919e-05)  (0.0000000,2.4509603e-05)  (0.0000000,0.00041190274)  (-0.0000000,-3.3741589e-05)  (0.38784572,0.0000000)  (0.0000000,0.00097374436)  (0.0000000,-7.4534861e-05)  (0.0000000,0.00029608832)  (0.0000000,0.0021286550)  (0.0000000,0.0018794016)  (0.0000000,0.0017634131)  
(-0.0000000,-8.9453066e-05)  (-0.0000000,-6.2340544e-05)  (-0.0000000,-0.00068368151)  (0.0000000,8.7748258e-05)  (-0.0000000,-0.00097374436)  (0.40154349,0.0000000)  (0.0000000,6.6304527e-06)  (0.0000000,-2.2937007e-05)  (0.0000000,-0.0018707697)  (0.0000000,-0.0013266175)  (0.0000000,-0.0013096048)  
(0.0000000,3.3416246e-07)  (0.0000000,3.3474501e-05)  (-0.0000000,-0.0019887624)  (0.0000000,0.00019634324)  (0.0000000,7.4534861e-05)  (-0.0000000,-6.6304527e-06)  (0.40866727,0.0000000)  (0.0000000,5.3521531e-05)  (0.0000000,-0.00067135030)  (0.0000000,0.00041187272)  (0.0000000,0.00078435272)  
(-0.0000000,-9.0543321e-05)  (-0.0000000,-0.00011377632)  (0.0000000,5.1158841e-05)  (0.0000000,3.2819597e-06)  (-0.0000000,-0.00029608832)  (0.0000000,2.2937007e-05)  (-0.0000000,-5.3521531e-05)  (0.42486954,0.0000000)  (0.0000000,-0.00017747829)  (0.0000000,-5.3792745e-07)  (0.0000000,4.4010301e-05)  
(-0.0000000,-2.9251968e-07)  (-0.0000000,-4.1958689e-05)  (0.0000000,0.00010845269)  (0.0000000,0.00023623866)  (-0.0000000,-0.0021286550)  (0.0000000,0.0018707697)  (0.0000000,0.00067135030)  (0.0000000,0.00017747829)  (0.44442266,0.0000000)  (0.0000000,0.013088499)  (0.0000000,-0.010970301)  
(0.0000000,1.5554726e-05)  (0.0000000,4.9549866e-06)  (0.0000000,0.00064814104)  (0.0000000,0.00016716708)  (-0.0000000,-0.0018794016)  (0.0000000,0.0013266175)  (-0.0000000,-0.00041187272)  (0.0000000,5.3792745e-07)  (-0.0000000,-0.013088499)  (0.45110893,0.0000000)  (0.0000000,0.0062479889)  
(-0.0000000,-3.7803700e-05)  (-0.0000000,-4.7491735e-05)  (-0.0000000,-0.00056106500)  (-0.0000000,-0.00014009328)  (-0.0000000,-0.0017634131)  (0.0000000,0.0013096048)  (-0.0000000,-0.00078435272)  (-0.0000000,-4.4010301e-05)  (0.0000000,0.010970301)  (-0.0000000,-0.0062479889)  (0.45476149,0.0000000)  
