(0.0000000,0.0000000)  (0.0000000,3.6582833e-05)  (0.0000000,-6.6938699e-05)  (0.0000000,-2.0402564e-06)  (0.0000000,7.7242711e-05)  (0.0000000,-0.00017025378)  (0.0000000,-0.00011497320)  (0.0000000,-2.4102226e-05)  (0.0000000,8.4178826e-06)  (0.0000000,-1.3227105e-05)  (0.0000000,1.7094341e-06)  
(-0.0000000,-3.6582833e-05)  (0.23377880,0.0000000)  (0.0000000,0.00073514920)  (0.0000000,1.0614695e-05)  (0.0000000,0.00013777217)  (0.0000000,0.00015096931)  (0.0000000,0.00010005886)  (0.0000000,-1.3402622e-05)  (0.0000000,-0.00043653083)  (0.0000000,-0.00017657861)  (0.0000000,-0.00029956222)  
(0.0000000,6.6938699e-05)  (-0.0000000,-0.00073514920)  (0.33310132,0.0000000)  (0.0000000,-0.0015281385)  (0.0000000,-0.00010916218)  (0.0000000,-3.0579733e-05)  (0.0000000,-0.0018473481)  (0.0000000,-0.00061146677)  (0.0000000,0.00093449968)  (0.0000000,0.00029451003)  (0.0000000,-0.00054592674)  
(0.0000000,2.0402564e-06)  (-0.0000000,-1.0614695e-05)  (0.0000000,0.0015281385)  (0.36565286,0.0000000)  (0.0000000,0.00018073027)  (0.0000000,0.00012793476)  (0.0000000,-0.0013149307)  (0.0000000,0.0040743642)  (0.0000000,0.00034958944)  (0.0000000,0.0034752446)  (0.0000000,0.00081076065)  
(-0.0000000,-7.7242711e-05)  (-0.0000000,-0.00013777217)  (0.0000000,0.00010916218)  (-0.0000000,-0.00018073027)  (0.37514902,0.0000000)  (0.0000000,-0.00020976656)  (0.0000000,-0.0044044217)  (0.0000000,-0.0012516909)  (0.0000000,7.2544055e-05)  (0.0000000,-1.9726523e-05)  (0.0000000,0.00012755233)  
(0.0000000,0.00017025378)  (-0.0000000,-0.00015096931)  (0.0000000,3.0579733e-05)  (-0.0000000,-0.00012793476)  (0.0000000,0.00020976656)  (0.40250965,0.0000000)  (0.0000000,-9.9465903e-05)  (0.0000000,0.00027140374)  (0.0000000,-0.00091105023)  (0.0000000,-0.00028188047)  (0.0000000,-0.00015350381)  
(0.0000000,0.00011497320)  (-0.0000000,-0.00010005886)  (0.0000000,0.0018473481)  (0.0000000,0.0013149307)  (0.0000000,0.0044044217)  (0.0000000,9.9465903e-05)  (0.42391643,0.0000000)  (0.0000000,-0.0047462788)  (0.0000000,0.011318773)  (0.0000000,0.0033111693)  (0.0000000,0.0025017468)  
(0.0000000,2.4102226e-05)  (0.0000000,1.3402622e-05)  (0.0000000,0.00061146677)  (-0.0000000,-0.0040743642)  (0.0000000,0.0012516909)  (-0.0000000,-0.00027140374)  (0.0000000,0.0047462788)  (0.42780512,0.0000000)  (0.0000000,0.0023892173)  (0.0000000,0.0011491454)  (0.0000000,0.0012760103)  
(-0.0000000,-8.4178826e-06)  (0.0000000,0.00043653083)  (-0.0000000,-0.00093449968)  (-0.0000000,-0.00034958944)  (-0.0000000,-7.2544055e-05)  (0.0000000,0.00091105023)  (-0.0000000,-0.011318773)  (-0.0000000,-0.0023892173)  (0.43943368,0.0000000)  (0.0000000,-9.9592554e-06)  (0.0000000,-0.0010162464)  
(0.0000000,1.3227105e-05)  (0.0000000,0.00017657861)  (-0.0000000,-0.00029451003)  (-0.0000000,-0.0034752446)  (0.0000000,1.9726523e-05)  (0.0000000,0.00028188047)  (-0.0000000,-0.0033111693)  (-0.0000000,-0.0011491454)  (0.0000000,9.9592554e-06)  (0.44679449,0.0000000)  (0.0000000,-0.00049361889)  
(-0.0000000,-1.7094341e-06)  (0.0000000,0.00029956222)  (0.0000000,0.00054592674)  (-0.0000000,-0.00081076065)  (-0.0000000,-0.00012755233)  (0.0000000,0.00015350381)  (-0.0000000,-0.0025017468)  (-0.0000000,-0.0012760103)  (0.0000000,0.0010162464)  (0.0000000,0.00049361889)  (0.44918764,0.0000000)  
