(0.0000000,0.0000000)  (0.0000000,-4.4823545e-05)  (0.0000000,1.7865365e-05)  (0.0000000,-1.2951604e-05)  (0.0000000,6.3374354e-05)  (0.0000000,-5.5082271e-05)  (0.0000000,-3.3080217e-05)  (0.0000000,4.3696250e-05)  (0.0000000,-6.3468637e-05)  (0.0000000,-1.1372486e-05)  (0.0000000,-1.9288659e-05)  
(0.0000000,4.4823545e-05)  (0.21738562,0.0000000)  (0.0000000,0.00058935824)  (0.0000000,-6.0299081e-06)  (0.0000000,-2.7201158e-05)  (0.0000000,1.3432652e-05)  (0.0000000,0.00011283100)  (0.0000000,-6.5625266e-06)  (0.0000000,3.3608784e-05)  (0.0000000,-1.0970132e-05)  (0.0000000,3.0803938e-05)  
(-0.0000000,-1.7865365e-05)  (-0.0000000,-0.00058935824)  (0.34599022,0.0000000)  (0.0000000,-1.4143978e-05)  (0.0000000,-0.00091136505)  (0.0000000,0.0011937767)  (0.0000000,-0.0011700051)  (0.0000000,-0.00016596647)  (0.0000000,0.00020161250)  (0.0000000,0.00098717127)  (0.0000000,-0.00016898814)  
(0.0000000,1.2951604e-05)  (0.0000000,6.0299081e-06)  (0.0000000,1.4143978e-05)  (0.39233931,0.0000000)  (0.0000000,-0.00051246520)  (0.0000000,-0.00044259296)  (0.0000000,-0.00061446957)  (0.0000000,0.0010637072)  (0.0000000,0.0023384069)  (0.0000000,0.0023566458)  (0.0000000,-0.0010001850)  
(-0.0000000,-6.3374354e-05)  (0.0000000,2.7201158e-05)  (0.0000000,0.00091136505)  (0.0000000,0.00051246520)  (0.40306824,0.0000000)  (0.0000000,0.0058055963)  (0.0000000,-0.0032447897)  (0.0000000,-0.0038665892)  (0.0000000,0.0026382984)  (0.0000000,0.0023925371)  (0.0000000,-0.00064405306)  
(0.0000000,5.5082271e-05)  (-0.0000000,-1.3432652e-05)  (-0.0000000,-0.0011937767)  (0.0000000,0.00044259296)  (-0.0000000,-0.0058055963)  (0.41240307,0.0000000)  (0.0000000,-0.0027228449)  (0.0000000,-0.0023658696)  (0.0000000,0.00027997922)  (0.0000000,-0.0027926568)  (0.0000000,-0.00029872735)  
(0.0000000,3.3080217e-05)  (-0.0000000,-0.00011283100)  (0.0000000,0.0011700051)  (0.0000000,0.00061446957)  (0.0000000,0.0032447897)  (0.0000000,0.0027228449)  (0.41846588,0.0000000)  (0.0000000,0.00021028342)  (0.0000000,-0.00042756653)  (0.0000000,-0.0036217994)  (0.0000000,0.0013335643)  
(-0.0000000,-4.3696250e-05)  (0.0000000,6.5625266e-06)  (0.0000000,0.00016596647)  (-0.0000000,-0.0010637072)  (0.0000000,0.0038665892)  (0.0000000,0.0023658696)  (-0.0000000,-0.00021028342)  (0.43867351,0.0000000)  (0.0000000,-0.00050678930)  (0.0000000,-0.0033292935)  (0.0000000,-0.0031823178)  
(0.0000000,6.3468637e-05)  (-0.0000000,-3.3608784e-05)  (-0.0000000,-0.00020161250)  (-0.0000000,-0.0023384069)  (-0.0000000,-0.0026382984)  (-0.0000000,-0.00027997922)  (0.0000000,0.00042756653)  (0.0000000,0.00050678930)  (0.44477711,0.0000000)  (0.0000000,-0.0053315141)  (0.0000000,-0.0023354487)  
(0.0000000,1.1372486e-05)  (0.0000000,1.0970132e-05)  (-0.0000000,-0.00098717127)  (-0.0000000,-0.0023566458)  (-0.0000000,-0.0023925371)  (0.0000000,0.0027926568)  (0.0000000,0.0036217994)  (0.0000000,0.0033292935)  (0.0000000,0.0053315141)  (0.45038054,0.0000000)  (0.0000000,0.0097962389)  
(0.0000000,1.9288659e-05)  (-0.0000000,-3.0803938e-05)  (0.0000000,0.00016898814)  (0.0000000,0.0010001850)  (0.0000000,0.00064405306)  (0.0000000,0.00029872735)  (-0.0000000,-0.0013335643)  (0.0000000,0.0031823178)  (0.0000000,0.0023354487)  (-0.0000000,-0.0097962389)  (0.45208225,0.0000000)  
