(0.0000000,0.0000000)  (0.0000000,-1.0398339e-05)  (0.0000000,-2.9589294e-06)  (0.0000000,-9.6836253e-05)  (0.0000000,4.6766493e-05)  (0.0000000,-5.1300495e-05)  (0.0000000,-0.00041865174)  (0.0000000,-6.8984001e-06)  (0.0000000,4.9204564e-05)  (0.0000000,-2.3884741e-05)  (0.0000000,4.4595900e-05)  
(0.0000000,1.0398339e-05)  (0.20194664,0.0000000)  (0.0000000,-1.7581771e-06)  (0.0000000,-9.1496189e-05)  (0.0000000,0.00014718204)  (0.0000000,0.00021247817)  (0.0000000,0.00020663545)  (0.0000000,-9.1087770e-06)  (0.0000000,1.8887038e-05)  (0.0000000,-1.6471487e-05)  (0.0000000,-4.5035608e-05)  
(0.0000000,2.9589294e-06)  (0.0000000,1.7581771e-06)  (0.36226802,0.0000000)  (0.0000000,0.00013316890)  (0.0000000,9.5660107e-05)  (0.0000000,-4.9223385e-05)  (0.0000000,8.3999778e-05)  (0.0000000,-3.7529748e-05)  (0.0000000,-0.00020036643)  (0.0000000,0.00025356381)  (0.0000000,7.6144035e-05)  
(0.0000000,9.6836253e-05)  (0.0000000,9.1496189e-05)  (-0.0000000,-0.00013316890)  (0.38308864,0.0000000)  (0.0000000,0.0049282499)  (0.0000000,-0.0040275111)  (0.0000000,0.00080059938)  (0.0000000,0.0022433312)  (0.0000000,7.2330580e-05)  (0.0000000,0.00016818432)  (0.0000000,0.00066377255)  
(-0.0000000,-4.6766493e-05)  (-0.0000000,-0.00014718204)  (-0.0000000,-9.5660107e-05)  (-0.0000000,-0.0049282499)  (0.39676491,0.0000000)  (0.0000000,-0.0015402438)  (0.0000000,-0.00010657475)  (0.0000000,-0.00031258994)  (0.0000000,-9.8292856e-05)  (0.0000000,-0.00059156720)  (0.0000000,0.00047356727)  
(0.0000000,5.1300495e-05)  (-0.0000000,-0.00021247817)  (0.0000000,4.9223385e-05)  (0.0000000,0.0040275111)  (0.0000000,0.0015402438)  (0.39847029,0.0000000)  (0.0000000,-0.00035433270)  (0.0000000,0.00095181039)  (0.0000000,-0.00010024193)  (0.0000000,0.00058656235)  (0.0000000,-0.00015903209)  
(0.0000000,0.00041865174)  (-0.0000000,-0.00020663545)  (-0.0000000,-8.3999778e-05)  (-0.0000000,-0.00080059938)  (0.0000000,0.00010657475)  (0.0000000,0.00035433270)  (0.40722778,0.0000000)  (0.0000000,-0.00015929417)  (0.0000000,0.00035053583)  (0.0000000,-0.00013177189)  (0.0000000,3.1355956e-05)  
(0.0000000,6.8984001e-06)  (0.0000000,9.1087770e-06)  (0.0000000,3.7529748e-05)  (-0.0000000,-0.0022433312)  (0.0000000,0.00031258994)  (-0.0000000,-0.00095181039)  (0.0000000,0.00015929417)  (0.42971629,0.0000000)  (0.0000000,-0.00010863782)  (0.0000000,-0.0011896308)  (0.0000000,-0.00014208461)  
(-0.0000000,-4.9204564e-05)  (-0.0000000,-1.8887038e-05)  (0.0000000,0.00020036643)  (-0.0000000,-7.2330580e-05)  (0.0000000,9.8292856e-05)  (0.0000000,0.00010024193)  (-0.0000000,-0.00035053583)  (0.0000000,0.00010863782)  (0.45121954,0.0000000)  (0.0000000,-9.7282765e-05)  (0.0000000,0.00012027090)  
(0.0000000,2.3884741e-05)  (0.0000000,1.6471487e-05)  (-0.0000000,-0.00025356381)  (-0.0000000,-0.00016818432)  (0.0000000,0.00059156720)  (-0.0000000,-0.00058656235)  (0.0000000,0.00013177189)  (0.0000000,0.0011896308)  (0.0000000,9.7282765e-05)  (0.45493440,0.0000000)  (0.0000000,0.0012294813)  
(-0.0000000,-4.4595900e-05)  (0.0000000,4.5035608e-05)  (-0.0000000,-7.6144035e-05)  (-0.0000000,-0.00066377255)  (-0.0000000,-0.00047356727)  (0.0000000,0.00015903209)  (-0.0000000,-3.1355956e-05)  (0.0000000,0.00014208461)  (-0.0000000,-0.00012027090)  (-0.0000000,-0.0012294813)  (0.46031274,0.0000000)  
