(0.0000000,0.0000000)  (0.0000000,1.1573812e-05)  (0.0000000,2.9374373e-05)  (0.0000000,-0.00022121149)  (0.0000000,-1.9477033e-05)  (0.0000000,-1.5980927e-05)  (0.0000000,1.7749802e-05)  (0.0000000,6.4226691e-05)  (0.0000000,7.3838992e-05)  (0.0000000,-1.4610689e-06)  (0.0000000,-1.8902571e-06)  
(-0.0000000,-1.1573812e-05)  (0.21811271,0.0000000)  (0.0000000,3.3619485e-05)  (0.0000000,-3.5413916e-05)  (0.0000000,-8.9146717e-05)  (0.0000000,1.3406619e-05)  (0.0000000,-6.9437628e-05)  (0.0000000,-9.4999874e-05)  (0.0000000,-4.0953209e-05)  (0.0000000,-4.3344255e-07)  (0.0000000,-3.4344087e-06)  
(-0.0000000,-2.9374373e-05)  (-0.0000000,-3.3619485e-05)  (0.35443938,0.0000000)  (0.0000000,-0.00011640609)  (0.0000000,-0.0013377977)  (0.0000000,-1.8114366e-05)  (0.0000000,-0.00057397237)  (0.0000000,-7.1969595e-05)  (0.0000000,-0.00016841222)  (0.0000000,-6.3613297e-05)  (0.0000000,4.6590340e-05)  
(0.0000000,0.00022121149)  (0.0000000,3.5413916e-05)  (0.0000000,0.00011640609)  (0.38181618,0.0000000)  (0.0000000,0.0028624248)  (0.0000000,0.00087122303)  (0.0000000,0.00031248548)  (0.0000000,-9.7138396e-05)  (0.0000000,0.00024734695)  (0.0000000,0.00026348073)  (0.0000000,-4.1084454e-05)  
(0.0000000,1.9477033e-05)  (0.0000000,8.9146717e-05)  (0.0000000,0.0013377977)  (-0.0000000,-0.0028624248)  (0.39279372,0.0000000)  (0.0000000,-0.00020053348)  (0.0000000,0.0023867352)  (0.0000000,0.0010870522)  (0.0000000,0.0011697455)  (0.0000000,7.7954067e-05)  (0.0000000,-7.8753031e-05)  
(0.0000000,1.5980927e-05)  (-0.0000000,-1.3406619e-05)  (0.0000000,1.8114366e-05)  (-0.0000000,-0.00087122303)  (0.0000000,0.00020053348)  (0.40284150,0.0000000)  (0.0000000,0.00055790548)  (0.0000000,0.00085103310)  (0.0000000,-0.0040683931)  (0.0000000,-0.00040005147)  (0.0000000,-0.00040307039)  
(-0.0000000,-1.7749802e-05)  (0.0000000,6.9437628e-05)  (0.0000000,0.00057397237)  (-0.0000000,-0.00031248548)  (-0.0000000,-0.0023867352)  (-0.0000000,-0.00055790548)  (0.40950921,0.0000000)  (0.0000000,-0.0014404731)  (0.0000000,-0.00023664087)  (0.0000000,-0.00011915166)  (0.0000000,3.9516011e-05)  
(-0.0000000,-6.4226691e-05)  (0.0000000,9.4999874e-05)  (0.0000000,7.1969595e-05)  (0.0000000,9.7138396e-05)  (-0.0000000,-0.0010870522)  (-0.0000000,-0.00085103310)  (0.0000000,0.0014404731)  (0.42005347,0.0000000)  (0.0000000,-0.00013943092)  (0.0000000,-0.00018818681)  (0.0000000,-0.00016062881)  
(-0.0000000,-7.3838992e-05)  (0.0000000,4.0953209e-05)  (0.0000000,0.00016841222)  (-0.0000000,-0.00024734695)  (-0.0000000,-0.0011697455)  (0.0000000,0.0040683931)  (0.0000000,0.00023664087)  (0.0000000,0.00013943092)  (0.43961211,0.0000000)  (0.0000000,0.0016152382)  (0.0000000,0.00062809054)  
(0.0000000,1.4610689e-06)  (0.0000000,4.3344255e-07)  (0.0000000,6.3613297e-05)  (-0.0000000,-0.00026348073)  (-0.0000000,-7.7954067e-05)  (0.0000000,0.00040005147)  (0.0000000,0.00011915166)  (0.0000000,0.00018818681)  (-0.0000000,-0.0016152382)  (0.44456507,0.0000000)  (0.0000000,-0.00065787201)  
(0.0000000,1.8902571e-06)  (0.0000000,3.4344087e-06)  (-0.0000000,-4.6590340e-05)  (0.0000000,4.1084454e-05)  (0.0000000,7.8753031e-05)  (0.0000000,0.00040307039)  (-0.0000000,-3.9516011e-05)  (0.0000000,0.00016062881)  (-0.0000000,-0.00062809054)  (0.0000000,0.00065787201)  (0.46025835,0.0000000)  
