(0.0000000,0.0000000)  (0.0000000,-8.5708153e-06)  (0.0000000,-1.8412969e-05)  (0.0000000,-4.1552418e-05)  (0.0000000,-0.00016838610)  (0.0000000,5.3481597e-05)  (0.0000000,-3.2758976e-05)  (0.0000000,0.00016703828)  (0.0000000,-1.5256974e-05)  (0.0000000,3.0525868e-05)  (0.0000000,-4.7304952e-05)  
(0.0000000,8.5708153e-06)  (0.21320587,0.0000000)  (0.0000000,6.0547963e-05)  (0.0000000,-0.00023542726)  (0.0000000,-0.00050608749)  (0.0000000,0.00062036574)  (0.0000000,-0.00016069259)  (0.0000000,9.3536949e-06)  (0.0000000,1.5885212e-05)  (0.0000000,0.00020786466)  (0.0000000,-2.6168441e-06)  
(0.0000000,1.8412969e-05)  (-0.0000000,-6.0547963e-05)  (0.35513983,0.0000000)  (0.0000000,-0.0029411600)  (0.0000000,-0.0037665221)  (0.0000000,0.0049058618)  (0.0000000,-0.0021235827)  (0.0000000,0.00011397398)  (0.0000000,0.00020234842)  (0.0000000,0.00018086542)  (0.0000000,0.0011694277)  
(0.0000000,4.1552418e-05)  (0.0000000,0.00023542726)  (0.0000000,0.0029411600)  (0.39214968,0.0000000)  (0.0000000,0.013225519)  (0.0000000,0.0037345967)  (0.0000000,0.0010198689)  (0.0000000,0.00071375046)  (0.0000000,-0.0012866108)  (0.0000000,0.0010332066)  (0.0000000,0.00042831003)  
(0.0000000,0.00016838610)  (0.0000000,0.00050608749)  (0.0000000,0.0037665221)  (-0.0000000,-0.013225519)  (0.39751957,0.0000000)  (0.0000000,-0.0025740259)  (0.0000000,0.00091649643)  (0.0000000,0.00058408268)  (0.0000000,-0.00035230346)  (0.0000000,-0.0013404312)  (0.0000000,5.9328888e-05)  
(-0.0000000,-5.3481597e-05)  (-0.0000000,-0.00062036574)  (-0.0000000,-0.0049058618)  (-0.0000000,-0.0037345967)  (0.0000000,0.0025740259)  (0.40364944,0.0000000)  (0.0000000,0.00058522788)  (0.0000000,0.00077355266)  (0.0000000,-0.00081752498)  (0.0000000,0.0010430457)  (0.0000000,0.00028463122)  
(0.0000000,3.2758976e-05)  (0.0000000,0.00016069259)  (0.0000000,0.0021235827)  (-0.0000000,-0.0010198689)  (-0.0000000,-0.00091649643)  (-0.0000000,-0.00058522788)  (0.41398938,0.0000000)  (0.0000000,-0.00017155756)  (0.0000000,-0.00022055257)  (0.0000000,-0.00048663678)  (0.0000000,-4.7301669e-05)  
(-0.0000000,-0.00016703828)  (-0.0000000,-9.3536949e-06)  (-0.0000000,-0.00011397398)  (-0.0000000,-0.00071375046)  (-0.0000000,-0.00058408268)  (-0.0000000,-0.00077355266)  (0.0000000,0.00017155756)  (0.42587520,0.0000000)  (0.0000000,-0.0014157021)  (0.0000000,0.0032048272)  (0.0000000,0.0011305087)  
(0.0000000,1.5256974e-05)  (-0.0000000,-1.5885212e-05)  (-0.0000000,-0.00020234842)  (0.0000000,0.0012866108)  (0.0000000,0.00035230346)  (0.0000000,0.00081752498)  (0.0000000,0.00022055257)  (0.0000000,0.0014157021)  (0.45021793,0.0000000)  (0.0000000,-0.0039909674)  (0.0000000,0.0073393000)  
(-0.0000000,-3.0525868e-05)  (-0.0000000,-0.00020786466)  (-0.0000000,-0.00018086542)  (-0.0000000,-0.0010332066)  (0.0000000,0.0013404312)  (-0.0000000,-0.0010430457)  (0.0000000,0.00048663678)  (-0.0000000,-0.0032048272)  (0.0000000,0.0039909674)  (0.45623663,0.0000000)  (0.0000000,0.0018595319)  
(0.0000000,4.7304952e-05)  (0.0000000,2.6168441e-06)  (-0.0000000,-0.0011694277)  (-0.0000000,-0.00042831003)  (-0.0000000,-5.9328888e-05)  (-0.0000000,-0.00028463122)  (0.0000000,4.7301669e-05)  (-0.0000000,-0.0011305087)  (-0.0000000,-0.0073393000)  (-0.0000000,-0.0018595319)  (0.46379185,0.0000000)  
