(0.0000000,0.0000000)  (0.0000000,-6.4996710e-05)  (0.0000000,1.6315094e-06)  (0.0000000,0.00018480848)  (0.0000000,0.00018402994)  (0.0000000,-0.00025570009)  (0.0000000,-0.00011331927)  (0.0000000,5.9306536e-06)  (0.0000000,-3.1062014e-05)  (0.0000000,7.3795205e-05)  (0.0000000,4.6835094e-05)  
(0.0000000,6.4996710e-05)  (0.21683290,0.0000000)  (0.0000000,3.2671323e-05)  (0.0000000,-0.00030225509)  (0.0000000,0.00012242440)  (0.0000000,6.2043984e-05)  (0.0000000,3.2360808e-05)  (0.0000000,-5.7311416e-07)  (0.0000000,-5.3492651e-05)  (0.0000000,-7.9200032e-05)  (0.0000000,5.1256790e-06)  
(-0.0000000,-1.6315094e-06)  (-0.0000000,-3.2671323e-05)  (0.35348131,0.0000000)  (0.0000000,0.0012486759)  (0.0000000,-0.00016730438)  (0.0000000,0.00062411807)  (0.0000000,0.00024326833)  (0.0000000,-1.9609283e-05)  (0.0000000,-0.00056447786)  (0.0000000,-0.00060400324)  (0.0000000,-2.4571660e-05)  
(-0.0000000,-0.00018480848)  (0.0000000,0.00030225509)  (-0.0000000,-0.0012486759)  (0.37809305,0.0000000)  (0.0000000,-0.0034502006)  (0.0000000,-0.00042839348)  (0.0000000,-0.00019615213)  (0.0000000,-7.6526107e-05)  (0.0000000,-8.0858754e-05)  (0.0000000,-0.00026191123)  (0.0000000,4.6806690e-05)  
(-0.0000000,-0.00018402994)  (-0.0000000,-0.00012242440)  (0.0000000,0.00016730438)  (0.0000000,0.0034502006)  (0.38944508,0.0000000)  (0.0000000,-0.00036824535)  (0.0000000,-0.00021471766)  (0.0000000,8.4197553e-06)  (0.0000000,-0.00048325713)  (0.0000000,0.00022668302)  (0.0000000,-3.2243598e-05)  
(0.0000000,0.00025570009)  (-0.0000000,-6.2043984e-05)  (-0.0000000,-0.00062411807)  (0.0000000,0.00042839348)  (0.0000000,0.00036824535)  (0.40392305,0.0000000)  (0.0000000,7.1857672e-06)  (0.0000000,2.6952368e-05)  (0.0000000,-0.00038843136)  (0.0000000,0.00049488254)  (0.0000000,0.00012336837)  
(0.0000000,0.00011331927)  (-0.0000000,-3.2360808e-05)  (-0.0000000,-0.00024326833)  (0.0000000,0.00019615213)  (0.0000000,0.00021471766)  (-0.0000000,-7.1857672e-06)  (0.40859046,0.0000000)  (0.0000000,2.3013135e-05)  (0.0000000,-0.00023259171)  (0.0000000,0.00016553921)  (0.0000000,-0.00013828587)  
(-0.0000000,-5.9306536e-06)  (0.0000000,5.7311416e-07)  (0.0000000,1.9609283e-05)  (0.0000000,7.6526107e-05)  (-0.0000000,-8.4197553e-06)  (-0.0000000,-2.6952368e-05)  (-0.0000000,-2.3013135e-05)  (0.42356639,0.0000000)  (0.0000000,-0.00057440254)  (0.0000000,-0.00012114401)  (0.0000000,-0.00027494407)  
(0.0000000,3.1062014e-05)  (0.0000000,5.3492651e-05)  (0.0000000,0.00056447786)  (0.0000000,8.0858754e-05)  (0.0000000,0.00048325713)  (0.0000000,0.00038843136)  (0.0000000,0.00023259171)  (0.0000000,0.00057440254)  (0.45584525,0.0000000)  (0.0000000,0.014747559)  (0.0000000,3.5290087e-05)  
(-0.0000000,-7.3795205e-05)  (0.0000000,7.9200032e-05)  (0.0000000,0.00060400324)  (0.0000000,0.00026191123)  (-0.0000000,-0.00022668302)  (-0.0000000,-0.00049488254)  (-0.0000000,-0.00016553921)  (0.0000000,0.00012114401)  (-0.0000000,-0.014747559)  (0.45935982,0.0000000)  (0.0000000,9.9277202e-05)  
(-0.0000000,-4.6835094e-05)  (-0.0000000,-5.1256790e-06)  (0.0000000,2.4571660e-05)  (-0.0000000,-4.6806690e-05)  (0.0000000,3.2243598e-05)  (-0.0000000,-0.00012336837)  (0.0000000,0.00013828587)  (0.0000000,0.00027494407)  (-0.0000000,-3.5290087e-05)  (-0.0000000,-9.9277202e-05)  (0.47410000,0.0000000)  
