(0.0000000,0.0000000)  (0.0000000,-3.3701343e-05)  (0.0000000,-7.2041632e-06)  (0.0000000,-9.9607553e-05)  (0.0000000,1.6320129e-05)  (0.0000000,-3.1017136e-05)  (0.0000000,-0.00012984198)  (0.0000000,-0.00014465224)  (0.0000000,0.00030296162)  (0.0000000,6.2680686e-05)  (0.0000000,6.8182938e-07)  
(0.0000000,3.3701343e-05)  (0.20779023,0.0000000)  (0.0000000,-7.7463952e-05)  (0.0000000,4.3104457e-06)  (0.0000000,2.0661219e-05)  (0.0000000,6.0047389e-05)  (0.0000000,-2.7032637e-05)  (0.0000000,-5.4787944e-05)  (0.0000000,5.3922165e-05)  (0.0000000,-0.00029636405)  (0.0000000,1.5601080e-05)  
(0.0000000,7.2041632e-06)  (0.0000000,7.7463952e-05)  (0.35365238,0.0000000)  (0.0000000,0.00011817259)  (0.0000000,0.0034680600)  (0.0000000,0.012517403)  (0.0000000,-0.0018303623)  (0.0000000,-0.00074150106)  (0.0000000,-0.00062665540)  (0.0000000,-0.00042711996)  (0.0000000,-3.5723447e-05)  
(0.0000000,9.9607553e-05)  (-0.0000000,-4.3104457e-06)  (-0.0000000,-0.00011817259)  (0.38673570,0.0000000)  (0.0000000,-0.0093591113)  (0.0000000,0.0021395601)  (0.0000000,-0.0016950351)  (0.0000000,0.00034065008)  (0.0000000,-0.00098328660)  (0.0000000,0.00026694298)  (0.0000000,-9.3704784e-05)  
(-0.0000000,-1.6320129e-05)  (-0.0000000,-2.0661219e-05)  (-0.0000000,-0.0034680600)  (0.0000000,0.0093591113)  (0.39101264,0.0000000)  (0.0000000,-0.00060017956)  (0.0000000,0.0037644602)  (0.0000000,-0.0015480148)  (0.0000000,0.0021606292)  (0.0000000,-0.00067258178)  (0.0000000,0.00020178493)  
(0.0000000,3.1017136e-05)  (-0.0000000,-6.0047389e-05)  (-0.0000000,-0.012517403)  (-0.0000000,-0.0021395601)  (0.0000000,0.00060017956)  (0.40775973,0.0000000)  (0.0000000,-0.0018052661)  (0.0000000,-0.00055585195)  (0.0000000,-0.00095179252)  (0.0000000,-0.00086849066)  (0.0000000,-0.00021289000)  
(0.0000000,0.00012984198)  (0.0000000,2.7032637e-05)  (0.0000000,0.0018303623)  (0.0000000,0.0016950351)  (-0.0000000,-0.0037644602)  (0.0000000,0.0018052661)  (0.41019882,0.0000000)  (0.0000000,-0.0035477770)  (0.0000000,-0.0015333984)  (0.0000000,0.00029356707)  (0.0000000,8.4675136e-06)  
(0.0000000,0.00014465224)  (0.0000000,5.4787944e-05)  (0.0000000,0.00074150106)  (-0.0000000,-0.00034065008)  (0.0000000,0.0015480148)  (0.0000000,0.00055585195)  (0.0000000,0.0035477770)  (0.41648671,0.0000000)  (0.0000000,0.00071446100)  (0.0000000,-0.00039358181)  (0.0000000,7.9734987e-06)  
(-0.0000000,-0.00030296162)  (-0.0000000,-5.3922165e-05)  (0.0000000,0.00062665540)  (0.0000000,0.00098328660)  (-0.0000000,-0.0021606292)  (0.0000000,0.00095179252)  (0.0000000,0.0015333984)  (-0.0000000,-0.00071446100)  (0.43107163,0.0000000)  (0.0000000,0.00067766218)  (0.0000000,0.00026478361)  
(-0.0000000,-6.2680686e-05)  (0.0000000,0.00029636405)  (0.0000000,0.00042711996)  (-0.0000000,-0.00026694298)  (0.0000000,0.00067258178)  (0.0000000,0.00086849066)  (-0.0000000,-0.00029356707)  (0.0000000,0.00039358181)  (-0.0000000,-0.00067766218)  (0.43686799,0.0000000)  (0.0000000,-4.2561270e-05)  
(-0.0000000,-6.8182938e-07)  (-0.0000000,-1.5601080e-05)  (0.0000000,3.5723447e-05)  (0.0000000,9.3704784e-05)  (-0.0000000,-0.00020178493)  (0.0000000,0.00021289000)  (-0.0000000,-8.4675136e-06)  (-0.0000000,-7.9734987e-06)  (-0.0000000,-0.00026478361)  (0.0000000,4.2561270e-05)  (0.45222337,0.0000000)  
