(0.0000000,0.0000000)  (0.0000000,2.5723355e-05)  (0.0000000,8.3957222e-05)  (0.0000000,-0.00059129974)  (0.0000000,-7.6717628e-05)  (0.0000000,7.8828127e-05)  (0.0000000,7.8340800e-06)  (0.0000000,-0.00050408058)  (0.0000000,6.5304698e-05)  (0.0000000,2.0658362e-05)  (0.0000000,-0.00022624587)  
(-0.0000000,-2.5723355e-05)  (0.21024237,0.0000000)  (0.0000000,-0.00034198696)  (0.0000000,-3.4741963e-05)  (0.0000000,0.00017914238)  (0.0000000,6.6485958e-05)  (0.0000000,-3.7822201e-06)  (0.0000000,-0.00023802023)  (0.0000000,-0.00065145277)  (0.0000000,0.00016119826)  (0.0000000,-5.8088784e-06)  
(-0.0000000,-8.3957222e-05)  (0.0000000,0.00034198696)  (0.35935155,0.0000000)  (0.0000000,-0.0041125141)  (0.0000000,0.0027086878)  (0.0000000,0.0098052249)  (0.0000000,-0.00026571744)  (0.0000000,0.00085606471)  (0.0000000,0.00028719830)  (0.0000000,-0.00013085748)  (0.0000000,-0.00081589517)  
(0.0000000,0.00059129974)  (0.0000000,3.4741963e-05)  (0.0000000,0.0041125141)  (0.38955937,0.0000000)  (0.0000000,-0.020686103)  (0.0000000,-0.0012941601)  (0.0000000,0.00090742346)  (0.0000000,0.00092921891)  (0.0000000,0.0011505179)  (0.0000000,-0.00054970042)  (0.0000000,0.00014018413)  
(0.0000000,7.6717628e-05)  (-0.0000000,-0.00017914238)  (-0.0000000,-0.0027086878)  (0.0000000,0.020686103)  (0.39190585,0.0000000)  (0.0000000,0.0085140286)  (0.0000000,0.00030675538)  (0.0000000,-0.0035654557)  (0.0000000,0.00083558565)  (0.0000000,-0.00082294339)  (0.0000000,-0.00010574181)  
(-0.0000000,-7.8828127e-05)  (-0.0000000,-6.6485958e-05)  (-0.0000000,-0.0098052249)  (0.0000000,0.0012941601)  (-0.0000000,-0.0085140286)  (0.39955643,0.0000000)  (0.0000000,-4.8755325e-05)  (0.0000000,0.010340001)  (0.0000000,6.4930691e-05)  (0.0000000,-0.00019749302)  (0.0000000,-0.00019604580)  
(-0.0000000,-7.8340800e-06)  (0.0000000,3.7822201e-06)  (0.0000000,0.00026571744)  (-0.0000000,-0.00090742346)  (-0.0000000,-0.00030675538)  (0.0000000,4.8755325e-05)  (0.41250910,0.0000000)  (0.0000000,0.00021918528)  (0.0000000,-0.00018439951)  (0.0000000,0.00022318536)  (0.0000000,-0.00021342822)  
(0.0000000,0.00050408058)  (0.0000000,0.00023802023)  (-0.0000000,-0.00085606471)  (-0.0000000,-0.00092921891)  (0.0000000,0.0035654557)  (-0.0000000,-0.010340001)  (-0.0000000,-0.00021918528)  (0.41928742,0.0000000)  (0.0000000,0.0070348721)  (0.0000000,-0.0014219672)  (0.0000000,-0.00010228746)  
(-0.0000000,-6.5304698e-05)  (0.0000000,0.00065145277)  (-0.0000000,-0.00028719830)  (-0.0000000,-0.0011505179)  (-0.0000000,-0.00083558565)  (-0.0000000,-6.4930691e-05)  (0.0000000,0.00018439951)  (-0.0000000,-0.0070348721)  (0.43016868,0.0000000)  (0.0000000,-8.9650040e-05)  (0.0000000,0.0016115872)  
(-0.0000000,-2.0658362e-05)  (-0.0000000,-0.00016119826)  (0.0000000,0.00013085748)  (0.0000000,0.00054970042)  (0.0000000,0.00082294339)  (0.0000000,0.00019749302)  (-0.0000000,-0.00022318536)  (0.0000000,0.0014219672)  (0.0000000,8.9650040e-05)  (0.44712285,0.0000000)  (0.0000000,0.00040044748)  
(0.0000000,0.00022624587)  (0.0000000,5.8088784e-06)  (0.0000000,0.00081589517)  (-0.0000000,-0.00014018413)  (0.0000000,0.00010574181)  (0.0000000,0.00019604580)  (0.0000000,0.00021342822)  (0.0000000,0.00010228746)  (-0.0000000,-0.0016115872)  (-0.0000000,-0.00040044748)  (0.46943240,0.0000000)  
