(0.0000000,0.0000000)  (0.0000000,-0.00012847131)  (0.0000000,3.3457400e-05)  (0.0000000,-0.00041206078)  (0.0000000,3.1647561e-05)  (0.0000000,0.00059320280)  (0.0000000,-0.00011187137)  (0.0000000,-0.00015024994)  (0.0000000,-6.0077654e-08)  (0.0000000,-0.00010740850)  (0.0000000,5.8515871e-05)  
(0.0000000,0.00012847131)  (0.21423781,0.0000000)  (0.0000000,-0.00028696523)  (0.0000000,-0.00035173970)  (0.0000000,-0.00032824595)  (0.0000000,-8.0571611e-05)  (0.0000000,-0.00018646773)  (0.0000000,0.00046372687)  (0.0000000,1.9923054e-06)  (0.0000000,-0.00012044622)  (0.0000000,-0.00014182422)  
(-0.0000000,-3.3457400e-05)  (0.0000000,0.00028696523)  (0.34760134,0.0000000)  (0.0000000,0.0019963750)  (0.0000000,0.00023868314)  (0.0000000,0.0011081805)  (0.0000000,-5.2863781e-05)  (0.0000000,-0.0010141821)  (0.0000000,-2.7602756e-05)  (0.0000000,-0.00049662441)  (0.0000000,4.4969979e-05)  
(0.0000000,0.00041206078)  (0.0000000,0.00035173970)  (-0.0000000,-0.0019963750)  (0.37231781,0.0000000)  (0.0000000,0.0018281329)  (0.0000000,0.0010061247)  (0.0000000,-0.00030470766)  (0.0000000,0.00026493095)  (0.0000000,5.9590044e-05)  (0.0000000,0.00023147599)  (0.0000000,0.00013117468)  
(-0.0000000,-3.1647561e-05)  (0.0000000,0.00032824595)  (-0.0000000,-0.00023868314)  (-0.0000000,-0.0018281329)  (0.38690364,0.0000000)  (0.0000000,0.0019447395)  (0.0000000,-0.00054483396)  (0.0000000,-0.00047459367)  (0.0000000,3.1452098e-06)  (0.0000000,-0.00014484691)  (0.0000000,0.00044153804)  
(-0.0000000,-0.00059320280)  (0.0000000,8.0571611e-05)  (-0.0000000,-0.0011081805)  (-0.0000000,-0.0010061247)  (-0.0000000,-0.0019447395)  (0.40048308,0.0000000)  (0.0000000,0.0036975293)  (0.0000000,-0.00012266660)  (0.0000000,2.1974056e-06)  (0.0000000,-0.00043383174)  (0.0000000,0.00016573861)  
(0.0000000,0.00011187137)  (0.0000000,0.00018646773)  (0.0000000,5.2863781e-05)  (0.0000000,0.00030470766)  (0.0000000,0.00054483396)  (-0.0000000,-0.0036975293)  (0.40767024,0.0000000)  (0.0000000,-0.00084171091)  (0.0000000,8.7737109e-06)  (0.0000000,-0.00018569982)  (0.0000000,-0.00032788257)  
(0.0000000,0.00015024994)  (-0.0000000,-0.00046372687)  (0.0000000,0.0010141821)  (-0.0000000,-0.00026493095)  (0.0000000,0.00047459367)  (0.0000000,0.00012266660)  (0.0000000,0.00084171091)  (0.42301918,0.0000000)  (0.0000000,-1.5122706e-05)  (0.0000000,-0.00042256690)  (0.0000000,0.0013118051)  
(0.0000000,6.0077654e-08)  (-0.0000000,-1.9923054e-06)  (0.0000000,2.7602756e-05)  (-0.0000000,-5.9590044e-05)  (-0.0000000,-3.1452098e-06)  (-0.0000000,-2.1974056e-06)  (-0.0000000,-8.7737109e-06)  (0.0000000,1.5122706e-05)  (0.44767190,0.0000000)  (0.0000000,-1.1270573e-05)  (0.0000000,-2.7290471e-05)  
(0.0000000,0.00010740850)  (0.0000000,0.00012044622)  (0.0000000,0.00049662441)  (-0.0000000,-0.00023147599)  (0.0000000,0.00014484691)  (0.0000000,0.00043383174)  (0.0000000,0.00018569982)  (0.0000000,0.00042256690)  (0.0000000,1.1270573e-05)  (0.45380324,0.0000000)  (0.0000000,-0.0021135590)  
(-0.0000000,-5.8515871e-05)  (0.0000000,0.00014182422)  (-0.0000000,-4.4969979e-05)  (-0.0000000,-0.00013117468)  (-0.0000000,-0.00044153804)  (-0.0000000,-0.00016573861)  (0.0000000,0.00032788257)  (-0.0000000,-0.0013118051)  (0.0000000,2.7290471e-05)  (0.0000000,0.0021135590)  (0.45674158,0.0000000)  
