(0.0000000,0.0000000)  (0.0000000,4.5278442e-05)  (0.0000000,-1.2530527e-05)  (0.0000000,0.00012558566)  (0.0000000,5.6067487e-05)  (0.0000000,0.00044195428)  (0.0000000,-0.00023144897)  (0.0000000,-5.4514896e-05)  (0.0000000,0.00014128320)  (0.0000000,3.0860754e-05)  (0.0000000,9.0722849e-06)  
(-0.0000000,-4.5278442e-05)  (0.21708206,0.0000000)  (0.0000000,-3.3527691e-05)  (0.0000000,3.3493177e-06)  (0.0000000,-0.00011986580)  (0.0000000,2.2770326e-05)  (0.0000000,-4.8656495e-05)  (0.0000000,0.00014902682)  (0.0000000,-7.8007214e-05)  (0.0000000,4.2877938e-05)  (0.0000000,2.2484123e-05)  
(0.0000000,1.2530527e-05)  (0.0000000,3.3527691e-05)  (0.35588843,0.0000000)  (0.0000000,0.00015083141)  (0.0000000,0.00050191280)  (0.0000000,-0.0016495883)  (0.0000000,0.00079735389)  (0.0000000,0.00012049180)  (0.0000000,0.00092561971)  (0.0000000,0.00029692785)  (0.0000000,-0.0027882107)  
(-0.0000000,-0.00012558566)  (-0.0000000,-3.3493177e-06)  (-0.0000000,-0.00015083141)  (0.39428191,0.0000000)  (0.0000000,-0.00078363677)  (0.0000000,0.00039172551)  (0.0000000,-0.00038063489)  (0.0000000,0.00034073076)  (0.0000000,-0.00015736719)  (0.0000000,0.0011316340)  (0.0000000,0.00040175332)  
(-0.0000000,-5.6067487e-05)  (0.0000000,0.00011986580)  (-0.0000000,-0.00050191280)  (0.0000000,0.00078363677)  (0.41358127,0.0000000)  (0.0000000,-0.0053972659)  (0.0000000,0.0016357061)  (0.0000000,0.00087106529)  (0.0000000,-0.0043279938)  (0.0000000,0.00027656817)  (0.0000000,-0.00090997824)  
(-0.0000000,-0.00044195428)  (-0.0000000,-2.2770326e-05)  (0.0000000,0.0016495883)  (-0.0000000,-0.00039172551)  (0.0000000,0.0053972659)  (0.41710154,0.0000000)  (0.0000000,0.0020091558)  (0.0000000,-0.0037882067)  (0.0000000,0.00050929412)  (0.0000000,-0.0013942661)  (0.0000000,0.00043063308)  
(0.0000000,0.00023144897)  (0.0000000,4.8656495e-05)  (-0.0000000,-0.00079735389)  (0.0000000,0.00038063489)  (-0.0000000,-0.0016357061)  (-0.0000000,-0.0020091558)  (0.42749256,0.0000000)  (0.0000000,0.0025503542)  (0.0000000,0.0026895423)  (0.0000000,0.00055566614)  (0.0000000,0.00055837573)  
(0.0000000,5.4514896e-05)  (-0.0000000,-0.00014902682)  (-0.0000000,-0.00012049180)  (-0.0000000,-0.00034073076)  (-0.0000000,-0.00087106529)  (0.0000000,0.0037882067)  (-0.0000000,-0.0025503542)  (0.43098140,0.0000000)  (0.0000000,-0.014092826)  (0.0000000,0.00033587687)  (0.0000000,-0.0012844012)  
(-0.0000000,-0.00014128320)  (0.0000000,7.8007214e-05)  (-0.0000000,-0.00092561971)  (0.0000000,0.00015736719)  (0.0000000,0.0043279938)  (-0.0000000,-0.00050929412)  (-0.0000000,-0.0026895423)  (0.0000000,0.014092826)  (0.44823417,0.0000000)  (0.0000000,-0.00028511585)  (0.0000000,-0.0032045013)  
(-0.0000000,-3.0860754e-05)  (-0.0000000,-4.2877938e-05)  (-0.0000000,-0.00029692785)  (-0.0000000,-0.0011316340)  (-0.0000000,-0.00027656817)  (0.0000000,0.0013942661)  (-0.0000000,-0.00055566614)  (-0.0000000,-0.00033587687)  (0.0000000,0.00028511585)  (0.46194499,0.0000000)  (0.0000000,-0.0085801375)  
(-0.0000000,-9.0722849e-06)  (-0.0000000,-2.2484123e-05)  (0.0000000,0.0027882107)  (-0.0000000,-0.00040175332)  (0.0000000,0.00090997824)  (-0.0000000,-0.00043063308)  (-0.0000000,-0.00055837573)  (0.0000000,0.0012844012)  (0.0000000,0.0032045013)  (0.0000000,0.0085801375)  (0.46794109,0.0000000)  
