(0.0000000,0.0000000)  (0.0000000,2.2794761e-05)  (0.0000000,4.8987125e-05)  (0.0000000,-0.00013815135)  (0.0000000,7.6853581e-05)  (0.0000000,0.00015976363)  (0.0000000,3.0695392e-05)  (0.0000000,9.3114601e-06)  (0.0000000,4.5623758e-05)  (0.0000000,1.1320465e-07)  (0.0000000,9.2500684e-05)  
(-0.0000000,-2.2794761e-05)  (0.21395336,0.0000000)  (0.0000000,-3.6545285e-05)  (0.0000000,0.00011139288)  (0.0000000,2.2881871e-05)  (0.0000000,1.8630842e-06)  (0.0000000,6.4214157e-05)  (0.0000000,-6.0980180e-05)  (0.0000000,-5.7199307e-05)  (0.0000000,-2.5359889e-06)  (0.0000000,5.0570986e-05)  
(-0.0000000,-4.8987125e-05)  (0.0000000,3.6545285e-05)  (0.34410000,0.0000000)  (0.0000000,-0.0052060213)  (0.0000000,-0.0030559690)  (0.0000000,-0.0018949404)  (0.0000000,0.00048285484)  (0.0000000,0.00018910531)  (0.0000000,-0.00035407010)  (0.0000000,-0.0021619527)  (0.0000000,0.00052068663)  
(0.0000000,0.00013815135)  (-0.0000000,-0.00011139288)  (0.0000000,0.0052060213)  (0.38254346,0.0000000)  (0.0000000,-0.014708014)  (0.0000000,0.0010729519)  (0.0000000,-0.011744219)  (0.0000000,0.0018290461)  (0.0000000,-0.0011732677)  (0.0000000,-0.0010297196)  (0.0000000,-0.00076506554)  
(-0.0000000,-7.6853581e-05)  (-0.0000000,-2.2881871e-05)  (0.0000000,0.0030559690)  (0.0000000,0.014708014)  (0.38881978,0.0000000)  (0.0000000,-0.014322195)  (0.0000000,-0.0087309008)  (0.0000000,0.00028529780)  (0.0000000,-0.00094820361)  (0.0000000,0.00037830085)  (0.0000000,-0.00017886961)  
(-0.0000000,-0.00015976363)  (-0.0000000,-1.8630842e-06)  (0.0000000,0.0018949404)  (-0.0000000,-0.0010729519)  (0.0000000,0.014322195)  (0.40135699,0.0000000)  (0.0000000,-0.0057268752)  (0.0000000,8.1117994e-05)  (0.0000000,-0.0013320142)  (0.0000000,-0.00084032308)  (0.0000000,0.00013748470)  
(-0.0000000,-3.0695392e-05)  (-0.0000000,-6.4214157e-05)  (-0.0000000,-0.00048285484)  (0.0000000,0.011744219)  (0.0000000,0.0087309008)  (0.0000000,0.0057268752)  (0.40906141,0.0000000)  (0.0000000,-0.0011292399)  (0.0000000,-0.0022513261)  (0.0000000,-0.0021864945)  (0.0000000,0.00052369149)  
(-0.0000000,-9.3114601e-06)  (0.0000000,6.0980180e-05)  (-0.0000000,-0.00018910531)  (-0.0000000,-0.0018290461)  (-0.0000000,-0.00028529780)  (-0.0000000,-8.1117994e-05)  (0.0000000,0.0011292399)  (0.42614880,0.0000000)  (0.0000000,-0.016335218)  (0.0000000,-0.012238940)  (0.0000000,0.00099424943)  
(-0.0000000,-4.5623758e-05)  (0.0000000,5.7199307e-05)  (0.0000000,0.00035407010)  (0.0000000,0.0011732677)  (0.0000000,0.00094820361)  (0.0000000,0.0013320142)  (0.0000000,0.0022513261)  (0.0000000,0.016335218)  (0.44882823,0.0000000)  (0.0000000,-0.0040734636)  (0.0000000,-0.0047075378)  
(-0.0000000,-1.1320465e-07)  (0.0000000,2.5359889e-06)  (0.0000000,0.0021619527)  (0.0000000,0.0010297196)  (-0.0000000,-0.00037830085)  (0.0000000,0.00084032308)  (0.0000000,0.0021864945)  (0.0000000,0.012238940)  (0.0000000,0.0040734636)  (0.45376759,0.0000000)  (0.0000000,-0.0052385707)  
(-0.0000000,-9.2500684e-05)  (-0.0000000,-5.0570986e-05)  (-0.0000000,-0.00052068663)  (0.0000000,0.00076506554)  (0.0000000,0.00017886961)  (-0.0000000,-0.00013748470)  (-0.0000000,-0.00052369149)  (-0.0000000,-0.00099424943)  (0.0000000,0.0047075378)  (0.0000000,0.0052385707)  (0.45997832,0.0000000)  
