(0.0000000,0.0000000)  (0.0000000,3.5637344e-05)  (0.0000000,-1.3521928e-05)  (0.0000000,-0.00013779039)  (0.0000000,3.1857266e-05)  (0.0000000,-1.9080867e-05)  (0.0000000,0.00017960441)  (0.0000000,1.6622560e-05)  (0.0000000,6.1740498e-06)  (0.0000000,4.3535880e-05)  (0.0000000,5.5819790e-05)  
(-0.0000000,-3.5637344e-05)  (0.19939767,0.0000000)  (0.0000000,0.00012059760)  (0.0000000,3.2100588e-05)  (0.0000000,-9.7162329e-05)  (0.0000000,8.2235942e-06)  (0.0000000,-0.00053647283)  (0.0000000,1.7671323e-05)  (0.0000000,8.8691809e-05)  (0.0000000,-2.8556427e-07)  (0.0000000,5.5589634e-05)  
(0.0000000,1.3521928e-05)  (-0.0000000,-0.00012059760)  (0.35462681,0.0000000)  (0.0000000,-0.00015315021)  (0.0000000,-0.0013439949)  (0.0000000,-0.00091653965)  (0.0000000,-0.00016804767)  (0.0000000,-5.4400889e-05)  (0.0000000,0.00029015190)  (0.0000000,-0.00021458091)  (0.0000000,0.00033157771)  
(0.0000000,0.00013779039)  (-0.0000000,-3.2100588e-05)  (0.0000000,0.00015315021)  (0.38094465,0.0000000)  (0.0000000,4.7951817e-05)  (0.0000000,-9.5176507e-05)  (0.0000000,4.6182363e-05)  (0.0000000,-0.00010924714)  (0.0000000,0.00040758975)  (0.0000000,-0.00062485038)  (0.0000000,0.00026744683)  
(-0.0000000,-3.1857266e-05)  (0.0000000,9.7162329e-05)  (0.0000000,0.0013439949)  (-0.0000000,-4.7951817e-05)  (0.39236540,0.0000000)  (0.0000000,-0.0019192093)  (0.0000000,-1.4562887e-05)  (0.0000000,-0.0025182865)  (0.0000000,-0.00038127851)  (0.0000000,0.00038410371)  (0.0000000,0.00012072091)  
(0.0000000,1.9080867e-05)  (-0.0000000,-8.2235942e-06)  (0.0000000,0.00091653965)  (0.0000000,9.5176507e-05)  (0.0000000,0.0019192093)  (0.40465088,0.0000000)  (0.0000000,0.00019187916)  (0.0000000,0.00023902154)  (0.0000000,0.00015165846)  (0.0000000,-0.00025984626)  (0.0000000,-8.2874054e-05)  
(-0.0000000,-0.00017960441)  (0.0000000,0.00053647283)  (0.0000000,0.00016804767)  (-0.0000000,-4.6182363e-05)  (0.0000000,1.4562887e-05)  (-0.0000000,-0.00019187916)  (0.40840010,0.0000000)  (0.0000000,4.7031335e-06)  (0.0000000,0.00058395176)  (0.0000000,0.00075154023)  (0.0000000,0.00016229985)  
(-0.0000000,-1.6622560e-05)  (-0.0000000,-1.7671323e-05)  (0.0000000,5.4400889e-05)  (0.0000000,0.00010924714)  (0.0000000,0.0025182865)  (-0.0000000,-0.00023902154)  (-0.0000000,-4.7031335e-06)  (0.43101815,0.0000000)  (0.0000000,8.3485911e-05)  (0.0000000,3.4222000e-05)  (0.0000000,-2.8729625e-06)  
(-0.0000000,-6.1740498e-06)  (-0.0000000,-8.8691809e-05)  (-0.0000000,-0.00029015190)  (-0.0000000,-0.00040758975)  (0.0000000,0.00038127851)  (-0.0000000,-0.00015165846)  (-0.0000000,-0.00058395176)  (-0.0000000,-8.3485911e-05)  (0.44910918,0.0000000)  (0.0000000,0.013261557)  (0.0000000,0.014091120)  
(-0.0000000,-4.3535880e-05)  (0.0000000,2.8556427e-07)  (0.0000000,0.00021458091)  (0.0000000,0.00062485038)  (-0.0000000,-0.00038410371)  (0.0000000,0.00025984626)  (-0.0000000,-0.00075154023)  (-0.0000000,-3.4222000e-05)  (-0.0000000,-0.013261557)  (0.45231616,0.0000000)  (0.0000000,-0.010202100)  
(-0.0000000,-5.5819790e-05)  (-0.0000000,-5.5589634e-05)  (-0.0000000,-0.00033157771)  (-0.0000000,-0.00026744683)  (-0.0000000,-0.00012072091)  (0.0000000,8.2874054e-05)  (-0.0000000,-0.00016229985)  (0.0000000,2.8729625e-06)  (-0.0000000,-0.014091120)  (0.0000000,0.010202100)  (0.45471850,0.0000000)  
