(0.0000000,0.0000000)  (0.0000000,-7.9277130e-05)  (0.0000000,0.00010053930)  (0.0000000,-2.9053932e-05)  (0.0000000,-3.7620707e-05)  (0.0000000,-0.00036592865)  (0.0000000,2.0468050e-05)  (0.0000000,6.9924907e-05)  (0.0000000,1.0010398e-05)  (0.0000000,4.3561849e-05)  (0.0000000,-2.6164509e-05)  
(0.0000000,7.9277130e-05)  (0.22476756,0.0000000)  (0.0000000,9.5865961e-05)  (0.0000000,-0.00019886751)  (0.0000000,-0.00014540767)  (0.0000000,9.0621429e-05)  (0.0000000,-0.00022163824)  (0.0000000,0.00048737663)  (0.0000000,-4.4091035e-05)  (0.0000000,-0.00031140171)  (0.0000000,-3.8781964e-05)  
(-0.0000000,-0.00010053930)  (-0.0000000,-9.5865961e-05)  (0.33862556,0.0000000)  (0.0000000,-0.0017752124)  (0.0000000,-0.00080392247)  (0.0000000,-7.5136893e-05)  (0.0000000,-0.00056095830)  (0.0000000,0.00045876256)  (0.0000000,-0.0013628100)  (0.0000000,0.0024967246)  (0.0000000,0.00010007388)  
(0.0000000,2.9053932e-05)  (0.0000000,0.00019886751)  (0.0000000,0.0017752124)  (0.35962552,0.0000000)  (0.0000000,-0.00019774509)  (0.0000000,-0.0090338588)  (0.0000000,0.00025385137)  (0.0000000,-0.00054548108)  (0.0000000,-0.00042167156)  (0.0000000,-0.00095365678)  (0.0000000,0.00037495348)  
(0.0000000,3.7620707e-05)  (0.0000000,0.00014540767)  (0.0000000,0.00080392247)  (0.0000000,0.00019774509)  (0.37091213,0.0000000)  (0.0000000,-0.0047720796)  (0.0000000,-0.00018117685)  (0.0000000,-0.0010827739)  (0.0000000,-0.0010336616)  (0.0000000,-0.00042750059)  (0.0000000,7.7381861e-05)  
(0.0000000,0.00036592865)  (-0.0000000,-9.0621429e-05)  (0.0000000,7.5136893e-05)  (0.0000000,0.0090338588)  (0.0000000,0.0047720796)  (0.37682610,0.0000000)  (0.0000000,-0.00032083433)  (0.0000000,8.3301131e-05)  (0.0000000,0.00014346326)  (0.0000000,-0.00028841466)  (0.0000000,-0.00019642130)  
(-0.0000000,-2.0468050e-05)  (0.0000000,0.00022163824)  (0.0000000,0.00056095830)  (-0.0000000,-0.00025385137)  (0.0000000,0.00018117685)  (0.0000000,0.00032083433)  (0.42464647,0.0000000)  (0.0000000,-0.0080961418)  (0.0000000,0.0072598061)  (0.0000000,-0.0042623912)  (0.0000000,-0.0016229711)  
(-0.0000000,-6.9924907e-05)  (-0.0000000,-0.00048737663)  (-0.0000000,-0.00045876256)  (0.0000000,0.00054548108)  (0.0000000,0.0010827739)  (-0.0000000,-8.3301131e-05)  (0.0000000,0.0080961418)  (0.42918820,0.0000000)  (0.0000000,0.0047550494)  (0.0000000,0.0071227778)  (0.0000000,-0.00048956232)  
(-0.0000000,-1.0010398e-05)  (0.0000000,4.4091035e-05)  (0.0000000,0.0013628100)  (0.0000000,0.00042167156)  (0.0000000,0.0010336616)  (-0.0000000,-0.00014346326)  (-0.0000000,-0.0072598061)  (-0.0000000,-0.0047550494)  (0.43485925,0.0000000)  (0.0000000,0.0070168634)  (0.0000000,0.00037735156)  
(-0.0000000,-4.3561849e-05)  (0.0000000,0.00031140171)  (-0.0000000,-0.0024967246)  (0.0000000,0.00095365678)  (0.0000000,0.00042750059)  (0.0000000,0.00028841466)  (0.0000000,0.0042623912)  (-0.0000000,-0.0071227778)  (-0.0000000,-0.0070168634)  (0.43863456,0.0000000)  (0.0000000,0.0042654773)  
(0.0000000,2.6164509e-05)  (0.0000000,3.8781964e-05)  (-0.0000000,-0.00010007388)  (-0.0000000,-0.00037495348)  (-0.0000000,-7.7381861e-05)  (0.0000000,0.00019642130)  (0.0000000,0.0016229711)  (0.0000000,0.00048956232)  (-0.0000000,-0.00037735156)  (-0.0000000,-0.0042654773)  (0.44884955,0.0000000)  
