(0.0000000,0.0000000)  (0.0000000,-0.00010377593)  (0.0000000,-3.1826107e-05)  (0.0000000,-0.00030383383)  (0.0000000,-8.6159594e-05)  (0.0000000,0.00040870897)  (0.0000000,0.00024335508)  (0.0000000,-0.00016240865)  (0.0000000,1.5893307e-06)  (0.0000000,1.8764331e-06)  (0.0000000,3.7298382e-05)  
(0.0000000,0.00010377593)  (0.21254548,0.0000000)  (0.0000000,-0.00027009968)  (0.0000000,-0.00036809304)  (0.0000000,-9.4983205e-05)  (0.0000000,6.0725589e-05)  (0.0000000,-0.00013091675)  (0.0000000,0.00058951132)  (0.0000000,-0.00016935383)  (0.0000000,-3.4655448e-06)  (0.0000000,-0.00010292405)  
(0.0000000,3.1826107e-05)  (0.0000000,0.00027009968)  (0.34994212,0.0000000)  (0.0000000,0.0026882588)  (0.0000000,0.00061895135)  (0.0000000,-0.00056560389)  (0.0000000,-0.00075710424)  (0.0000000,0.00045337414)  (0.0000000,0.00010230540)  (0.0000000,0.00036542445)  (0.0000000,0.00031161665)  
(0.0000000,0.00030383383)  (0.0000000,0.00036809304)  (-0.0000000,-0.0026882588)  (0.37116993,0.0000000)  (0.0000000,-0.00026921029)  (0.0000000,0.0041073928)  (0.0000000,0.0019098647)  (0.0000000,-7.4126801e-06)  (0.0000000,1.9680426e-05)  (0.0000000,0.00027665770)  (0.0000000,4.8297348e-05)  
(0.0000000,8.6159594e-05)  (0.0000000,9.4983205e-05)  (-0.0000000,-0.00061895135)  (0.0000000,0.00026921029)  (0.38854195,0.0000000)  (0.0000000,0.00071772683)  (0.0000000,0.0017272385)  (0.0000000,0.00077118221)  (0.0000000,0.00015844200)  (0.0000000,0.00017886534)  (0.0000000,5.5756115e-05)  
(-0.0000000,-0.00040870897)  (-0.0000000,-6.0725589e-05)  (0.0000000,0.00056560389)  (-0.0000000,-0.0041073928)  (-0.0000000,-0.00071772683)  (0.40414924,0.0000000)  (0.0000000,-0.023104429)  (0.0000000,0.00064443529)  (0.0000000,-0.0023015582)  (0.0000000,0.00013788258)  (0.0000000,0.00074698436)  
(-0.0000000,-0.00024335508)  (0.0000000,0.00013091675)  (0.0000000,0.00075710424)  (-0.0000000,-0.0019098647)  (-0.0000000,-0.0017272385)  (0.0000000,0.023104429)  (0.40785546,0.0000000)  (0.0000000,-0.0014720429)  (0.0000000,-0.0019504431)  (0.0000000,-0.00026531562)  (0.0000000,0.00017164779)  
(0.0000000,0.00016240865)  (-0.0000000,-0.00058951132)  (-0.0000000,-0.00045337414)  (0.0000000,7.4126801e-06)  (-0.0000000,-0.00077118221)  (-0.0000000,-0.00064443529)  (0.0000000,0.0014720429)  (0.41974018,0.0000000)  (0.0000000,-0.0054790278)  (0.0000000,-0.00090555935)  (0.0000000,0.0013859489)  
(-0.0000000,-1.5893307e-06)  (0.0000000,0.00016935383)  (-0.0000000,-0.00010230540)  (-0.0000000,-1.9680426e-05)  (-0.0000000,-0.00015844200)  (0.0000000,0.0023015582)  (0.0000000,0.0019504431)  (0.0000000,0.0054790278)  (0.44875308,0.0000000)  (0.0000000,-7.9653370e-05)  (0.0000000,0.00074768011)  
(-0.0000000,-1.8764331e-06)  (0.0000000,3.4655448e-06)  (-0.0000000,-0.00036542445)  (-0.0000000,-0.00027665770)  (-0.0000000,-0.00017886534)  (-0.0000000,-0.00013788258)  (0.0000000,0.00026531562)  (0.0000000,0.00090555935)  (0.0000000,7.9653370e-05)  (0.45468046,0.0000000)  (0.0000000,6.0615223e-05)  
(-0.0000000,-3.7298382e-05)  (0.0000000,0.00010292405)  (-0.0000000,-0.00031161665)  (-0.0000000,-4.8297348e-05)  (-0.0000000,-5.5756115e-05)  (-0.0000000,-0.00074698436)  (-0.0000000,-0.00017164779)  (-0.0000000,-0.0013859489)  (-0.0000000,-0.00074768011)  (-0.0000000,-6.0615223e-05)  (0.45745452,0.0000000)  
