(0.0000000,0.0000000)  (0.0000000,-7.5559737e-05)  (0.0000000,0.00014143208)  (0.0000000,-0.0011024981)  (0.0000000,0.00018060587)  (0.0000000,-0.00010591734)  (0.0000000,0.00065213736)  (0.0000000,0.00033981054)  (0.0000000,-0.00014331980)  (0.0000000,-0.00023837614)  (0.0000000,0.00044452695)  
(0.0000000,7.5559737e-05)  (0.20416431,0.0000000)  (0.0000000,0.00066530432)  (0.0000000,0.00025878548)  (0.0000000,0.00010042980)  (0.0000000,1.7567065e-05)  (0.0000000,1.1294827e-05)  (0.0000000,-0.00011529909)  (0.0000000,6.6225075e-05)  (0.0000000,-0.00011026396)  (0.0000000,0.00014176074)  
(-0.0000000,-0.00014143208)  (-0.0000000,-0.00066530432)  (0.35934787,0.0000000)  (0.0000000,0.00032498719)  (0.0000000,-0.0010733990)  (0.0000000,-0.00011547992)  (0.0000000,0.0010425028)  (0.0000000,-0.0017805111)  (0.0000000,0.00066770327)  (0.0000000,0.00092431108)  (0.0000000,-0.0012042942)  
(0.0000000,0.0011024981)  (-0.0000000,-0.00025878548)  (-0.0000000,-0.00032498719)  (0.39405002,0.0000000)  (0.0000000,-0.0028508587)  (0.0000000,0.00034219769)  (0.0000000,0.00027879978)  (0.0000000,0.0044341007)  (0.0000000,-0.0045068782)  (0.0000000,-2.4399482e-05)  (0.0000000,0.00016949600)  
(-0.0000000,-0.00018060587)  (-0.0000000,-0.00010042980)  (0.0000000,0.0010733990)  (0.0000000,0.0028508587)  (0.39794550,0.0000000)  (0.0000000,0.00034400047)  (0.0000000,0.00022618733)  (0.0000000,-0.00038433051)  (0.0000000,0.0014959685)  (0.0000000,-0.00022411442)  (0.0000000,8.1350582e-06)  
(0.0000000,0.00010591734)  (-0.0000000,-1.7567065e-05)  (0.0000000,0.00011547992)  (-0.0000000,-0.00034219769)  (-0.0000000,-0.00034400047)  (0.42276910,0.0000000)  (0.0000000,-0.00056463275)  (0.0000000,0.0029380890)  (0.0000000,0.0032061633)  (0.0000000,0.00068797814)  (0.0000000,-0.00067306549)  
(-0.0000000,-0.00065213736)  (-0.0000000,-1.1294827e-05)  (-0.0000000,-0.0010425028)  (-0.0000000,-0.00027879978)  (-0.0000000,-0.00022618733)  (0.0000000,0.00056463275)  (0.42691595,0.0000000)  (0.0000000,0.0057104178)  (0.0000000,-0.0044112575)  (0.0000000,-0.0011601346)  (0.0000000,0.0010720462)  
(-0.0000000,-0.00033981054)  (0.0000000,0.00011529909)  (0.0000000,0.0017805111)  (-0.0000000,-0.0044341007)  (0.0000000,0.00038433051)  (-0.0000000,-0.0029380890)  (-0.0000000,-0.0057104178)  (0.43038753,0.0000000)  (0.0000000,-0.0013038435)  (0.0000000,0.00090679885)  (0.0000000,0.0018594719)  
(0.0000000,0.00014331980)  (-0.0000000,-6.6225075e-05)  (-0.0000000,-0.00066770327)  (0.0000000,0.0045068782)  (-0.0000000,-0.0014959685)  (-0.0000000,-0.0032061633)  (0.0000000,0.0044112575)  (0.0000000,0.0013038435)  (0.43808441,0.0000000)  (0.0000000,0.0026010490)  (0.0000000,0.0010248574)  
(0.0000000,0.00023837614)  (0.0000000,0.00011026396)  (-0.0000000,-0.00092431108)  (0.0000000,2.4399482e-05)  (0.0000000,0.00022411442)  (-0.0000000,-0.00068797814)  (0.0000000,0.0011601346)  (-0.0000000,-0.00090679885)  (-0.0000000,-0.0026010490)  (0.45780475,0.0000000)  (0.0000000,0.00081512102)  
(-0.0000000,-0.00044452695)  (-0.0000000,-0.00014176074)  (0.0000000,0.0012042942)  (-0.0000000,-0.00016949600)  (-0.0000000,-8.1350582e-06)  (0.0000000,0.00067306549)  (-0.0000000,-0.0010720462)  (-0.0000000,-0.0018594719)  (-0.0000000,-0.0010248574)  (-0.0000000,-0.00081512102)  (0.46250634,0.0000000)  
