(0.0000000,0.0000000)  (0.0000000,-0.00014052359)  (0.0000000,-1.6912778e-05)  (0.0000000,-0.00039198676)  (0.0000000,4.2916372e-06)  (0.0000000,-0.00019527439)  (0.0000000,6.0171746e-05)  (0.0000000,4.8496652e-05)  (0.0000000,0.00021065214)  (0.0000000,2.4588369e-06)  (0.0000000,-0.00022079995)  
(0.0000000,0.00014052359)  (0.15914759,0.0000000)  (0.0000000,-0.00067404507)  (0.0000000,-9.3348233e-05)  (0.0000000,-0.00092343844)  (0.0000000,0.00049216718)  (0.0000000,0.00016566484)  (0.0000000,0.00023332622)  (0.0000000,5.0991925e-05)  (0.0000000,1.5249713e-05)  (0.0000000,-4.2729900e-05)  
(0.0000000,1.6912778e-05)  (0.0000000,0.00067404507)  (0.28528353,0.0000000)  (0.0000000,3.5761115e-06)  (0.0000000,-0.0049371910)  (0.0000000,-0.0061826275)  (0.0000000,-0.0045335728)  (0.0000000,-4.5991628e-05)  (0.0000000,1.0470568e-05)  (0.0000000,-0.00013394407)  (0.0000000,-2.6693298e-06)  
(0.0000000,0.00039198676)  (0.0000000,9.3348233e-05)  (-0.0000000,-3.5761115e-06)  (0.29230330,0.0000000)  (0.0000000,-3.6353544e-05)  (0.0000000,-0.00037300056)  (0.0000000,0.00029953154)  (0.0000000,0.00013290158)  (0.0000000,-0.0010651504)  (0.0000000,-0.00012093825)  (0.0000000,-0.00075170638)  
(-0.0000000,-4.2916372e-06)  (0.0000000,0.00092343844)  (0.0000000,0.0049371910)  (0.0000000,3.6353544e-05)  (0.34113631,0.0000000)  (0.0000000,0.0018171713)  (0.0000000,0.00051626445)  (0.0000000,-0.0021788429)  (0.0000000,6.6513151e-06)  (0.0000000,-0.00010305342)  (0.0000000,-0.00031352016)  
(0.0000000,0.00019527439)  (-0.0000000,-0.00049216718)  (0.0000000,0.0061826275)  (0.0000000,0.00037300056)  (-0.0000000,-0.0018171713)  (0.35494579,0.0000000)  (0.0000000,0.00056793019)  (0.0000000,0.0014869857)  (0.0000000,0.00049005274)  (0.0000000,-0.0016044915)  (0.0000000,-0.0036107226)  
(-0.0000000,-6.0171746e-05)  (-0.0000000,-0.00016566484)  (0.0000000,0.0045335728)  (-0.0000000,-0.00029953154)  (-0.0000000,-0.00051626445)  (-0.0000000,-0.00056793019)  (0.38073665,0.0000000)  (0.0000000,0.020913334)  (0.0000000,0.00089649009)  (0.0000000,-0.00049026048)  (0.0000000,-0.00092684634)  
(-0.0000000,-4.8496652e-05)  (-0.0000000,-0.00023332622)  (0.0000000,4.5991628e-05)  (-0.0000000,-0.00013290158)  (0.0000000,0.0021788429)  (-0.0000000,-0.0014869857)  (-0.0000000,-0.020913334)  (0.38992136,0.0000000)  (0.0000000,0.00036829764)  (0.0000000,-0.00052751441)  (0.0000000,-0.00010546707)  
(-0.0000000,-0.00021065214)  (-0.0000000,-5.0991925e-05)  (-0.0000000,-1.0470568e-05)  (0.0000000,0.0010651504)  (-0.0000000,-6.6513151e-06)  (-0.0000000,-0.00049005274)  (-0.0000000,-0.00089649009)  (-0.0000000,-0.00036829764)  (0.39615799,0.0000000)  (0.0000000,-0.00013886931)  (0.0000000,-8.7510040e-05)  
(-0.0000000,-2.4588369e-06)  (-0.0000000,-1.5249713e-05)  (0.0000000,0.00013394407)  (0.0000000,0.00012093825)  (0.0000000,0.00010305342)  (0.0000000,0.0016044915)  (0.0000000,0.00049026048)  (0.0000000,0.00052751441)  (0.0000000,0.00013886931)  (0.42693267,0.0000000)  (0.0000000,-3.9147297e-05)  
(0.0000000,0.00022079995)  (0.0000000,4.2729900e-05)  (0.0000000,2.6693298e-06)  (0.0000000,0.00075170638)  (0.0000000,0.00031352016)  (0.0000000,0.0036107226)  (0.0000000,0.00092684634)  (0.0000000,0.00010546707)  (0.0000000,8.7510040e-05)  (0.0000000,3.9147297e-05)  (0.44077671,0.0000000)  
