(0.0000000,0.0000000)  (0.0000000,-9.9277484e-05)  (0.0000000,-1.7229203e-05)  (0.0000000,-0.00010153217)  (0.0000000,0.00034984124)  (0.0000000,5.6769648e-05)  (0.0000000,-5.4711145e-05)  (0.0000000,-5.5547322e-05)  (0.0000000,9.6431159e-06)  (0.0000000,-4.9834829e-05)  (0.0000000,1.9374118e-05)  
(0.0000000,9.9277484e-05)  (0.23520304,0.0000000)  (0.0000000,-5.0371324e-05)  (0.0000000,0.00010940593)  (0.0000000,-0.00010036406)  (0.0000000,0.00016405311)  (0.0000000,7.5610462e-05)  (0.0000000,-0.00012589400)  (0.0000000,7.9335085e-06)  (0.0000000,9.4043718e-05)  (0.0000000,-1.2342679e-05)  
(0.0000000,1.7229203e-05)  (0.0000000,5.0371324e-05)  (0.33430763,0.0000000)  (0.0000000,1.7929692e-06)  (0.0000000,0.00017358692)  (0.0000000,-0.00016533463)  (0.0000000,7.5427701e-05)  (0.0000000,-0.00022410620)  (0.0000000,1.9786220e-05)  (0.0000000,-0.00052414012)  (0.0000000,0.00017673750)  
(0.0000000,0.00010153217)  (-0.0000000,-0.00010940593)  (-0.0000000,-1.7929692e-06)  (0.36033571,0.0000000)  (0.0000000,0.0011742635)  (0.0000000,-0.00071524643)  (0.0000000,0.00046270288)  (0.0000000,8.2922497e-05)  (0.0000000,2.0698619e-05)  (0.0000000,0.00027350197)  (0.0000000,-0.00012362205)  
(-0.0000000,-0.00034984124)  (0.0000000,0.00010036406)  (-0.0000000,-0.00017358692)  (-0.0000000,-0.0011742635)  (0.37083367,0.0000000)  (0.0000000,-0.00072617765)  (0.0000000,-0.00021423101)  (0.0000000,-9.9928675e-05)  (0.0000000,-3.0314667e-05)  (0.0000000,-0.00057590563)  (0.0000000,0.00012709219)  
(-0.0000000,-5.6769648e-05)  (-0.0000000,-0.00016405311)  (0.0000000,0.00016533463)  (0.0000000,0.00071524643)  (0.0000000,0.00072617765)  (0.38218790,0.0000000)  (0.0000000,-0.00046129641)  (0.0000000,0.00060929713)  (0.0000000,-8.5639180e-05)  (0.0000000,6.1369980e-05)  (0.0000000,-0.00014291014)  
(0.0000000,5.4711145e-05)  (-0.0000000,-7.5610462e-05)  (-0.0000000,-7.5427701e-05)  (-0.0000000,-0.00046270288)  (0.0000000,0.00021423101)  (0.0000000,0.00046129641)  (0.42474790,0.0000000)  (0.0000000,0.0020485460)  (0.0000000,-0.00030438140)  (0.0000000,0.00012857814)  (0.0000000,-8.4581978e-06)  
(0.0000000,5.5547322e-05)  (0.0000000,0.00012589400)  (0.0000000,0.00022410620)  (-0.0000000,-8.2922497e-05)  (0.0000000,9.9928675e-05)  (-0.0000000,-0.00060929713)  (-0.0000000,-0.0020485460)  (0.43759160,0.0000000)  (0.0000000,7.0432680e-05)  (0.0000000,-0.00047022975)  (0.0000000,0.00083761349)  
(-0.0000000,-9.6431159e-06)  (-0.0000000,-7.9335085e-06)  (-0.0000000,-1.9786220e-05)  (-0.0000000,-2.0698619e-05)  (0.0000000,3.0314667e-05)  (0.0000000,8.5639180e-05)  (0.0000000,0.00030438140)  (-0.0000000,-7.0432680e-05)  (0.44339679,0.0000000)  (0.0000000,0.0014645188)  (0.0000000,0.0045538361)  
(0.0000000,4.9834829e-05)  (-0.0000000,-9.4043718e-05)  (0.0000000,0.00052414012)  (-0.0000000,-0.00027350197)  (0.0000000,0.00057590563)  (-0.0000000,-6.1369980e-05)  (-0.0000000,-0.00012857814)  (0.0000000,0.00047022975)  (-0.0000000,-0.0014645188)  (0.44885947,0.0000000)  (0.0000000,-0.00025134594)  
(-0.0000000,-1.9374118e-05)  (0.0000000,1.2342679e-05)  (-0.0000000,-0.00017673750)  (0.0000000,0.00012362205)  (-0.0000000,-0.00012709219)  (0.0000000,0.00014291014)  (0.0000000,8.4581978e-06)  (-0.0000000,-0.00083761349)  (-0.0000000,-0.0045538361)  (0.0000000,0.00025134594)  (0.45043402,0.0000000)  
