(0.0000000,0.0000000)  (0.0000000,9.6094682e-06)  (0.0000000,-7.1761292e-05)  (0.0000000,1.9666394e-05)  (0.0000000,-4.3801516e-05)  (0.0000000,-0.00046935484)  (0.0000000,4.8516164e-05)  (0.0000000,4.0303518e-05)  (0.0000000,7.9311536e-06)  (0.0000000,5.6889331e-05)  (0.0000000,9.4923816e-05)  
(-0.0000000,-9.6094682e-06)  (0.20564643,0.0000000)  (0.0000000,9.7873119e-05)  (0.0000000,-0.00029957807)  (0.0000000,4.5860072e-05)  (0.0000000,7.1069830e-06)  (0.0000000,7.1624159e-05)  (0.0000000,6.5096641e-05)  (0.0000000,0.00044716003)  (0.0000000,1.5664728e-05)  (0.0000000,-1.0791546e-05)  
(0.0000000,7.1761292e-05)  (-0.0000000,-9.7873119e-05)  (0.35386369,0.0000000)  (0.0000000,-0.00023065783)  (0.0000000,-6.9508655e-07)  (0.0000000,-4.5704660e-05)  (0.0000000,-0.00055097872)  (0.0000000,0.00023155433)  (0.0000000,-0.0025322088)  (0.0000000,-8.1448925e-05)  (0.0000000,-0.00035191528)  
(-0.0000000,-1.9666394e-05)  (0.0000000,0.00029957807)  (0.0000000,0.00023065783)  (0.39734703,0.0000000)  (0.0000000,-0.00015111857)  (0.0000000,-0.00034627606)  (0.0000000,0.00053684026)  (0.0000000,0.00059332149)  (0.0000000,0.0017410009)  (0.0000000,-0.00062384299)  (0.0000000,-0.00045774300)  
(0.0000000,4.3801516e-05)  (-0.0000000,-4.5860072e-05)  (0.0000000,6.9508655e-07)  (0.0000000,0.00015111857)  (0.40141340,0.0000000)  (0.0000000,-0.0025876080)  (0.0000000,0.0031671497)  (0.0000000,-0.0054337620)  (0.0000000,-0.00092090548)  (0.0000000,-0.0016620474)  (0.0000000,-0.00073216915)  
(0.0000000,0.00046935484)  (-0.0000000,-7.1069830e-06)  (0.0000000,4.5704660e-05)  (0.0000000,0.00034627606)  (0.0000000,0.0025876080)  (0.42489306,0.0000000)  (0.0000000,-0.0046064839)  (0.0000000,-0.0045686634)  (0.0000000,0.0019241540)  (0.0000000,0.0032480810)  (0.0000000,-0.0011614811)  
(-0.0000000,-4.8516164e-05)  (-0.0000000,-7.1624159e-05)  (0.0000000,0.00055097872)  (-0.0000000,-0.00053684026)  (-0.0000000,-0.0031671497)  (0.0000000,0.0046064839)  (0.42971335,0.0000000)  (0.0000000,0.015289686)  (0.0000000,0.0026731814)  (0.0000000,-0.0097570710)  (0.0000000,-0.0029063871)  
(-0.0000000,-4.0303518e-05)  (-0.0000000,-6.5096641e-05)  (-0.0000000,-0.00023155433)  (-0.0000000,-0.00059332149)  (0.0000000,0.0054337620)  (0.0000000,0.0045686634)  (-0.0000000,-0.015289686)  (0.43335636,0.0000000)  (0.0000000,0.0052145940)  (0.0000000,0.0020455640)  (0.0000000,-0.0080475243)  
(-0.0000000,-7.9311536e-06)  (-0.0000000,-0.00044716003)  (0.0000000,0.0025322088)  (-0.0000000,-0.0017410009)  (0.0000000,0.00092090548)  (-0.0000000,-0.0019241540)  (-0.0000000,-0.0026731814)  (-0.0000000,-0.0052145940)  (0.43680295,0.0000000)  (0.0000000,0.00068984408)  (0.0000000,0.0032279351)  
(-0.0000000,-5.6889331e-05)  (-0.0000000,-1.5664728e-05)  (0.0000000,8.1448925e-05)  (0.0000000,0.00062384299)  (0.0000000,0.0016620474)  (-0.0000000,-0.0032480810)  (0.0000000,0.0097570710)  (-0.0000000,-0.0020455640)  (-0.0000000,-0.00068984408)  (0.45115927,0.0000000)  (0.0000000,0.0057513612)  
(-0.0000000,-9.4923816e-05)  (0.0000000,1.0791546e-05)  (0.0000000,0.00035191528)  (0.0000000,0.00045774300)  (0.0000000,0.00073216915)  (0.0000000,0.0011614811)  (0.0000000,0.0029063871)  (0.0000000,0.0080475243)  (-0.0000000,-0.0032279351)  (-0.0000000,-0.0057513612)  (0.46139300,0.0000000)  
