(0.0000000,0.0000000)  (0.0000000,1.7522535e-05)  (0.0000000,1.0654954e-05)  (0.0000000,-0.00014346713)  (0.0000000,-0.00090650374)  (0.0000000,-5.7358621e-05)  (0.0000000,-0.00012522040)  (0.0000000,1.7021447e-05)  (0.0000000,-0.00042585376)  (0.0000000,0.00057777182)  (0.0000000,-0.00016309780)  
(-0.0000000,-1.7522535e-05)  (0.22666238,0.0000000)  (0.0000000,-0.00026677591)  (0.0000000,5.0814310e-07)  (0.0000000,-0.00069561785)  (0.0000000,-9.9027083e-05)  (0.0000000,6.2251220e-05)  (0.0000000,-2.7089231e-05)  (0.0000000,7.5772191e-05)  (0.0000000,0.00016104230)  (0.0000000,0.00024361590)  
(-0.0000000,-1.0654954e-05)  (0.0000000,0.00026677591)  (0.33068189,0.0000000)  (0.0000000,0.00027152077)  (0.0000000,0.0068282000)  (0.0000000,-0.00021327241)  (0.0000000,0.00033955832)  (0.0000000,0.00098275790)  (0.0000000,-0.00034668829)  (0.0000000,-0.00039669491)  (0.0000000,-0.00018141801)  
(0.0000000,0.00014346713)  (-0.0000000,-5.0814310e-07)  (-0.0000000,-0.00027152077)  (0.33943975,0.0000000)  (0.0000000,-0.0036055212)  (0.0000000,-0.0015040573)  (0.0000000,0.0016528952)  (0.0000000,0.0015112964)  (0.0000000,0.00015869381)  (0.0000000,0.00021869968)  (0.0000000,5.9117530e-05)  
(0.0000000,0.00090650374)  (0.0000000,0.00069561785)  (-0.0000000,-0.0068282000)  (0.0000000,0.0036055212)  (0.34466686,0.0000000)  (0.0000000,-0.0015563328)  (0.0000000,0.00036462685)  (0.0000000,-0.00056958496)  (0.0000000,0.0015836749)  (0.0000000,0.00038672254)  (0.0000000,4.7619196e-05)  
(0.0000000,5.7358621e-05)  (0.0000000,9.9027083e-05)  (0.0000000,0.00021327241)  (0.0000000,0.0015040573)  (0.0000000,0.0015563328)  (0.35280677,0.0000000)  (0.0000000,-0.00040382130)  (0.0000000,0.0043605992)  (0.0000000,0.00020689755)  (0.0000000,-0.00015864028)  (0.0000000,-2.6965850e-05)  
(0.0000000,0.00012522040)  (-0.0000000,-6.2251220e-05)  (-0.0000000,-0.00033955832)  (-0.0000000,-0.0016528952)  (-0.0000000,-0.00036462685)  (0.0000000,0.00040382130)  (0.39553820,0.0000000)  (0.0000000,0.018579420)  (0.0000000,0.00048642308)  (0.0000000,-8.4123976e-05)  (0.0000000,-4.8423669e-05)  
(-0.0000000,-1.7021447e-05)  (0.0000000,2.7089231e-05)  (-0.0000000,-0.00098275790)  (-0.0000000,-0.0015112964)  (0.0000000,0.00056958496)  (-0.0000000,-0.0043605992)  (-0.0000000,-0.018579420)  (0.40187994,0.0000000)  (0.0000000,0.0021392162)  (0.0000000,0.00036561216)  (0.0000000,-0.00062733712)  
(0.0000000,0.00042585376)  (-0.0000000,-7.5772191e-05)  (0.0000000,0.00034668829)  (-0.0000000,-0.00015869381)  (-0.0000000,-0.0015836749)  (-0.0000000,-0.00020689755)  (-0.0000000,-0.00048642308)  (-0.0000000,-0.0021392162)  (0.42084580,0.0000000)  (0.0000000,-0.0011509842)  (0.0000000,-0.00010619708)  
(-0.0000000,-0.00057777182)  (-0.0000000,-0.00016104230)  (0.0000000,0.00039669491)  (-0.0000000,-0.00021869968)  (-0.0000000,-0.00038672254)  (0.0000000,0.00015864028)  (0.0000000,8.4123976e-05)  (-0.0000000,-0.00036561216)  (0.0000000,0.0011509842)  (0.43866194,0.0000000)  (0.0000000,-0.0020832296)  
(0.0000000,0.00016309780)  (-0.0000000,-0.00024361590)  (0.0000000,0.00018141801)  (-0.0000000,-5.9117530e-05)  (-0.0000000,-4.7619196e-05)  (0.0000000,2.6965850e-05)  (0.0000000,4.8423669e-05)  (0.0000000,0.00062733712)  (0.0000000,0.00010619708)  (0.0000000,0.0020832296)  (0.44459979,0.0000000)  
