(0.0000000,0.0000000)  (0.0000000,8.9389732e-06)  (0.0000000,2.0954745e-05)  (0.0000000,4.0524104e-06)  (0.0000000,-8.6395987e-06)  (0.0000000,-8.0132692e-05)  (0.0000000,6.3626444e-05)  (0.0000000,0.00021635902)  (0.0000000,-1.6712638e-06)  (0.0000000,-0.00014566598)  (0.0000000,1.1121470e-05)  
(-0.0000000,-8.9389732e-06)  (0.20775164,0.0000000)  (0.0000000,4.0506332e-06)  (0.0000000,-6.1212608e-07)  (0.0000000,0.00021220801)  (0.0000000,9.3130987e-05)  (0.0000000,-7.1893506e-05)  (0.0000000,-1.2163688e-05)  (0.0000000,0.00031355915)  (0.0000000,-0.00011964392)  (0.0000000,1.1507914e-06)  
(-0.0000000,-2.0954745e-05)  (-0.0000000,-4.0506332e-06)  (0.35884532,0.0000000)  (0.0000000,6.4877302e-05)  (0.0000000,0.0020463205)  (0.0000000,0.00065344381)  (0.0000000,-0.0010846323)  (0.0000000,0.00032629879)  (0.0000000,-7.7481538e-05)  (0.0000000,7.2216841e-05)  (0.0000000,2.6123642e-05)  
(-0.0000000,-4.0524104e-06)  (0.0000000,6.1212608e-07)  (-0.0000000,-6.4877302e-05)  (0.39203135,0.0000000)  (0.0000000,-0.00033666516)  (0.0000000,-0.00016721700)  (0.0000000,-0.0019677071)  (0.0000000,0.0016979516)  (0.0000000,0.00031805442)  (0.0000000,0.00085657242)  (0.0000000,-8.9878035e-06)  
(0.0000000,8.6395987e-06)  (-0.0000000,-0.00021220801)  (-0.0000000,-0.0020463205)  (0.0000000,0.00033666516)  (0.40331079,0.0000000)  (0.0000000,0.0026560428)  (0.0000000,0.00064915769)  (0.0000000,0.00082647662)  (0.0000000,1.4452697e-05)  (0.0000000,-0.00011020041)  (0.0000000,-2.6591593e-05)  
(0.0000000,8.0132692e-05)  (-0.0000000,-9.3130987e-05)  (-0.0000000,-0.00065344381)  (0.0000000,0.00016721700)  (-0.0000000,-0.0026560428)  (0.41006303,0.0000000)  (0.0000000,0.0029945121)  (0.0000000,-0.0014705760)  (0.0000000,0.00048208400)  (0.0000000,0.00014228150)  (0.0000000,-9.9471593e-06)  
(-0.0000000,-6.3626444e-05)  (0.0000000,7.1893506e-05)  (0.0000000,0.0010846323)  (0.0000000,0.0019677071)  (-0.0000000,-0.00064915769)  (-0.0000000,-0.0029945121)  (0.42181122,0.0000000)  (0.0000000,-0.0025301921)  (0.0000000,0.0013918998)  (0.0000000,-0.0013237078)  (0.0000000,0.00014014244)  
(-0.0000000,-0.00021635902)  (0.0000000,1.2163688e-05)  (-0.0000000,-0.00032629879)  (-0.0000000,-0.0016979516)  (-0.0000000,-0.00082647662)  (0.0000000,0.0014705760)  (0.0000000,0.0025301921)  (0.42405829,0.0000000)  (0.0000000,-0.0026763718)  (0.0000000,0.00060803147)  (0.0000000,0.00018513695)  
(0.0000000,1.6712638e-06)  (-0.0000000,-0.00031355915)  (0.0000000,7.7481538e-05)  (-0.0000000,-0.00031805442)  (-0.0000000,-1.4452697e-05)  (-0.0000000,-0.00048208400)  (-0.0000000,-0.0013918998)  (0.0000000,0.0026763718)  (0.43326412,0.0000000)  (0.0000000,0.0024748292)  (0.0000000,-1.4893348e-05)  
(0.0000000,0.00014566598)  (0.0000000,0.00011964392)  (-0.0000000,-7.2216841e-05)  (-0.0000000,-0.00085657242)  (0.0000000,0.00011020041)  (-0.0000000,-0.00014228150)  (0.0000000,0.0013237078)  (-0.0000000,-0.00060803147)  (-0.0000000,-0.0024748292)  (0.43717026,0.0000000)  (0.0000000,-0.00013678137)  
(-0.0000000,-1.1121470e-05)  (-0.0000000,-1.1507914e-06)  (-0.0000000,-2.6123642e-05)  (0.0000000,8.9878035e-06)  (0.0000000,2.6591593e-05)  (0.0000000,9.9471593e-06)  (-0.0000000,-0.00014014244)  (-0.0000000,-0.00018513695)  (0.0000000,1.4893348e-05)  (0.0000000,0.00013678137)  (0.45363144,0.0000000)  
