(0.0000000,0.0000000)  (0.0000000,2.3449184e-05)  (0.0000000,-9.5032553e-06)  (0.0000000,1.1817180e-05)  (0.0000000,6.5377783e-05)  (0.0000000,-0.00014533308)  (0.0000000,-7.9369961e-05)  (0.0000000,2.0180498e-05)  (0.0000000,-3.1891019e-05)  (0.0000000,0.00012840929)  (0.0000000,0.00022177643)  
(-0.0000000,-2.3449184e-05)  (0.21275238,0.0000000)  (0.0000000,-3.4035993e-05)  (0.0000000,-6.4105508e-05)  (0.0000000,5.9901809e-05)  (0.0000000,-1.9238530e-05)  (0.0000000,0.00034102582)  (0.0000000,-2.1530705e-05)  (0.0000000,4.7302309e-05)  (0.0000000,-1.8359828e-05)  (0.0000000,4.9186840e-07)  
(0.0000000,9.5032553e-06)  (0.0000000,3.4035993e-05)  (0.33158226,0.0000000)  (0.0000000,-0.0010175918)  (0.0000000,0.00043026563)  (0.0000000,0.00013110382)  (0.0000000,-0.0026589348)  (0.0000000,0.00040804514)  (0.0000000,0.00011100966)  (0.0000000,9.2903760e-05)  (0.0000000,-6.4174920e-06)  
(-0.0000000,-1.1817180e-05)  (0.0000000,6.4105508e-05)  (0.0000000,0.0010175918)  (0.36628827,0.0000000)  (0.0000000,0.0012855713)  (0.0000000,0.0011581083)  (0.0000000,0.0010237174)  (0.0000000,0.00013514205)  (0.0000000,-5.9790610e-05)  (0.0000000,0.00094053776)  (0.0000000,-0.00038055958)  
(-0.0000000,-6.5377783e-05)  (-0.0000000,-5.9901809e-05)  (-0.0000000,-0.00043026563)  (-0.0000000,-0.0012855713)  (0.38078112,0.0000000)  (0.0000000,-0.019395767)  (0.0000000,0.00044070908)  (0.0000000,0.00046244784)  (0.0000000,-4.1140960e-05)  (0.0000000,-0.0019687765)  (0.0000000,-0.0013784604)  
(0.0000000,0.00014533308)  (0.0000000,1.9238530e-05)  (-0.0000000,-0.00013110382)  (-0.0000000,-0.0011581083)  (0.0000000,0.019395767)  (0.39214527,0.0000000)  (0.0000000,0.0014052028)  (0.0000000,-0.00019279641)  (0.0000000,-8.6580384e-05)  (0.0000000,-0.00088505051)  (0.0000000,0.00035730933)  
(0.0000000,7.9369961e-05)  (-0.0000000,-0.00034102582)  (0.0000000,0.0026589348)  (-0.0000000,-0.0010237174)  (-0.0000000,-0.00044070908)  (-0.0000000,-0.0014052028)  (0.40881592,0.0000000)  (0.0000000,-0.0013636128)  (0.0000000,0.0023598851)  (0.0000000,0.00023708350)  (0.0000000,0.00047441934)  
(-0.0000000,-2.0180498e-05)  (0.0000000,2.1530705e-05)  (-0.0000000,-0.00040804514)  (-0.0000000,-0.00013514205)  (-0.0000000,-0.00046244784)  (0.0000000,0.00019279641)  (0.0000000,0.0013636128)  (0.41562438,0.0000000)  (0.0000000,-0.00029165829)  (0.0000000,0.00014294430)  (0.0000000,-7.5369496e-05)  
(0.0000000,3.1891019e-05)  (-0.0000000,-4.7302309e-05)  (-0.0000000,-0.00011100966)  (0.0000000,5.9790610e-05)  (0.0000000,4.1140960e-05)  (0.0000000,8.6580384e-05)  (-0.0000000,-0.0023598851)  (0.0000000,0.00029165829)  (0.43700599,0.0000000)  (0.0000000,-0.00012805753)  (0.0000000,-0.00056467658)  
(-0.0000000,-0.00012840929)  (0.0000000,1.8359828e-05)  (-0.0000000,-9.2903760e-05)  (-0.0000000,-0.00094053776)  (0.0000000,0.0019687765)  (0.0000000,0.00088505051)  (-0.0000000,-0.00023708350)  (-0.0000000,-0.00014294430)  (0.0000000,0.00012805753)  (0.45226563,0.0000000)  (0.0000000,0.00096395310)  
(-0.0000000,-0.00022177643)  (-0.0000000,-4.9186840e-07)  (0.0000000,6.4174920e-06)  (0.0000000,0.00038055958)  (0.0000000,0.0013784604)  (-0.0000000,-0.00035730933)  (-0.0000000,-0.00047441934)  (0.0000000,7.5369496e-05)  (0.0000000,0.00056467658)  (-0.0000000,-0.00096395310)  (0.45355150,0.0000000)  
