(0.0000000,0.0000000)  (0.0000000,-5.3694899e-05)  (0.0000000,-4.3015108e-07)  (0.0000000,0.00021386857)  (0.0000000,3.6294859e-06)  (0.0000000,0.00025176513)  (0.0000000,-5.0892830e-05)  (0.0000000,-2.8844235e-05)  (0.0000000,0.00022954293)  (0.0000000,-2.3505502e-05)  (0.0000000,-8.2359533e-05)  
(0.0000000,5.3694899e-05)  (0.20975286,0.0000000)  (0.0000000,-2.6970555e-05)  (0.0000000,0.00010379390)  (0.0000000,7.7464944e-06)  (0.0000000,2.6422068e-05)  (0.0000000,0.00036722121)  (0.0000000,0.00017052017)  (0.0000000,-3.2567975e-05)  (0.0000000,4.1428027e-05)  (0.0000000,-2.7594547e-06)  
(0.0000000,4.3015108e-07)  (0.0000000,2.6970555e-05)  (0.35490188,0.0000000)  (0.0000000,-2.2214175e-05)  (0.0000000,-2.3678791e-06)  (0.0000000,0.00012860236)  (0.0000000,6.0042680e-05)  (0.0000000,-0.00066997627)  (0.0000000,0.00015594446)  (0.0000000,-5.8272243e-05)  (0.0000000,-7.1088760e-05)  
(-0.0000000,-0.00021386857)  (-0.0000000,-0.00010379390)  (0.0000000,2.2214175e-05)  (0.39481717,0.0000000)  (0.0000000,5.7923930e-06)  (0.0000000,0.00067363803)  (0.0000000,-0.0022882792)  (0.0000000,0.00058076263)  (0.0000000,0.00079408597)  (0.0000000,4.0680843e-05)  (0.0000000,-0.00013705332)  
(-0.0000000,-3.6294859e-06)  (-0.0000000,-7.7464944e-06)  (0.0000000,2.3678791e-06)  (-0.0000000,-5.7923930e-06)  (0.39864430,0.0000000)  (0.0000000,-4.5759164e-05)  (0.0000000,-0.00011756741)  (0.0000000,0.00033262276)  (0.0000000,-2.7030100e-05)  (0.0000000,4.4159979e-05)  (0.0000000,-0.00078707034)  
(-0.0000000,-0.00025176513)  (-0.0000000,-2.6422068e-05)  (-0.0000000,-0.00012860236)  (-0.0000000,-0.00067363803)  (0.0000000,4.5759164e-05)  (0.42254952,0.0000000)  (0.0000000,0.0021093465)  (0.0000000,-0.00069055313)  (0.0000000,5.4615510e-05)  (0.0000000,0.00051149951)  (0.0000000,-0.00021969197)  
(0.0000000,5.0892830e-05)  (-0.0000000,-0.00036722121)  (-0.0000000,-6.0042680e-05)  (0.0000000,0.0022882792)  (0.0000000,0.00011756741)  (-0.0000000,-0.0021093465)  (0.42683290,0.0000000)  (0.0000000,0.00036855935)  (0.0000000,0.0012834727)  (0.0000000,0.00021620932)  (0.0000000,-1.6632105e-05)  
(0.0000000,2.8844235e-05)  (-0.0000000,-0.00017052017)  (0.0000000,0.00066997627)  (-0.0000000,-0.00058076263)  (-0.0000000,-0.00033262276)  (0.0000000,0.00069055313)  (-0.0000000,-0.00036855935)  (0.43620576,0.0000000)  (0.0000000,-0.023474127)  (0.0000000,-0.00034926986)  (0.0000000,0.0037410268)  
(-0.0000000,-0.00022954293)  (0.0000000,3.2567975e-05)  (-0.0000000,-0.00015594446)  (-0.0000000,-0.00079408597)  (0.0000000,2.7030100e-05)  (-0.0000000,-5.4615510e-05)  (-0.0000000,-0.0012834727)  (0.0000000,0.023474127)  (0.43753225,0.0000000)  (0.0000000,0.00062444389)  (0.0000000,0.0018220552)  
(0.0000000,2.3505502e-05)  (-0.0000000,-4.1428027e-05)  (0.0000000,5.8272243e-05)  (-0.0000000,-4.0680843e-05)  (-0.0000000,-4.4159979e-05)  (-0.0000000,-0.00051149951)  (-0.0000000,-0.00021620932)  (0.0000000,0.00034926986)  (-0.0000000,-0.00062444389)  (0.46070008,0.0000000)  (0.0000000,-0.0078167924)  
(0.0000000,8.2359533e-05)  (0.0000000,2.7594547e-06)  (0.0000000,7.1088760e-05)  (0.0000000,0.00013705332)  (0.0000000,0.00078707034)  (0.0000000,0.00021969197)  (0.0000000,1.6632105e-05)  (-0.0000000,-0.0037410268)  (-0.0000000,-0.0018220552)  (0.0000000,0.0078167924)  (0.47308533,0.0000000)  
