(0.0000000,0.0000000)  (0.0000000,-1.3868773e-05)  (0.0000000,-0.00021341517)  (0.0000000,0.00016366787)  (0.0000000,1.1854637e-05)  (0.0000000,0.00031307277)  (0.0000000,-0.00037662599)  (0.0000000,-1.4439537e-05)  (0.0000000,-4.1080774e-05)  (0.0000000,-8.3990345e-06)  (0.0000000,-0.00039273375)  
(0.0000000,1.3868773e-05)  (0.19007534,0.0000000)  (0.0000000,2.5557868e-05)  (0.0000000,4.2803104e-05)  (0.0000000,-5.4711887e-05)  (0.0000000,0.00072995557)  (0.0000000,-0.0010146465)  (0.0000000,0.00035742864)  (0.0000000,4.1941015e-05)  (0.0000000,2.0866730e-06)  (0.0000000,0.00031224695)  
(0.0000000,0.00021341517)  (-0.0000000,-2.5557868e-05)  (0.29730697,0.0000000)  (0.0000000,-6.6922490e-05)  (0.0000000,-0.00078095258)  (0.0000000,-0.0029573523)  (0.0000000,0.00034582784)  (0.0000000,0.00034596198)  (0.0000000,1.2565309e-06)  (0.0000000,5.9777836e-06)  (0.0000000,7.4245514e-05)  
(-0.0000000,-0.00016366787)  (-0.0000000,-4.2803104e-05)  (0.0000000,6.6922490e-05)  (0.31694940,0.0000000)  (0.0000000,3.0055351e-05)  (0.0000000,0.00011696159)  (0.0000000,0.0019252610)  (0.0000000,-2.6757679e-05)  (0.0000000,-0.0033766778)  (0.0000000,0.00042106705)  (0.0000000,-0.00053878418)  
(-0.0000000,-1.1854637e-05)  (0.0000000,5.4711887e-05)  (0.0000000,0.00078095258)  (-0.0000000,-3.0055351e-05)  (0.34614072,0.0000000)  (0.0000000,0.011024231)  (0.0000000,-0.015877925)  (0.0000000,-2.0930164e-05)  (0.0000000,0.00040945032)  (0.0000000,0.00060561895)  (0.0000000,0.0018155986)  
(-0.0000000,-0.00031307277)  (-0.0000000,-0.00072995557)  (0.0000000,0.0029573523)  (-0.0000000,-0.00011696159)  (-0.0000000,-0.011024231)  (0.36119566,0.0000000)  (0.0000000,-0.0027101536)  (0.0000000,0.0041979110)  (0.0000000,0.00011468737)  (0.0000000,0.00065358810)  (0.0000000,-0.0013934232)  
(0.0000000,0.00037662599)  (0.0000000,0.0010146465)  (-0.0000000,-0.00034582784)  (-0.0000000,-0.0019252610)  (0.0000000,0.015877925)  (0.0000000,0.0027101536)  (0.37058396,0.0000000)  (0.0000000,-0.0060644640)  (0.0000000,-0.00012063257)  (0.0000000,-0.00051133654)  (0.0000000,0.0012829189)  
(0.0000000,1.4439537e-05)  (-0.0000000,-0.00035742864)  (-0.0000000,-0.00034596198)  (0.0000000,2.6757679e-05)  (0.0000000,2.0930164e-05)  (-0.0000000,-0.0041979110)  (0.0000000,0.0060644640)  (0.39451619,0.0000000)  (0.0000000,-0.00020219791)  (0.0000000,-0.00074675036)  (0.0000000,-0.0013112636)  
(0.0000000,4.1080774e-05)  (-0.0000000,-4.1941015e-05)  (-0.0000000,-1.2565309e-06)  (0.0000000,0.0033766778)  (-0.0000000,-0.00040945032)  (-0.0000000,-0.00011468737)  (0.0000000,0.00012063257)  (0.0000000,0.00020219791)  (0.41820036,0.0000000)  (0.0000000,-0.00040003683)  (0.0000000,0.00019609486)  
(0.0000000,8.3990345e-06)  (-0.0000000,-2.0866730e-06)  (-0.0000000,-5.9777836e-06)  (-0.0000000,-0.00042106705)  (-0.0000000,-0.00060561895)  (-0.0000000,-0.00065358810)  (0.0000000,0.00051133654)  (0.0000000,0.00074675036)  (0.0000000,0.00040003683)  (0.43773217,0.0000000)  (0.0000000,0.0079377914)  
(0.0000000,0.00039273375)  (-0.0000000,-0.00031224695)  (-0.0000000,-7.4245514e-05)  (0.0000000,0.00053878418)  (-0.0000000,-0.0018155986)  (0.0000000,0.0013934232)  (-0.0000000,-0.0012829189)  (0.0000000,0.0013112636)  (-0.0000000,-0.00019609486)  (-0.0000000,-0.0079377914)  (0.44099022,0.0000000)  
