(0.0000000,0.0000000)  (0.0000000,-1.7964662e-05)  (0.0000000,-8.8075587e-05)  (0.0000000,-0.00019138307)  (0.0000000,0.00022349406)  (0.0000000,0.00011925153)  (0.0000000,-8.2945404e-05)  (0.0000000,-0.00043370093)  (0.0000000,-1.9422708e-05)  (0.0000000,-5.8665341e-06)  (0.0000000,3.4499828e-05)  
(0.0000000,1.7964662e-05)  (0.20441678,0.0000000)  (0.0000000,-0.00030764250)  (0.0000000,-0.00065661870)  (0.0000000,-0.00012288883)  (0.0000000,-5.0892325e-05)  (0.0000000,6.1365859e-05)  (0.0000000,1.2807212e-05)  (0.0000000,-8.4133702e-06)  (0.0000000,-1.9284429e-07)  (0.0000000,7.0462859e-06)  
(0.0000000,8.8075587e-05)  (0.0000000,0.00030764250)  (0.36617159,0.0000000)  (0.0000000,-0.011422778)  (0.0000000,0.00076376100)  (0.0000000,-0.00072672113)  (0.0000000,-0.0019812809)  (0.0000000,0.00022895595)  (0.0000000,9.4932472e-05)  (0.0000000,-2.8747999e-05)  (0.0000000,-0.00024368139)  
(0.0000000,0.00019138307)  (0.0000000,0.00065661870)  (0.0000000,0.011422778)  (0.37362243,0.0000000)  (0.0000000,0.0014101040)  (0.0000000,-0.00023691668)  (0.0000000,-0.00028723576)  (0.0000000,0.0019979829)  (0.0000000,4.3114037e-07)  (0.0000000,9.3597148e-06)  (0.0000000,0.00011785299)  
(-0.0000000,-0.00022349406)  (0.0000000,0.00012288883)  (-0.0000000,-0.00076376100)  (-0.0000000,-0.0014101040)  (0.39523465,0.0000000)  (0.0000000,0.00064335954)  (0.0000000,0.0016783769)  (0.0000000,-0.00035347819)  (0.0000000,0.00022698251)  (0.0000000,0.00034899941)  (0.0000000,-0.00068539569)  
(-0.0000000,-0.00011925153)  (0.0000000,5.0892325e-05)  (0.0000000,0.00072672113)  (0.0000000,0.00023691668)  (-0.0000000,-0.00064335954)  (0.39776193,0.0000000)  (0.0000000,-0.0024632823)  (0.0000000,-8.7283950e-05)  (0.0000000,6.2267056e-05)  (0.0000000,-0.00076712419)  (0.0000000,-2.5997863e-05)  
(0.0000000,8.2945404e-05)  (-0.0000000,-6.1365859e-05)  (0.0000000,0.0019812809)  (0.0000000,0.00028723576)  (-0.0000000,-0.0016783769)  (0.0000000,0.0024632823)  (0.40966411,0.0000000)  (0.0000000,6.1565443e-05)  (0.0000000,0.00071390085)  (0.0000000,0.00014989672)  (0.0000000,7.3387054e-05)  
(0.0000000,0.00043370093)  (-0.0000000,-1.2807212e-05)  (-0.0000000,-0.00022895595)  (-0.0000000,-0.0019979829)  (0.0000000,0.00035347819)  (0.0000000,8.7283950e-05)  (-0.0000000,-6.1565443e-05)  (0.43190879,0.0000000)  (0.0000000,-3.4199068e-06)  (0.0000000,-0.00056916009)  (0.0000000,-0.0017334593)  
(0.0000000,1.9422708e-05)  (0.0000000,8.4133702e-06)  (-0.0000000,-9.4932472e-05)  (-0.0000000,-4.3114037e-07)  (-0.0000000,-0.00022698251)  (-0.0000000,-6.2267056e-05)  (-0.0000000,-0.00071390085)  (0.0000000,3.4199068e-06)  (0.45529620,0.0000000)  (0.0000000,0.0078277609)  (0.0000000,-0.0026206360)  
(0.0000000,5.8665341e-06)  (0.0000000,1.9284429e-07)  (0.0000000,2.8747999e-05)  (-0.0000000,-9.3597148e-06)  (-0.0000000,-0.00034899941)  (0.0000000,0.00076712419)  (-0.0000000,-0.00014989672)  (0.0000000,0.00056916009)  (-0.0000000,-0.0078277609)  (0.46005457,0.0000000)  (0.0000000,-0.00022315272)  
(-0.0000000,-3.4499828e-05)  (-0.0000000,-7.0462859e-06)  (0.0000000,0.00024368139)  (-0.0000000,-0.00011785299)  (0.0000000,0.00068539569)  (0.0000000,2.5997863e-05)  (-0.0000000,-7.3387054e-05)  (0.0000000,0.0017334593)  (0.0000000,0.0026206360)  (0.0000000,0.00022315272)  (0.46152549,0.0000000)  
