(0.0000000,0.0000000)  (0.0000000,8.0151136e-06)  (0.0000000,1.2419478e-05)  (0.0000000,-0.00054783813)  (0.0000000,1.1061252e-05)  (0.0000000,4.7119597e-05)  (0.0000000,4.3725143e-05)  (0.0000000,-3.2246208e-05)  (0.0000000,-6.0508276e-06)  (0.0000000,0.00010510799)  (0.0000000,-0.00011622783)  
(-0.0000000,-8.0151136e-06)  (0.21758002,0.0000000)  (0.0000000,2.4368756e-05)  (0.0000000,-4.0987480e-05)  (0.0000000,-6.0392264e-06)  (0.0000000,-0.00013237265)  (0.0000000,-0.00017558882)  (0.0000000,5.4895501e-05)  (0.0000000,-5.4865333e-05)  (0.0000000,0.00013819690)  (0.0000000,-6.0209351e-05)  
(-0.0000000,-1.2419478e-05)  (-0.0000000,-2.4368756e-05)  (0.34146154,0.0000000)  (0.0000000,6.4382034e-06)  (0.0000000,2.6579494e-05)  (0.0000000,-0.00027029203)  (0.0000000,-0.00038498942)  (0.0000000,-0.00020295914)  (0.0000000,-0.0010430768)  (0.0000000,-0.00048113950)  (0.0000000,0.00021734193)  
(0.0000000,0.00054783813)  (0.0000000,4.0987480e-05)  (-0.0000000,-6.4382034e-06)  (0.39203851,0.0000000)  (0.0000000,-0.0016191655)  (0.0000000,7.2338186e-05)  (0.0000000,-0.00011083536)  (0.0000000,-0.00029536471)  (0.0000000,1.5038681e-05)  (0.0000000,0.00024442875)  (0.0000000,5.9219363e-05)  
(-0.0000000,-1.1061252e-05)  (0.0000000,6.0392264e-06)  (-0.0000000,-2.6579494e-05)  (0.0000000,0.0016191655)  (0.40401290,0.0000000)  (0.0000000,-0.00026330106)  (0.0000000,-0.00053050377)  (0.0000000,0.00031807873)  (0.0000000,-0.00020976468)  (0.0000000,-0.00074945690)  (0.0000000,1.2752867e-05)  
(-0.0000000,-4.7119597e-05)  (0.0000000,0.00013237265)  (0.0000000,0.00027029203)  (-0.0000000,-7.2338186e-05)  (0.0000000,0.00026330106)  (0.41694352,0.0000000)  (0.0000000,-2.9906959e-05)  (0.0000000,0.0023942778)  (0.0000000,-0.0027994859)  (0.0000000,-0.00054156587)  (0.0000000,-3.3697761e-05)  
(-0.0000000,-4.3725143e-05)  (0.0000000,0.00017558882)  (0.0000000,0.00038498942)  (0.0000000,0.00011083536)  (0.0000000,0.00053050377)  (0.0000000,2.9906959e-05)  (0.42180129,0.0000000)  (0.0000000,0.0035544238)  (0.0000000,0.0017609764)  (0.0000000,-0.00092594927)  (0.0000000,0.00024589550)  
(0.0000000,3.2246208e-05)  (-0.0000000,-5.4895501e-05)  (0.0000000,0.00020295914)  (0.0000000,0.00029536471)  (-0.0000000,-0.00031807873)  (-0.0000000,-0.0023942778)  (-0.0000000,-0.0035544238)  (0.42468910,0.0000000)  (0.0000000,0.00075447671)  (0.0000000,-0.00050316940)  (0.0000000,-0.00043910076)  
(0.0000000,6.0508276e-06)  (0.0000000,5.4865333e-05)  (0.0000000,0.0010430768)  (-0.0000000,-1.5038681e-05)  (0.0000000,0.00020976468)  (0.0000000,0.0027994859)  (-0.0000000,-0.0017609764)  (-0.0000000,-0.00075447671)  (0.43403605,0.0000000)  (0.0000000,0.00013128066)  (0.0000000,0.00036406922)  
(-0.0000000,-0.00010510799)  (-0.0000000,-0.00013819690)  (0.0000000,0.00048113950)  (-0.0000000,-0.00024442875)  (0.0000000,0.00074945690)  (0.0000000,0.00054156587)  (0.0000000,0.00092594927)  (0.0000000,0.00050316940)  (-0.0000000,-0.00013128066)  (0.44538716,0.0000000)  (0.0000000,0.0027819803)  
(0.0000000,0.00011622783)  (0.0000000,6.0209351e-05)  (-0.0000000,-0.00021734193)  (-0.0000000,-5.9219363e-05)  (-0.0000000,-1.2752867e-05)  (0.0000000,3.3697761e-05)  (-0.0000000,-0.00024589550)  (0.0000000,0.00043910076)  (-0.0000000,-0.00036406922)  (-0.0000000,-0.0027819803)  (0.44864338,0.0000000)  
