(0.0000000,0.0000000)  (0.0000000,-6.2643259e-06)  (0.0000000,3.6644383e-06)  (0.0000000,-0.00019172077)  (0.0000000,0.00010506708)  (0.0000000,-5.2621116e-05)  (0.0000000,-1.1345764e-05)  (0.0000000,9.9230499e-05)  (0.0000000,-9.8492643e-05)  (0.0000000,2.3064238e-05)  (0.0000000,-2.1332981e-05)  
(0.0000000,6.2643259e-06)  (0.21691099,0.0000000)  (0.0000000,-7.0849573e-05)  (0.0000000,2.9173180e-05)  (0.0000000,-1.2014626e-05)  (0.0000000,6.8935785e-05)  (0.0000000,8.1684498e-05)  (0.0000000,0.00016481114)  (0.0000000,-6.5644407e-05)  (0.0000000,-0.00035942707)  (0.0000000,4.9197804e-05)  
(-0.0000000,-3.6644383e-06)  (0.0000000,7.0849573e-05)  (0.35578332,0.0000000)  (0.0000000,0.00043810674)  (0.0000000,0.00015007900)  (0.0000000,0.00076947240)  (0.0000000,0.00022277088)  (0.0000000,2.2355998e-06)  (0.0000000,1.1530830e-05)  (0.0000000,0.00023749177)  (0.0000000,0.00019446570)  
(0.0000000,0.00019172077)  (-0.0000000,-2.9173180e-05)  (-0.0000000,-0.00043810674)  (0.38349362,0.0000000)  (0.0000000,-0.012820693)  (0.0000000,0.0035014495)  (0.0000000,-0.00040598540)  (0.0000000,-0.00028174853)  (0.0000000,-0.0055177991)  (0.0000000,0.00073233031)  (0.0000000,6.0016794e-05)  
(-0.0000000,-0.00010506708)  (0.0000000,1.2014626e-05)  (-0.0000000,-0.00015007900)  (0.0000000,0.012820693)  (0.39151354,0.0000000)  (0.0000000,0.00018872556)  (0.0000000,-0.0016552357)  (0.0000000,0.00039412866)  (0.0000000,-0.00070421103)  (0.0000000,-0.00028963608)  (0.0000000,-0.00035770264)  
(0.0000000,5.2621116e-05)  (-0.0000000,-6.8935785e-05)  (-0.0000000,-0.00076947240)  (-0.0000000,-0.0035014495)  (-0.0000000,-0.00018872556)  (0.40620080,0.0000000)  (0.0000000,-0.0038996560)  (0.0000000,0.0050169897)  (0.0000000,9.2065462e-05)  (0.0000000,0.00050777045)  (0.0000000,-0.0015170805)  
(0.0000000,1.1345764e-05)  (-0.0000000,-8.1684498e-05)  (-0.0000000,-0.00022277088)  (0.0000000,0.00040598540)  (0.0000000,0.0016552357)  (0.0000000,0.0038996560)  (0.40928264,0.0000000)  (0.0000000,0.0018202889)  (0.0000000,-0.00034556823)  (0.0000000,-0.00054958402)  (0.0000000,0.00026177395)  
(-0.0000000,-9.9230499e-05)  (-0.0000000,-0.00016481114)  (-0.0000000,-2.2355998e-06)  (0.0000000,0.00028174853)  (-0.0000000,-0.00039412866)  (-0.0000000,-0.0050169897)  (-0.0000000,-0.0018202889)  (0.42132299,0.0000000)  (0.0000000,0.00086379157)  (0.0000000,-0.00054096338)  (0.0000000,-3.2584781e-05)  
(0.0000000,9.8492643e-05)  (0.0000000,6.5644407e-05)  (-0.0000000,-1.1530830e-05)  (0.0000000,0.0055177991)  (0.0000000,0.00070421103)  (-0.0000000,-9.2065462e-05)  (0.0000000,0.00034556823)  (-0.0000000,-0.00086379157)  (0.44041785,0.0000000)  (0.0000000,-0.00050838143)  (0.0000000,0.00065640427)  
(-0.0000000,-2.3064238e-05)  (0.0000000,0.00035942707)  (-0.0000000,-0.00023749177)  (-0.0000000,-0.00073233031)  (0.0000000,0.00028963608)  (-0.0000000,-0.00050777045)  (0.0000000,0.00054958402)  (0.0000000,0.00054096338)  (0.0000000,0.00050838143)  (0.44393848,0.0000000)  (0.0000000,-0.00018573429)  
(0.0000000,2.1332981e-05)  (-0.0000000,-4.9197804e-05)  (-0.0000000,-0.00019446570)  (-0.0000000,-6.0016794e-05)  (0.0000000,0.00035770264)  (0.0000000,0.0015170805)  (-0.0000000,-0.00026177395)  (0.0000000,3.2584781e-05)  (-0.0000000,-0.00065640427)  (0.0000000,0.00018573429)  (0.46106391,0.0000000)  
