(0.0000000,0.0000000)  (0.0000000,-6.9994484e-05)  (0.0000000,-1.6182743e-05)  (0.0000000,-8.2932103e-06)  (0.0000000,-1.5830155e-06)  (0.0000000,-0.00017086776)  (0.0000000,-8.7327708e-05)  (0.0000000,-0.00014083099)  (0.0000000,-5.7371645e-05)  (0.0000000,-6.6743532e-06)  (0.0000000,-5.4763303e-06)  
(0.0000000,6.9994484e-05)  (0.21762743,0.0000000)  (0.0000000,-0.00026403032)  (0.0000000,-0.00045997008)  (0.0000000,-6.3105122e-06)  (0.0000000,7.0412126e-05)  (0.0000000,-0.00028162436)  (0.0000000,1.7466546e-06)  (0.0000000,-3.2080764e-05)  (0.0000000,-1.3988258e-06)  (0.0000000,2.0584651e-06)  
(0.0000000,1.6182743e-05)  (0.0000000,0.00026403032)  (0.34486072,0.0000000)  (0.0000000,-6.9400514e-05)  (0.0000000,-6.9320118e-06)  (0.0000000,0.00012247403)  (0.0000000,-0.00015262159)  (0.0000000,-0.00011930848)  (0.0000000,-0.00022282386)  (0.0000000,-1.0355071e-06)  (0.0000000,5.4908899e-06)  
(0.0000000,8.2932103e-06)  (0.0000000,0.00045997008)  (0.0000000,6.9400514e-05)  (0.36071644,0.0000000)  (0.0000000,-5.6044148e-06)  (0.0000000,0.00048517096)  (0.0000000,-0.00085263966)  (0.0000000,0.00032102776)  (0.0000000,0.00011939128)  (0.0000000,2.9772352e-07)  (0.0000000,1.7136670e-06)  
(0.0000000,1.5830155e-06)  (0.0000000,6.3105122e-06)  (0.0000000,6.9320118e-06)  (0.0000000,5.6044148e-06)  (0.38306916,0.0000000)  (0.0000000,6.2667363e-06)  (0.0000000,8.3878451e-05)  (0.0000000,-1.8213877e-05)  (0.0000000,-1.9846123e-05)  (0.0000000,-0.00023793504)  (0.0000000,2.6236124e-05)  
(0.0000000,0.00017086776)  (-0.0000000,-7.0412126e-05)  (-0.0000000,-0.00012247403)  (-0.0000000,-0.00048517096)  (-0.0000000,-6.2667363e-06)  (0.39363603,0.0000000)  (0.0000000,3.0611964e-05)  (0.0000000,-0.00019537301)  (0.0000000,0.00065746981)  (0.0000000,-2.4812248e-05)  (0.0000000,2.2817056e-06)  
(0.0000000,8.7327708e-05)  (0.0000000,0.00028162436)  (0.0000000,0.00015262159)  (0.0000000,0.00085263966)  (-0.0000000,-8.3878451e-05)  (-0.0000000,-3.0611964e-05)  (0.41252968,0.0000000)  (0.0000000,-0.0061271603)  (0.0000000,-0.00025829075)  (0.0000000,-7.6057330e-05)  (0.0000000,5.6671771e-05)  
(0.0000000,0.00014083099)  (-0.0000000,-1.7466546e-06)  (0.0000000,0.00011930848)  (-0.0000000,-0.00032102776)  (0.0000000,1.8213877e-05)  (0.0000000,0.00019537301)  (0.0000000,0.0061271603)  (0.41474110,0.0000000)  (0.0000000,-0.00039961174)  (0.0000000,6.9765032e-05)  (0.0000000,1.5452105e-05)  
(0.0000000,5.7371645e-05)  (0.0000000,3.2080764e-05)  (0.0000000,0.00022282386)  (-0.0000000,-0.00011939128)  (0.0000000,1.9846123e-05)  (-0.0000000,-0.00065746981)  (0.0000000,0.00025829075)  (0.0000000,0.00039961174)  (0.44205634,0.0000000)  (0.0000000,3.9439819e-05)  (0.0000000,-1.5579944e-05)  
(0.0000000,6.6743532e-06)  (0.0000000,1.3988258e-06)  (0.0000000,1.0355071e-06)  (-0.0000000,-2.9772352e-07)  (0.0000000,0.00023793504)  (0.0000000,2.4812248e-05)  (0.0000000,7.6057330e-05)  (-0.0000000,-6.9765032e-05)  (-0.0000000,-3.9439819e-05)  (0.45772243,0.0000000)  (0.0000000,-0.0019882434)  
(0.0000000,5.4763303e-06)  (-0.0000000,-2.0584651e-06)  (-0.0000000,-5.4908899e-06)  (-0.0000000,-1.7136670e-06)  (-0.0000000,-2.6236124e-05)  (-0.0000000,-2.2817056e-06)  (-0.0000000,-5.6671771e-05)  (-0.0000000,-1.5452105e-05)  (0.0000000,1.5579944e-05)  (0.0000000,0.0019882434)  (0.46850888,0.0000000)  
