(0.0000000,0.0000000)  (0.0000000,-3.0912323e-06)  (0.0000000,-1.3088618e-05)  (0.0000000,-0.00025089490)  (0.0000000,-1.6908543e-05)  (0.0000000,-6.4828446e-05)  (0.0000000,-0.00021367741)  (0.0000000,-0.00040788595)  (0.0000000,4.7653650e-06)  (0.0000000,2.1998161e-05)  (0.0000000,-1.5375431e-05)  
(0.0000000,3.0912323e-06)  (0.20507644,0.0000000)  (0.0000000,-7.9497901e-05)  (0.0000000,-1.1656888e-05)  (0.0000000,0.00011624463)  (0.0000000,-9.3857029e-05)  (0.0000000,-9.4509557e-05)  (0.0000000,2.8102365e-05)  (0.0000000,7.5391642e-05)  (0.0000000,-6.8137275e-05)  (0.0000000,1.5323674e-06)  
(0.0000000,1.3088618e-05)  (0.0000000,7.9497901e-05)  (0.36602165,0.0000000)  (0.0000000,0.0017426610)  (0.0000000,-0.00066574939)  (0.0000000,-0.0035835479)  (0.0000000,-0.0099813565)  (0.0000000,-0.00016162697)  (0.0000000,0.00040025665)  (0.0000000,2.3127163e-05)  (0.0000000,-0.00031728953)  
(0.0000000,0.00025089490)  (0.0000000,1.1656888e-05)  (-0.0000000,-0.0017426610)  (0.37829683,0.0000000)  (0.0000000,0.0069958727)  (0.0000000,-0.0021836680)  (0.0000000,-0.0014168871)  (0.0000000,0.00014643587)  (0.0000000,0.00023177990)  (0.0000000,-6.2275257e-05)  (0.0000000,0.00026060841)  
(0.0000000,1.6908543e-05)  (-0.0000000,-0.00011624463)  (0.0000000,0.00066574939)  (-0.0000000,-0.0069958727)  (0.39461652,0.0000000)  (0.0000000,-0.010069578)  (0.0000000,-0.00041645078)  (0.0000000,0.00017088812)  (0.0000000,-0.00039163872)  (0.0000000,-0.00041088686)  (0.0000000,-8.2058600e-06)  
(0.0000000,6.4828446e-05)  (0.0000000,9.3857029e-05)  (0.0000000,0.0035835479)  (0.0000000,0.0021836680)  (0.0000000,0.010069578)  (0.39736614,0.0000000)  (0.0000000,0.00021918674)  (0.0000000,-0.00049581412)  (0.0000000,0.00030252005)  (0.0000000,-8.2409635e-05)  (0.0000000,0.00032094819)  
(0.0000000,0.00021367741)  (0.0000000,9.4509557e-05)  (0.0000000,0.0099813565)  (0.0000000,0.0014168871)  (0.0000000,0.00041645078)  (-0.0000000,-0.00021918674)  (0.41073720,0.0000000)  (0.0000000,-1.6395840e-05)  (0.0000000,-0.00015590683)  (0.0000000,0.00033694893)  (0.0000000,0.00043141040)  
(0.0000000,0.00040788595)  (-0.0000000,-2.8102365e-05)  (0.0000000,0.00016162697)  (-0.0000000,-0.00014643587)  (-0.0000000,-0.00017088812)  (0.0000000,0.00049581412)  (0.0000000,1.6395840e-05)  (0.43277480,0.0000000)  (0.0000000,-2.9467740e-05)  (0.0000000,-0.00013147516)  (0.0000000,-0.0023345127)  
(-0.0000000,-4.7653650e-06)  (-0.0000000,-7.5391642e-05)  (-0.0000000,-0.00040025665)  (-0.0000000,-0.00023177990)  (0.0000000,0.00039163872)  (-0.0000000,-0.00030252005)  (0.0000000,0.00015590683)  (0.0000000,2.9467740e-05)  (0.45620723,0.0000000)  (0.0000000,0.017514495)  (0.0000000,-0.0011970844)  
(-0.0000000,-2.1998161e-05)  (0.0000000,6.8137275e-05)  (-0.0000000,-2.3127163e-05)  (0.0000000,6.2275257e-05)  (0.0000000,0.00041088686)  (0.0000000,8.2409635e-05)  (-0.0000000,-0.00033694893)  (0.0000000,0.00013147516)  (-0.0000000,-0.017514495)  (0.45807982,0.0000000)  (0.0000000,-0.00088328235)  
(0.0000000,1.5375431e-05)  (-0.0000000,-1.5323674e-06)  (0.0000000,0.00031728953)  (-0.0000000,-0.00026060841)  (0.0000000,8.2058600e-06)  (-0.0000000,-0.00032094819)  (-0.0000000,-0.00043141040)  (0.0000000,0.0023345127)  (0.0000000,0.0011970844)  (0.0000000,0.00088328235)  (0.46041252,0.0000000)  
