(0.0000000,0.0000000)  (0.0000000,-2.8124601e-05)  (0.0000000,2.4086864e-05)  (0.0000000,-0.00038670464)  (0.0000000,0.00011159961)  (0.0000000,-3.5856898e-05)  (0.0000000,0.00028999832)  (0.0000000,1.0090582e-05)  (0.0000000,-0.00015469674)  (0.0000000,5.4443654e-05)  (0.0000000,-1.1941013e-05)  
(0.0000000,2.8124601e-05)  (0.20829352,0.0000000)  (0.0000000,0.00034564482)  (0.0000000,-1.4620034e-05)  (0.0000000,-0.00016853670)  (0.0000000,4.0121603e-05)  (0.0000000,-9.3903566e-06)  (0.0000000,-0.00020927908)  (0.0000000,-0.00025150243)  (0.0000000,4.3039199e-05)  (0.0000000,9.5192309e-06)  
(-0.0000000,-2.4086864e-05)  (-0.0000000,-0.00034564482)  (0.36102091,0.0000000)  (0.0000000,-8.8597150e-05)  (0.0000000,0.00094871785)  (0.0000000,-0.00041396621)  (0.0000000,0.00038266353)  (0.0000000,-0.00025044392)  (0.0000000,0.00011609599)  (0.0000000,0.00016401762)  (0.0000000,1.8475512e-05)  
(0.0000000,0.00038670464)  (0.0000000,1.4620034e-05)  (0.0000000,8.8597150e-05)  (0.39273639,0.0000000)  (0.0000000,-3.0093728e-05)  (0.0000000,0.00026290212)  (0.0000000,-0.00032315957)  (0.0000000,0.00076041199)  (0.0000000,-0.00066059671)  (0.0000000,-0.0024045077)  (0.0000000,5.8065075e-05)  
(-0.0000000,-0.00011159961)  (0.0000000,0.00016853670)  (-0.0000000,-0.00094871785)  (0.0000000,3.0093728e-05)  (0.40624711,0.0000000)  (0.0000000,8.4760286e-05)  (0.0000000,0.0014520487)  (0.0000000,0.00083242399)  (0.0000000,-0.00038276097)  (0.0000000,0.00086883084)  (0.0000000,6.7045476e-05)  
(0.0000000,3.5856898e-05)  (-0.0000000,-4.0121603e-05)  (0.0000000,0.00041396621)  (-0.0000000,-0.00026290212)  (-0.0000000,-8.4760286e-05)  (0.41249329,0.0000000)  (0.0000000,0.00045015806)  (0.0000000,0.0010998518)  (0.0000000,-0.00038265896)  (0.0000000,0.0016247181)  (0.0000000,0.00035604711)  
(-0.0000000,-0.00028999832)  (0.0000000,9.3903566e-06)  (-0.0000000,-0.00038266353)  (0.0000000,0.00032315957)  (-0.0000000,-0.0014520487)  (-0.0000000,-0.00045015806)  (0.42504042,0.0000000)  (0.0000000,-0.0047179387)  (0.0000000,0.00050337863)  (0.0000000,0.0082192608)  (0.0000000,-2.7438250e-05)  
(-0.0000000,-1.0090582e-05)  (0.0000000,0.00020927908)  (0.0000000,0.00025044392)  (-0.0000000,-0.00076041199)  (-0.0000000,-0.00083242399)  (-0.0000000,-0.0010998518)  (0.0000000,0.0047179387)  (0.42833248,0.0000000)  (0.0000000,-0.0038763475)  (0.0000000,0.020139726)  (0.0000000,-0.0013016504)  
(0.0000000,0.00015469674)  (0.0000000,0.00025150243)  (-0.0000000,-0.00011609599)  (0.0000000,0.00066059671)  (0.0000000,0.00038276097)  (0.0000000,0.00038265896)  (-0.0000000,-0.00050337863)  (0.0000000,0.0038763475)  (0.43253978,0.0000000)  (0.0000000,-0.0026406367)  (0.0000000,-0.00015851687)  
(-0.0000000,-5.4443654e-05)  (-0.0000000,-4.3039199e-05)  (-0.0000000,-0.00016401762)  (0.0000000,0.0024045077)  (-0.0000000,-0.00086883084)  (-0.0000000,-0.0016247181)  (-0.0000000,-0.0082192608)  (-0.0000000,-0.020139726)  (0.0000000,0.0026406367)  (0.44016243,0.0000000)  (0.0000000,0.0020816022)  
(0.0000000,1.1941013e-05)  (-0.0000000,-9.5192309e-06)  (-0.0000000,-1.8475512e-05)  (-0.0000000,-5.8065075e-05)  (-0.0000000,-6.7045476e-05)  (-0.0000000,-0.00035604711)  (0.0000000,2.7438250e-05)  (0.0000000,0.0013016504)  (0.0000000,0.00015851687)  (-0.0000000,-0.0020816022)  (0.45650491,0.0000000)  
