(0.0000000,0.0000000)  (0.0000000,7.1341004e-06)  (0.0000000,-2.4405017e-05)  (0.0000000,7.0458751e-06)  (0.0000000,-2.1210006e-07)  (0.0000000,-5.7592351e-05)  (0.0000000,-2.9914800e-05)  (0.0000000,5.0796353e-05)  (0.0000000,6.6712256e-05)  (0.0000000,0.00019000741)  (0.0000000,3.6485438e-06)  
(-0.0000000,-7.1341004e-06)  (0.16077873,0.0000000)  (0.0000000,2.3796444e-05)  (0.0000000,-0.00043390820)  (0.0000000,0.00071631628)  (0.0000000,-3.3848054e-05)  (0.0000000,6.4761869e-08)  (0.0000000,4.5430532e-05)  (0.0000000,-0.00011978983)  (0.0000000,1.2658575e-05)  (0.0000000,-8.8744876e-06)  
(0.0000000,2.4405017e-05)  (-0.0000000,-2.3796444e-05)  (0.26270920,0.0000000)  (0.0000000,-2.9282820e-06)  (0.0000000,3.6811461e-05)  (0.0000000,0.00051550265)  (0.0000000,-8.2181002e-05)  (0.0000000,-0.00051827482)  (0.0000000,0.00017869829)  (0.0000000,0.00061074727)  (0.0000000,5.6117666e-05)  
(-0.0000000,-7.0458751e-06)  (0.0000000,0.00043390820)  (0.0000000,2.9282820e-06)  (0.28001323,0.0000000)  (0.0000000,8.8964433e-06)  (0.0000000,8.4115860e-05)  (0.0000000,0.00026211737)  (0.0000000,-0.00014927652)  (0.0000000,-0.00034923285)  (0.0000000,0.00013413203)  (0.0000000,0.00040118386)  
(0.0000000,2.1210006e-07)  (-0.0000000,-0.00071631628)  (-0.0000000,-3.6811461e-05)  (-0.0000000,-8.8964433e-06)  (0.33950241,0.0000000)  (0.0000000,-1.5231782e-05)  (0.0000000,-7.4166656e-05)  (0.0000000,1.3873891e-05)  (0.0000000,-1.9304795e-05)  (0.0000000,5.3370168e-06)  (0.0000000,-5.2021955e-05)  
(0.0000000,5.7592351e-05)  (0.0000000,3.3848054e-05)  (-0.0000000,-0.00051550265)  (-0.0000000,-8.4115860e-05)  (0.0000000,1.5231782e-05)  (0.36025504,0.0000000)  (0.0000000,0.0013914175)  (0.0000000,-0.00068874282)  (0.0000000,-0.00058071375)  (0.0000000,-4.8930658e-05)  (0.0000000,9.7485396e-05)  
(0.0000000,2.9914800e-05)  (-0.0000000,-6.4761869e-08)  (0.0000000,8.2181002e-05)  (-0.0000000,-0.00026211737)  (0.0000000,7.4166656e-05)  (-0.0000000,-0.0013914175)  (0.37824501,0.0000000)  (0.0000000,0.0025843723)  (0.0000000,-0.00062432509)  (0.0000000,-0.0013888230)  (0.0000000,0.00012771918)  
(-0.0000000,-5.0796353e-05)  (-0.0000000,-4.5430532e-05)  (0.0000000,0.00051827482)  (0.0000000,0.00014927652)  (-0.0000000,-1.3873891e-05)  (0.0000000,0.00068874282)  (-0.0000000,-0.0025843723)  (0.38164180,0.0000000)  (0.0000000,0.0010390207)  (0.0000000,0.00016164962)  (0.0000000,-0.00016506974)  
(-0.0000000,-6.6712256e-05)  (0.0000000,0.00011978983)  (-0.0000000,-0.00017869829)  (0.0000000,0.00034923285)  (0.0000000,1.9304795e-05)  (0.0000000,0.00058071375)  (0.0000000,0.00062432509)  (-0.0000000,-0.0010390207)  (0.40538753,0.0000000)  (0.0000000,0.00047088145)  (0.0000000,6.6017741e-05)  
(-0.0000000,-0.00019000741)  (-0.0000000,-1.2658575e-05)  (-0.0000000,-0.00061074727)  (-0.0000000,-0.00013413203)  (-0.0000000,-5.3370168e-06)  (0.0000000,4.8930658e-05)  (0.0000000,0.0013888230)  (-0.0000000,-0.00016164962)  (-0.0000000,-0.00047088145)  (0.40645915,0.0000000)  (0.0000000,-3.5077765e-06)  
(-0.0000000,-3.6485438e-06)  (0.0000000,8.8744876e-06)  (-0.0000000,-5.6117666e-05)  (-0.0000000,-0.00040118386)  (0.0000000,5.2021955e-05)  (-0.0000000,-9.7485396e-05)  (-0.0000000,-0.00012771918)  (0.0000000,0.00016506974)  (-0.0000000,-6.6017741e-05)  (0.0000000,3.5077765e-06)  (0.41768108,0.0000000)  
