(0.0000000,0.0000000)  (0.0000000,-8.9479193e-07)  (0.0000000,2.7680747e-05)  (0.0000000,-1.0090551e-05)  (0.0000000,1.9618076e-05)  (0.0000000,-0.00017325460)  (0.0000000,-7.6818693e-05)  (0.0000000,3.2044731e-05)  (0.0000000,5.7418331e-05)  (0.0000000,-0.00012233150)  (0.0000000,-0.00022633576)  
(0.0000000,8.9479193e-07)  (0.20637481,0.0000000)  (0.0000000,-0.00010211214)  (0.0000000,-8.3481250e-05)  (0.0000000,5.4858281e-05)  (0.0000000,-8.4434856e-06)  (0.0000000,-4.1830157e-06)  (0.0000000,5.0579279e-05)  (0.0000000,4.6727971e-05)  (0.0000000,-0.00010359620)  (0.0000000,1.5257749e-05)  
(-0.0000000,-2.7680747e-05)  (0.0000000,0.00010211214)  (0.36605784,0.0000000)  (0.0000000,-7.5215415e-05)  (0.0000000,0.0011158490)  (0.0000000,-0.00068864684)  (0.0000000,-0.0015860639)  (0.0000000,7.1958867e-05)  (0.0000000,0.00039093652)  (0.0000000,-0.00020613391)  (0.0000000,-6.6525820e-05)  
(0.0000000,1.0090551e-05)  (0.0000000,8.3481250e-05)  (0.0000000,7.5215415e-05)  (0.39807247,0.0000000)  (0.0000000,-2.9216361e-05)  (0.0000000,0.00063901407)  (0.0000000,0.0010614459)  (0.0000000,0.0028513279)  (0.0000000,0.0038143591)  (0.0000000,-0.0025021664)  (0.0000000,5.9974500e-06)  
(-0.0000000,-1.9618076e-05)  (-0.0000000,-5.4858281e-05)  (-0.0000000,-0.0011158490)  (0.0000000,2.9216361e-05)  (0.40293705,0.0000000)  (0.0000000,-0.0016690363)  (0.0000000,0.0017829754)  (0.0000000,-0.00036297309)  (0.0000000,0.00042881397)  (0.0000000,0.00059194841)  (0.0000000,1.9671616e-05)  
(0.0000000,0.00017325460)  (0.0000000,8.4434856e-06)  (0.0000000,0.00068864684)  (-0.0000000,-0.00063901407)  (0.0000000,0.0016690363)  (0.42290489,0.0000000)  (0.0000000,-0.0023324316)  (0.0000000,0.0011115139)  (0.0000000,-0.0033079796)  (0.0000000,-0.0067420455)  (0.0000000,1.0137229e-05)  
(0.0000000,7.6818693e-05)  (0.0000000,4.1830157e-06)  (0.0000000,0.0015860639)  (-0.0000000,-0.0010614459)  (-0.0000000,-0.0017829754)  (0.0000000,0.0023324316)  (0.42704752,0.0000000)  (0.0000000,0.0010038313)  (0.0000000,0.00013083264)  (0.0000000,0.0020819947)  (0.0000000,2.5766446e-06)  
(-0.0000000,-3.2044731e-05)  (-0.0000000,-5.0579279e-05)  (-0.0000000,-7.1958867e-05)  (-0.0000000,-0.0028513279)  (0.0000000,0.00036297309)  (-0.0000000,-0.0011115139)  (-0.0000000,-0.0010038313)  (0.43501488,0.0000000)  (0.0000000,-0.0044150303)  (0.0000000,0.0015953807)  (0.0000000,4.6379323e-05)  
(-0.0000000,-5.7418331e-05)  (-0.0000000,-4.6727971e-05)  (-0.0000000,-0.00039093652)  (-0.0000000,-0.0038143591)  (-0.0000000,-0.00042881397)  (0.0000000,0.0033079796)  (-0.0000000,-0.00013083264)  (0.0000000,0.0044150303)  (0.43899985,0.0000000)  (0.0000000,0.0011830444)  (0.0000000,7.8386124e-05)  
(0.0000000,0.00012233150)  (0.0000000,0.00010359620)  (0.0000000,0.00020613391)  (0.0000000,0.0025021664)  (-0.0000000,-0.00059194841)  (0.0000000,0.0067420455)  (-0.0000000,-0.0020819947)  (-0.0000000,-0.0015953807)  (-0.0000000,-0.0011830444)  (0.44612491,0.0000000)  (0.0000000,-2.3788192e-05)  
(0.0000000,0.00022633576)  (-0.0000000,-1.5257749e-05)  (0.0000000,6.6525820e-05)  (-0.0000000,-5.9974500e-06)  (-0.0000000,-1.9671616e-05)  (-0.0000000,-1.0137229e-05)  (-0.0000000,-2.5766446e-06)  (-0.0000000,-4.6379323e-05)  (-0.0000000,-7.8386124e-05)  (0.0000000,2.3788192e-05)  (0.46921925,0.0000000)  
