(0.0000000,0.0000000)  (0.0000000,2.5820154e-05)  (0.0000000,7.1529430e-05)  (0.0000000,-6.2613986e-06)  (0.0000000,-0.00033261946)  (0.0000000,-8.2291732e-05)  (0.0000000,-3.8626917e-05)  (0.0000000,-5.9241783e-05)  (0.0000000,0.00022338827)  (0.0000000,1.3955610e-05)  (0.0000000,-3.3246181e-05)  
(-0.0000000,-2.5820154e-05)  (0.22103083,0.0000000)  (0.0000000,-0.00030955291)  (0.0000000,-1.0353681e-05)  (0.0000000,0.00013887093)  (0.0000000,0.00063812830)  (0.0000000,-0.00011260913)  (0.0000000,-0.00022396822)  (0.0000000,-6.1683401e-05)  (0.0000000,-0.00033888051)  (0.0000000,4.1173032e-05)  
(-0.0000000,-7.1529430e-05)  (0.0000000,0.00030955291)  (0.34696354,0.0000000)  (0.0000000,-0.00019678645)  (0.0000000,0.0017757492)  (0.0000000,0.0077863174)  (0.0000000,0.00093395884)  (0.0000000,-0.00012835242)  (0.0000000,6.0788283e-05)  (0.0000000,0.00078095704)  (0.0000000,-6.9068760e-05)  
(0.0000000,6.2613986e-06)  (0.0000000,1.0353681e-05)  (0.0000000,0.00019678645)  (0.37675922,0.0000000)  (0.0000000,0.00023344765)  (0.0000000,0.00029260242)  (0.0000000,-0.00031257481)  (0.0000000,7.4710282e-06)  (0.0000000,0.00017062549)  (0.0000000,-3.6124901e-07)  (0.0000000,-0.00011309656)  
(0.0000000,0.00033261946)  (-0.0000000,-0.00013887093)  (-0.0000000,-0.0017757492)  (-0.0000000,-0.00023344765)  (0.38676712,0.0000000)  (0.0000000,0.016384852)  (0.0000000,0.0015475276)  (0.0000000,-0.00023621388)  (0.0000000,-4.3630141e-05)  (0.0000000,-7.8436048e-05)  (0.0000000,-0.00054109140)  
(0.0000000,8.2291732e-05)  (-0.0000000,-0.00063812830)  (-0.0000000,-0.0077863174)  (-0.0000000,-0.00029260242)  (-0.0000000,-0.016384852)  (0.39325585,0.0000000)  (0.0000000,-0.00031760055)  (0.0000000,0.0057101302)  (0.0000000,-0.0013677192)  (0.0000000,0.00013052743)  (0.0000000,0.00040270584)  
(0.0000000,3.8626917e-05)  (0.0000000,0.00011260913)  (-0.0000000,-0.00093395884)  (0.0000000,0.00031257481)  (-0.0000000,-0.0015475276)  (0.0000000,0.00031760055)  (0.40993459,0.0000000)  (0.0000000,0.00082704488)  (0.0000000,-0.00034987190)  (0.0000000,0.00036236217)  (0.0000000,3.8312560e-05)  
(0.0000000,5.9241783e-05)  (0.0000000,0.00022396822)  (0.0000000,0.00012835242)  (-0.0000000,-7.4710282e-06)  (0.0000000,0.00023621388)  (-0.0000000,-0.0057101302)  (-0.0000000,-0.00082704488)  (0.42203704,0.0000000)  (0.0000000,-0.00043254995)  (0.0000000,0.00013688759)  (0.0000000,-0.00019542068)  
(-0.0000000,-0.00022338827)  (0.0000000,6.1683401e-05)  (-0.0000000,-6.0788283e-05)  (-0.0000000,-0.00017062549)  (0.0000000,4.3630141e-05)  (0.0000000,0.0013677192)  (0.0000000,0.00034987190)  (0.0000000,0.00043254995)  (0.43802837,0.0000000)  (0.0000000,0.00082102632)  (0.0000000,-0.0013283813)  
(-0.0000000,-1.3955610e-05)  (0.0000000,0.00033888051)  (-0.0000000,-0.00078095704)  (0.0000000,3.6124901e-07)  (0.0000000,7.8436048e-05)  (-0.0000000,-0.00013052743)  (-0.0000000,-0.00036236217)  (-0.0000000,-0.00013688759)  (-0.0000000,-0.00082102632)  (0.44410128,0.0000000)  (0.0000000,0.00023700213)  
(0.0000000,3.3246181e-05)  (-0.0000000,-4.1173032e-05)  (0.0000000,6.9068760e-05)  (0.0000000,0.00011309656)  (0.0000000,0.00054109140)  (-0.0000000,-0.00040270584)  (-0.0000000,-3.8312560e-05)  (0.0000000,0.00019542068)  (0.0000000,0.0013283813)  (-0.0000000,-0.00023700213)  (0.45652512,0.0000000)  
