(0.0000000,0.0000000)  (0.0000000,6.5899911e-05)  (0.0000000,4.7882707e-05)  (0.0000000,1.0466698e-05)  (0.0000000,-5.0850947e-05)  (0.0000000,-7.8230302e-05)  (0.0000000,9.3949918e-05)  (0.0000000,0.00015799840)  (0.0000000,-1.0160154e-05)  (0.0000000,0.00013209171)  (0.0000000,0.00019050560)  
(-0.0000000,-6.5899911e-05)  (0.22210080,0.0000000)  (0.0000000,-0.00013448902)  (0.0000000,9.6017713e-05)  (0.0000000,-0.00017428091)  (0.0000000,-0.00019146005)  (0.0000000,-1.3253051e-05)  (0.0000000,0.00010685029)  (0.0000000,-5.2481689e-05)  (0.0000000,-7.4412865e-07)  (0.0000000,7.5423908e-05)  
(-0.0000000,-4.7882707e-05)  (0.0000000,0.00013448902)  (0.34079398,0.0000000)  (0.0000000,0.0041288529)  (0.0000000,-0.0071688991)  (0.0000000,-0.0067724303)  (0.0000000,0.00019167702)  (0.0000000,0.0020492911)  (0.0000000,0.00022038440)  (0.0000000,0.00062127425)  (0.0000000,0.00026786055)  
(-0.0000000,-1.0466698e-05)  (-0.0000000,-9.6017713e-05)  (-0.0000000,-0.0041288529)  (0.38629470,0.0000000)  (0.0000000,-0.0085495795)  (0.0000000,0.0088034094)  (0.0000000,0.0016904886)  (0.0000000,-0.0015078820)  (0.0000000,0.0021814997)  (0.0000000,0.0011744352)  (0.0000000,0.00086913395)  
(0.0000000,5.0850947e-05)  (0.0000000,0.00017428091)  (0.0000000,0.0071688991)  (0.0000000,0.0085495795)  (0.39037558,0.0000000)  (0.0000000,0.0052056468)  (0.0000000,-0.00088229171)  (0.0000000,-0.0012114587)  (0.0000000,-0.00076630309)  (0.0000000,-0.0019004693)  (0.0000000,-0.00021354126)  
(0.0000000,7.8230302e-05)  (0.0000000,0.00019146005)  (0.0000000,0.0067724303)  (-0.0000000,-0.0088034094)  (-0.0000000,-0.0052056468)  (0.39967201,0.0000000)  (0.0000000,-0.0026898374)  (0.0000000,-0.0036555820)  (0.0000000,0.00050520872)  (0.0000000,0.0023770591)  (0.0000000,0.00067060721)  
(-0.0000000,-9.3949918e-05)  (0.0000000,1.3253051e-05)  (-0.0000000,-0.00019167702)  (-0.0000000,-0.0016904886)  (0.0000000,0.00088229171)  (0.0000000,0.0026898374)  (0.42679835,0.0000000)  (0.0000000,0.0054124130)  (0.0000000,-0.0090920410)  (0.0000000,-0.0012565724)  (0.0000000,0.0075659224)  
(-0.0000000,-0.00015799840)  (-0.0000000,-0.00010685029)  (-0.0000000,-0.0020492911)  (0.0000000,0.0015078820)  (0.0000000,0.0012114587)  (0.0000000,0.0036555820)  (-0.0000000,-0.0054124130)  (0.43218735,0.0000000)  (0.0000000,-0.0010963042)  (0.0000000,0.00057189890)  (0.0000000,0.010045036)  
(0.0000000,1.0160154e-05)  (0.0000000,5.2481689e-05)  (-0.0000000,-0.00022038440)  (-0.0000000,-0.0021814997)  (0.0000000,0.00076630309)  (-0.0000000,-0.00050520872)  (0.0000000,0.0090920410)  (0.0000000,0.0010963042)  (0.45198063,0.0000000)  (0.0000000,0.00078680307)  (0.0000000,0.0076884086)  
(-0.0000000,-0.00013209171)  (0.0000000,7.4412865e-07)  (-0.0000000,-0.00062127425)  (-0.0000000,-0.0011744352)  (0.0000000,0.0019004693)  (-0.0000000,-0.0023770591)  (0.0000000,0.0012565724)  (-0.0000000,-0.00057189890)  (-0.0000000,-0.00078680307)  (0.45668002,0.0000000)  (0.0000000,0.0098357456)  
(-0.0000000,-0.00019050560)  (-0.0000000,-7.5423908e-05)  (-0.0000000,-0.00026786055)  (-0.0000000,-0.00086913395)  (0.0000000,0.00021354126)  (-0.0000000,-0.00067060721)  (-0.0000000,-0.0075659224)  (-0.0000000,-0.010045036)  (-0.0000000,-0.0076884086)  (-0.0000000,-0.0098357456)  (0.45839422,0.0000000)  
