(0.0000000,0.0000000)  (0.0000000,-3.4335555e-06)  (0.0000000,-3.9742301e-06)  (0.0000000,-4.8965363e-05)  (0.0000000,1.8585649e-05)  (0.0000000,-1.8869864e-05)  (0.0000000,-9.7847705e-05)  (0.0000000,8.1589357e-05)  (0.0000000,7.5058458e-05)  (0.0000000,3.8606743e-05)  (0.0000000,1.8843418e-06)  
(0.0000000,3.4335555e-06)  (0.20244883,0.0000000)  (0.0000000,-3.6995750e-05)  (0.0000000,-3.1318934e-06)  (0.0000000,-8.3488820e-05)  (0.0000000,-5.5602286e-05)  (0.0000000,2.0505572e-05)  (0.0000000,-5.6217721e-05)  (0.0000000,-1.4045116e-05)  (0.0000000,-0.00016528995)  (0.0000000,1.6816644e-05)  
(0.0000000,3.9742301e-06)  (0.0000000,3.6995750e-05)  (0.35641616,0.0000000)  (0.0000000,-0.00010035329)  (0.0000000,-0.00032670675)  (0.0000000,-0.00022745079)  (0.0000000,-0.00030741298)  (0.0000000,-0.00041078580)  (0.0000000,-0.00042021042)  (0.0000000,0.00042277267)  (0.0000000,6.1577874e-05)  
(0.0000000,4.8965363e-05)  (0.0000000,3.1318934e-06)  (0.0000000,0.00010035329)  (0.39491272,0.0000000)  (0.0000000,0.00013578406)  (0.0000000,0.00012128048)  (0.0000000,-0.00091600001)  (0.0000000,-0.00012053992)  (0.0000000,-8.6358274e-05)  (0.0000000,7.3419387e-05)  (0.0000000,-7.1178735e-05)  
(-0.0000000,-1.8585649e-05)  (0.0000000,8.3488820e-05)  (0.0000000,0.00032670675)  (-0.0000000,-0.00013578406)  (0.39748245,0.0000000)  (0.0000000,0.00088319689)  (0.0000000,0.00021241427)  (0.0000000,-0.00063956922)  (0.0000000,0.00020613025)  (0.0000000,-0.00016058238)  (0.0000000,1.3665217e-05)  
(0.0000000,1.8869864e-05)  (0.0000000,5.5602286e-05)  (0.0000000,0.00022745079)  (-0.0000000,-0.00012128048)  (-0.0000000,-0.00088319689)  (0.42619933,0.0000000)  (0.0000000,0.0017816397)  (0.0000000,-0.0088815512)  (0.0000000,0.00086659367)  (0.0000000,-0.0011477382)  (0.0000000,-0.00046377610)  
(0.0000000,9.7847705e-05)  (-0.0000000,-2.0505572e-05)  (0.0000000,0.00030741298)  (0.0000000,0.00091600001)  (-0.0000000,-0.00021241427)  (-0.0000000,-0.0017816397)  (0.42725460,0.0000000)  (0.0000000,-0.00012625023)  (0.0000000,0.0022285596)  (0.0000000,-0.00065942675)  (0.0000000,9.8094146e-05)  
(-0.0000000,-8.1589357e-05)  (0.0000000,5.6217721e-05)  (0.0000000,0.00041078580)  (0.0000000,0.00012053992)  (0.0000000,0.00063956922)  (0.0000000,0.0088815512)  (0.0000000,0.00012625023)  (0.42955643,0.0000000)  (0.0000000,-0.011076288)  (0.0000000,0.0066424252)  (0.0000000,-0.00082952802)  
(-0.0000000,-7.5058458e-05)  (0.0000000,1.4045116e-05)  (0.0000000,0.00042021042)  (0.0000000,8.6358274e-05)  (-0.0000000,-0.00020613025)  (-0.0000000,-0.00086659367)  (-0.0000000,-0.0022285596)  (0.0000000,0.011076288)  (0.43347415,0.0000000)  (0.0000000,0.010776084)  (0.0000000,-0.00071914178)  
(-0.0000000,-3.8606743e-05)  (0.0000000,0.00016528995)  (-0.0000000,-0.00042277267)  (-0.0000000,-7.3419387e-05)  (0.0000000,0.00016058238)  (0.0000000,0.0011477382)  (0.0000000,0.00065942675)  (-0.0000000,-0.0066424252)  (-0.0000000,-0.010776084)  (0.44485429,0.0000000)  (0.0000000,-0.0011045745)  
(-0.0000000,-1.8843418e-06)  (-0.0000000,-1.6816644e-05)  (-0.0000000,-6.1577874e-05)  (0.0000000,7.1178735e-05)  (-0.0000000,-1.3665217e-05)  (0.0000000,0.00046377610)  (-0.0000000,-9.8094146e-05)  (0.0000000,0.00082952802)  (0.0000000,0.00071914178)  (0.0000000,0.0011045745)  (0.46358678,0.0000000)  
