(0.0000000,0.0000000)  (0.0000000,3.7140857e-06)  (0.0000000,-6.1818050e-05)  (0.0000000,-6.7387428e-05)  (0.0000000,0.00080038602)  (0.0000000,4.4990857e-05)  (0.0000000,-0.00033756039)  (0.0000000,-2.0042776e-05)  (0.0000000,-5.2563784e-05)  (0.0000000,9.5457524e-05)  (0.0000000,-3.7395141e-05)  
(-0.0000000,-3.7140857e-06)  (0.20651832,0.0000000)  (0.0000000,-1.4929821e-05)  (0.0000000,2.7822705e-05)  (0.0000000,-0.00018152503)  (0.0000000,-0.00029692666)  (0.0000000,-0.00043587481)  (0.0000000,-6.8763415e-06)  (0.0000000,2.1175902e-05)  (0.0000000,-5.0114580e-05)  (0.0000000,-9.8740250e-05)  
(0.0000000,6.1818050e-05)  (0.0000000,1.4929821e-05)  (0.35252655,0.0000000)  (0.0000000,-0.0013152543)  (0.0000000,-0.00040531302)  (0.0000000,0.00030623989)  (0.0000000,6.5299996e-05)  (0.0000000,-0.00025093329)  (0.0000000,0.00052817372)  (0.0000000,0.00016392019)  (0.0000000,-0.00014900722)  
(0.0000000,6.7387428e-05)  (-0.0000000,-2.7822705e-05)  (0.0000000,0.0013152543)  (0.37743394,0.0000000)  (0.0000000,0.00016985611)  (0.0000000,1.1972570e-05)  (0.0000000,-0.00055210284)  (0.0000000,-0.00023392510)  (0.0000000,-0.00033182897)  (0.0000000,0.00016131783)  (0.0000000,0.00037793297)  
(-0.0000000,-0.00080038602)  (0.0000000,0.00018152503)  (0.0000000,0.00040531302)  (-0.0000000,-0.00016985611)  (0.39409945,0.0000000)  (0.0000000,0.00048905673)  (0.0000000,0.0022977565)  (0.0000000,-1.4186050e-05)  (0.0000000,1.6010176e-06)  (0.0000000,-7.7616813e-05)  (0.0000000,-1.1176684e-06)  
(-0.0000000,-4.4990857e-05)  (0.0000000,0.00029692666)  (-0.0000000,-0.00030623989)  (-0.0000000,-1.1972570e-05)  (-0.0000000,-0.00048905673)  (0.40470343,0.0000000)  (0.0000000,-0.0017587871)  (0.0000000,2.3134120e-05)  (0.0000000,-0.00031373216)  (0.0000000,0.00082868613)  (0.0000000,0.0011185056)  
(0.0000000,0.00033756039)  (0.0000000,0.00043587481)  (-0.0000000,-6.5299996e-05)  (0.0000000,0.00055210284)  (-0.0000000,-0.0022977565)  (0.0000000,0.0017587871)  (0.41321653,0.0000000)  (0.0000000,0.00015517330)  (0.0000000,8.4750397e-05)  (0.0000000,-0.00036409135)  (0.0000000,-0.00025101402)  
(0.0000000,2.0042776e-05)  (0.0000000,6.8763415e-06)  (0.0000000,0.00025093329)  (0.0000000,0.00023392510)  (0.0000000,1.4186050e-05)  (-0.0000000,-2.3134120e-05)  (-0.0000000,-0.00015517330)  (0.42031697,0.0000000)  (0.0000000,0.0012432278)  (0.0000000,0.00057280924)  (0.0000000,9.0480108e-06)  
(0.0000000,5.2563784e-05)  (-0.0000000,-2.1175902e-05)  (-0.0000000,-0.00052817372)  (0.0000000,0.00033182897)  (-0.0000000,-1.6010176e-06)  (0.0000000,0.00031373216)  (-0.0000000,-8.4750397e-05)  (-0.0000000,-0.0012432278)  (0.45286392,0.0000000)  (0.0000000,-0.00037898925)  (0.0000000,0.0011167332)  
(-0.0000000,-9.5457524e-05)  (0.0000000,5.0114580e-05)  (-0.0000000,-0.00016392019)  (-0.0000000,-0.00016131783)  (0.0000000,7.7616813e-05)  (-0.0000000,-0.00082868613)  (0.0000000,0.00036409135)  (-0.0000000,-0.00057280924)  (0.0000000,0.00037898925)  (0.45532101,0.0000000)  (0.0000000,-0.0021687197)  
(0.0000000,3.7395141e-05)  (0.0000000,9.8740250e-05)  (0.0000000,0.00014900722)  (-0.0000000,-0.00037793297)  (0.0000000,1.1176684e-06)  (-0.0000000,-0.0011185056)  (0.0000000,0.00025101402)  (-0.0000000,-9.0480108e-06)  (-0.0000000,-0.0011167332)  (0.0000000,0.0021687197)  (0.46728970,0.0000000)  
