(0.0000000,0.0000000)  (0.0000000,8.6089953e-05)  (0.0000000,3.1238365e-05)  (0.0000000,0.00032794678)  (0.0000000,-0.00022885728)  (0.0000000,-1.1524989e-05)  (0.0000000,3.6554710e-05)  (0.0000000,6.5775716e-05)  (0.0000000,0.00021821086)  (0.0000000,-7.1591342e-05)  (0.0000000,-7.7383208e-06)  
(-0.0000000,-8.6089953e-05)  (0.21710374,0.0000000)  (0.0000000,0.00041380268)  (0.0000000,0.00014588992)  (0.0000000,5.9128744e-05)  (0.0000000,0.00018695555)  (0.0000000,0.00010749357)  (0.0000000,-3.8958069e-05)  (0.0000000,2.6136938e-05)  (0.0000000,-6.9423395e-05)  (0.0000000,-0.00037333139)  
(-0.0000000,-3.1238365e-05)  (-0.0000000,-0.00041380268)  (0.33802764,0.0000000)  (0.0000000,-0.00059289563)  (0.0000000,-0.00069760858)  (0.0000000,-0.0089645753)  (0.0000000,0.00085999735)  (0.0000000,-0.00017209949)  (0.0000000,0.00040576684)  (0.0000000,-0.00016406883)  (0.0000000,-8.3618291e-05)  
(-0.0000000,-0.00032794678)  (-0.0000000,-0.00014588992)  (0.0000000,0.00059289563)  (0.39143674,0.0000000)  (0.0000000,-0.0013967473)  (0.0000000,-0.0031863066)  (0.0000000,0.0012717901)  (0.0000000,0.00097037818)  (0.0000000,0.0023343007)  (0.0000000,-0.00041984645)  (0.0000000,-0.00054870478)  
(0.0000000,0.00022885728)  (-0.0000000,-5.9128744e-05)  (0.0000000,0.00069760858)  (0.0000000,0.0013967473)  (0.40009298,0.0000000)  (0.0000000,-0.0057323179)  (0.0000000,0.00095688890)  (0.0000000,-0.00031729888)  (0.0000000,0.0010292033)  (0.0000000,-0.00034138249)  (0.0000000,0.00049525500)  
(0.0000000,1.1524989e-05)  (-0.0000000,-0.00018695555)  (0.0000000,0.0089645753)  (0.0000000,0.0031863066)  (0.0000000,0.0057323179)  (0.40979861,0.0000000)  (0.0000000,0.00064058496)  (0.0000000,-0.00012336860)  (0.0000000,-0.00013533031)  (0.0000000,-0.0011092231)  (0.0000000,0.0039293674)  
(-0.0000000,-3.6554710e-05)  (-0.0000000,-0.00010749357)  (-0.0000000,-0.00085999735)  (-0.0000000,-0.0012717901)  (-0.0000000,-0.00095688890)  (-0.0000000,-0.00064058496)  (0.41405810,0.0000000)  (0.0000000,-0.0035130426)  (0.0000000,0.00026297382)  (0.0000000,-0.00077117452)  (0.0000000,0.0033206237)  
(-0.0000000,-6.5775716e-05)  (0.0000000,3.8958069e-05)  (0.0000000,0.00017209949)  (-0.0000000,-0.00097037818)  (0.0000000,0.00031729888)  (0.0000000,0.00012336860)  (0.0000000,0.0035130426)  (0.42938150,0.0000000)  (0.0000000,0.0010832366)  (0.0000000,0.0029388420)  (0.0000000,-0.0021900153)  
(-0.0000000,-0.00021821086)  (-0.0000000,-2.6136938e-05)  (-0.0000000,-0.00040576684)  (-0.0000000,-0.0023343007)  (-0.0000000,-0.0010292033)  (0.0000000,0.00013533031)  (-0.0000000,-0.00026297382)  (-0.0000000,-0.0010832366)  (0.43629947,0.0000000)  (0.0000000,-0.0024320243)  (0.0000000,-0.0031988118)  
(0.0000000,7.1591342e-05)  (0.0000000,6.9423395e-05)  (0.0000000,0.00016406883)  (0.0000000,0.00041984645)  (0.0000000,0.00034138249)  (0.0000000,0.0011092231)  (0.0000000,0.00077117452)  (-0.0000000,-0.0029388420)  (0.0000000,0.0024320243)  (0.44542520,0.0000000)  (0.0000000,-0.00032042029)  
(0.0000000,7.7383208e-06)  (0.0000000,0.00037333139)  (0.0000000,8.3618291e-05)  (0.0000000,0.00054870478)  (-0.0000000,-0.00049525500)  (-0.0000000,-0.0039293674)  (-0.0000000,-0.0033206237)  (0.0000000,0.0021900153)  (0.0000000,0.0031988118)  (0.0000000,0.00032042029)  (0.45212855,0.0000000)  
