(0.0000000,0.0000000)  (0.0000000,-1.3156600e-05)  (0.0000000,-2.2726208e-05)  (0.0000000,-0.00012152831)  (0.0000000,-0.00021081397)  (0.0000000,-7.2903766e-06)  (0.0000000,-2.2385585e-05)  (0.0000000,-8.6361855e-05)  (0.0000000,-3.5279799e-05)  (0.0000000,1.3272497e-05)  (0.0000000,-0.00014783798)  
(0.0000000,1.3156600e-05)  (0.22354305,0.0000000)  (0.0000000,-0.00034594924)  (0.0000000,-4.9564745e-05)  (0.0000000,0.00013787698)  (0.0000000,3.8219533e-05)  (0.0000000,-7.3031111e-05)  (0.0000000,1.7427643e-05)  (0.0000000,-4.1434338e-05)  (0.0000000,-1.0348019e-08)  (0.0000000,-4.3506341e-05)  
(0.0000000,2.2726208e-05)  (0.0000000,0.00034594924)  (0.33991529,0.0000000)  (0.0000000,-0.00084945410)  (0.0000000,0.00022507066)  (0.0000000,-0.00029620372)  (0.0000000,-0.0042527260)  (0.0000000,-0.00031887129)  (0.0000000,0.00032648670)  (0.0000000,0.00022635971)  (0.0000000,-0.00015343967)  
(0.0000000,0.00012152831)  (0.0000000,4.9564745e-05)  (0.0000000,0.00084945410)  (0.37549300,0.0000000)  (0.0000000,-0.022187396)  (0.0000000,-0.0031870475)  (0.0000000,-0.00088591774)  (0.0000000,-0.00014895175)  (0.0000000,-0.00013047797)  (0.0000000,0.00013728697)  (0.0000000,6.7865609e-05)  
(0.0000000,0.00021081397)  (-0.0000000,-0.00013787698)  (-0.0000000,-0.00022507066)  (0.0000000,0.022187396)  (0.37753703,0.0000000)  (0.0000000,0.0016653884)  (0.0000000,-0.0019042557)  (0.0000000,-1.4994626e-05)  (0.0000000,-0.00036996498)  (0.0000000,0.00016733983)  (0.0000000,-5.7209526e-05)  
(0.0000000,7.2903766e-06)  (-0.0000000,-3.8219533e-05)  (0.0000000,0.00029620372)  (0.0000000,0.0031870475)  (-0.0000000,-0.0016653884)  (0.39714178,0.0000000)  (0.0000000,0.014480608)  (0.0000000,-0.0018110614)  (0.0000000,2.3321393e-05)  (0.0000000,-0.00061402362)  (0.0000000,-1.8197113e-05)  
(0.0000000,2.2385585e-05)  (0.0000000,7.3031111e-05)  (0.0000000,0.0042527260)  (0.0000000,0.00088591774)  (0.0000000,0.0019042557)  (-0.0000000,-0.014480608)  (0.41048014,0.0000000)  (0.0000000,-0.00055524299)  (0.0000000,-0.00016745274)  (0.0000000,8.5893504e-05)  (0.0000000,-0.00036063000)  
(0.0000000,8.6361855e-05)  (-0.0000000,-1.7427643e-05)  (0.0000000,0.00031887129)  (0.0000000,0.00014895175)  (0.0000000,1.4994626e-05)  (0.0000000,0.0018110614)  (0.0000000,0.00055524299)  (0.42540425,0.0000000)  (0.0000000,0.0010220767)  (0.0000000,6.3330559e-05)  (0.0000000,-0.00057928968)  
(0.0000000,3.5279799e-05)  (0.0000000,4.1434338e-05)  (-0.0000000,-0.00032648670)  (0.0000000,0.00013047797)  (0.0000000,0.00036996498)  (-0.0000000,-2.3321393e-05)  (0.0000000,0.00016745274)  (-0.0000000,-0.0010220767)  (0.43887545,0.0000000)  (0.0000000,-8.4552530e-05)  (0.0000000,0.0017523407)  
(-0.0000000,-1.3272497e-05)  (0.0000000,1.0348019e-08)  (-0.0000000,-0.00022635971)  (-0.0000000,-0.00013728697)  (-0.0000000,-0.00016733983)  (0.0000000,0.00061402362)  (-0.0000000,-8.5893504e-05)  (-0.0000000,-6.3330559e-05)  (0.0000000,8.4552530e-05)  (0.44390320,0.0000000)  (0.0000000,0.00010712968)  
(0.0000000,0.00014783798)  (0.0000000,4.3506341e-05)  (0.0000000,0.00015343967)  (-0.0000000,-6.7865609e-05)  (0.0000000,5.7209526e-05)  (0.0000000,1.8197113e-05)  (0.0000000,0.00036063000)  (0.0000000,0.00057928968)  (-0.0000000,-0.0017523407)  (-0.0000000,-0.00010712968)  (0.45383595,0.0000000)  
