(0.0000000,0.0000000)  (0.0000000,-1.1764794e-06)  (0.0000000,9.2423174e-06)  (0.0000000,-2.3742557e-05)  (0.0000000,-6.7661450e-05)  (0.0000000,-8.4353526e-05)  (0.0000000,3.9714807e-05)  (0.0000000,9.1055266e-05)  (0.0000000,0.00021113761)  (0.0000000,0.00014770354)  (0.0000000,-1.1615181e-05)  
(0.0000000,1.1764794e-06)  (0.20314505,0.0000000)  (0.0000000,2.6103394e-05)  (0.0000000,6.0293591e-05)  (0.0000000,-0.00070567491)  (0.0000000,0.00017204226)  (0.0000000,4.9306640e-05)  (0.0000000,-0.00029538482)  (0.0000000,-0.00018463791)  (0.0000000,0.00019960621)  (0.0000000,2.0599580e-06)  
(-0.0000000,-9.2423174e-06)  (-0.0000000,-2.6103394e-05)  (0.35653228,0.0000000)  (0.0000000,0.00015672064)  (0.0000000,0.0023579333)  (0.0000000,-0.00051680705)  (0.0000000,8.4142887e-06)  (0.0000000,0.00019510049)  (0.0000000,-4.9312521e-05)  (0.0000000,-2.9263280e-05)  (0.0000000,-1.4755636e-06)  
(0.0000000,2.3742557e-05)  (-0.0000000,-6.0293591e-05)  (-0.0000000,-0.00015672064)  (0.39323582,0.0000000)  (0.0000000,0.0078291001)  (0.0000000,0.0028253949)  (0.0000000,5.7900527e-05)  (0.0000000,-0.00055283205)  (0.0000000,0.0012612137)  (0.0000000,-0.0044677840)  (0.0000000,-0.00027306175)  
(0.0000000,6.7661450e-05)  (0.0000000,0.00070567491)  (-0.0000000,-0.0023579333)  (-0.0000000,-0.0078291001)  (0.39495498,0.0000000)  (0.0000000,0.0079688842)  (0.0000000,-0.00033322096)  (0.0000000,0.00018638967)  (0.0000000,0.00067618730)  (0.0000000,-0.0014766056)  (0.0000000,3.2002987e-05)  
(0.0000000,8.4353526e-05)  (-0.0000000,-0.00017204226)  (0.0000000,0.00051680705)  (-0.0000000,-0.0028253949)  (-0.0000000,-0.0079688842)  (0.40055382,0.0000000)  (0.0000000,-0.0015872986)  (0.0000000,0.0026585657)  (0.0000000,0.0013537232)  (0.0000000,-0.0086636896)  (0.0000000,3.0727304e-05)  
(-0.0000000,-3.9714807e-05)  (-0.0000000,-4.9306640e-05)  (-0.0000000,-8.4142887e-06)  (-0.0000000,-5.7900527e-05)  (0.0000000,0.00033322096)  (0.0000000,0.0015872986)  (0.42350079,0.0000000)  (0.0000000,0.0046430621)  (0.0000000,-0.0049422512)  (0.0000000,-0.0030815407)  (0.0000000,9.1527415e-05)  
(-0.0000000,-9.1055266e-05)  (0.0000000,0.00029538482)  (-0.0000000,-0.00019510049)  (0.0000000,0.00055283205)  (-0.0000000,-0.00018638967)  (-0.0000000,-0.0026585657)  (-0.0000000,-0.0046430621)  (0.42709786,0.0000000)  (0.0000000,-0.014522572)  (0.0000000,-0.0043955805)  (0.0000000,0.0011366122)  
(-0.0000000,-0.00021113761)  (0.0000000,0.00018463791)  (0.0000000,4.9312521e-05)  (-0.0000000,-0.0012612137)  (-0.0000000,-0.00067618730)  (-0.0000000,-0.0013537232)  (0.0000000,0.0049422512)  (0.0000000,0.014522572)  (0.42947760,0.0000000)  (0.0000000,0.015290915)  (0.0000000,-0.0025002975)  
(-0.0000000,-0.00014770354)  (-0.0000000,-0.00019960621)  (0.0000000,2.9263280e-05)  (0.0000000,0.0044677840)  (0.0000000,0.0014766056)  (0.0000000,0.0086636896)  (0.0000000,0.0030815407)  (0.0000000,0.0043955805)  (-0.0000000,-0.015290915)  (0.43893719,0.0000000)  (0.0000000,-0.00091190428)  
(0.0000000,1.1615181e-05)  (-0.0000000,-2.0599580e-06)  (0.0000000,1.4755636e-06)  (0.0000000,0.00027306175)  (-0.0000000,-3.2002987e-05)  (-0.0000000,-3.0727304e-05)  (-0.0000000,-9.1527415e-05)  (-0.0000000,-0.0011366122)  (0.0000000,0.0025002975)  (0.0000000,0.00091190428)  (0.46069549,0.0000000)  
