(0.0000000,0.0000000)  (0.0000000,1.3759510e-05)  (0.0000000,3.0483518e-05)  (0.0000000,3.9968349e-05)  (0.0000000,-0.00043598355)  (0.0000000,1.2001511e-05)  (0.0000000,-3.9328789e-05)  (0.0000000,2.2849358e-05)  (0.0000000,-7.3235340e-05)  (0.0000000,-5.6258649e-05)  (0.0000000,0.00019561955)  
(-0.0000000,-1.3759510e-05)  (0.24323656,0.0000000)  (0.0000000,-0.00056095349)  (0.0000000,-0.0016577572)  (0.0000000,-0.00051203668)  (0.0000000,1.6589989e-05)  (0.0000000,-0.00011585316)  (0.0000000,-0.00012233312)  (0.0000000,-0.00028399799)  (0.0000000,0.00035526668)  (0.0000000,-3.4269335e-05)  
(-0.0000000,-3.0483518e-05)  (0.0000000,0.00056095349)  (0.33258388,0.0000000)  (0.0000000,-0.00043314667)  (0.0000000,-1.4458469e-05)  (0.0000000,0.0079347422)  (0.0000000,-0.00068114565)  (0.0000000,0.00065263131)  (0.0000000,0.00073216456)  (0.0000000,-0.00066741938)  (0.0000000,0.00088946325)  
(-0.0000000,-3.9968349e-05)  (0.0000000,0.0016577572)  (0.0000000,0.00043314667)  (0.34351439,0.0000000)  (0.0000000,0.0011765803)  (0.0000000,-0.0011117584)  (0.0000000,0.00059214528)  (0.0000000,-0.00015614753)  (0.0000000,0.0027425655)  (0.0000000,-0.0023449351)  (0.0000000,0.00039715087)  
(0.0000000,0.00043598355)  (0.0000000,0.00051203668)  (0.0000000,1.4458469e-05)  (-0.0000000,-0.0011765803)  (0.35653982,0.0000000)  (0.0000000,0.020136674)  (0.0000000,0.00085520363)  (0.0000000,-0.00024356378)  (0.0000000,-0.00011195869)  (0.0000000,0.00022746528)  (0.0000000,-0.0011671605)  
(-0.0000000,-1.2001511e-05)  (-0.0000000,-1.6589989e-05)  (-0.0000000,-0.0079347422)  (0.0000000,0.0011117584)  (-0.0000000,-0.020136674)  (0.35945353,0.0000000)  (0.0000000,-3.5912277e-05)  (0.0000000,-0.00061648516)  (0.0000000,0.00032963965)  (0.0000000,-0.00031236059)  (0.0000000,6.3172042e-05)  
(0.0000000,3.9328789e-05)  (0.0000000,0.00011585316)  (0.0000000,0.00068114565)  (-0.0000000,-0.00059214528)  (-0.0000000,-0.00085520363)  (0.0000000,3.5912277e-05)  (0.41375308,0.0000000)  (0.0000000,0.00049723191)  (0.0000000,0.0035365951)  (0.0000000,0.0014814647)  (0.0000000,0.0010502081)  
(-0.0000000,-2.2849358e-05)  (0.0000000,0.00012233312)  (-0.0000000,-0.00065263131)  (0.0000000,0.00015614753)  (0.0000000,0.00024356378)  (0.0000000,0.00061648516)  (-0.0000000,-0.00049723191)  (0.41959300,0.0000000)  (0.0000000,0.0014452181)  (0.0000000,0.0048946968)  (0.0000000,0.00055754581)  
(0.0000000,7.3235340e-05)  (0.0000000,0.00028399799)  (-0.0000000,-0.00073216456)  (-0.0000000,-0.0027425655)  (0.0000000,0.00011195869)  (-0.0000000,-0.00032963965)  (-0.0000000,-0.0035365951)  (-0.0000000,-0.0014452181)  (0.43048565,0.0000000)  (0.0000000,0.022236419)  (0.0000000,0.0017372960)  
(0.0000000,5.6258649e-05)  (-0.0000000,-0.00035526668)  (0.0000000,0.00066741938)  (0.0000000,0.0023449351)  (-0.0000000,-0.00022746528)  (0.0000000,0.00031236059)  (-0.0000000,-0.0014814647)  (-0.0000000,-0.0048946968)  (-0.0000000,-0.022236419)  (0.44003785,0.0000000)  (0.0000000,-0.0024766367)  
(-0.0000000,-0.00019561955)  (0.0000000,3.4269335e-05)  (-0.0000000,-0.00088946325)  (-0.0000000,-0.00039715087)  (0.0000000,0.0011671605)  (-0.0000000,-6.3172042e-05)  (-0.0000000,-0.0010502081)  (-0.0000000,-0.00055754581)  (-0.0000000,-0.0017372960)  (0.0000000,0.0024766367)  (0.45225497,0.0000000)  
