(0.0000000,0.0000000)  (0.0000000,-8.6464471e-05)  (0.0000000,-3.7787908e-05)  (0.0000000,-1.6740041e-05)  (0.0000000,-0.00032033221)  (0.0000000,-0.00012092701)  (0.0000000,-2.7004463e-05)  (0.0000000,5.9930075e-05)  (0.0000000,-0.00012768749)  (0.0000000,-4.4646822e-05)  (0.0000000,-6.8337563e-05)  
(0.0000000,8.6464471e-05)  (0.21667892,0.0000000)  (0.0000000,7.8610727e-05)  (0.0000000,0.00043690029)  (0.0000000,0.00011127213)  (0.0000000,-8.4468638e-05)  (0.0000000,0.00028620254)  (0.0000000,0.0017075892)  (0.0000000,-6.2198768e-05)  (0.0000000,5.6698150e-05)  (0.0000000,1.3416910e-05)  
(0.0000000,3.7787908e-05)  (-0.0000000,-7.8610727e-05)  (0.33382235,0.0000000)  (0.0000000,0.0022971157)  (0.0000000,0.00028808955)  (0.0000000,-0.00067796805)  (0.0000000,0.00083956464)  (0.0000000,0.0091395230)  (0.0000000,-6.3608666e-05)  (0.0000000,0.00017440249)  (0.0000000,0.00014667994)  
(0.0000000,1.6740041e-05)  (-0.0000000,-0.00043690029)  (-0.0000000,-0.0022971157)  (0.35725644,0.0000000)  (0.0000000,0.0029988432)  (0.0000000,4.1911313e-05)  (0.0000000,0.00046435194)  (0.0000000,0.00069735721)  (0.0000000,-0.00075068102)  (0.0000000,0.00015675621)  (0.0000000,0.00017518653)  
(0.0000000,0.00032033221)  (-0.0000000,-0.00011127213)  (-0.0000000,-0.00028808955)  (-0.0000000,-0.0029988432)  (0.37747455,0.0000000)  (0.0000000,-0.017452445)  (0.0000000,-0.00046199222)  (0.0000000,-2.4860916e-05)  (0.0000000,4.9909416e-06)  (0.0000000,-6.8982161e-05)  (0.0000000,-0.00021979372)  
(0.0000000,0.00012092701)  (0.0000000,8.4468638e-05)  (0.0000000,0.00067796805)  (-0.0000000,-4.1911313e-05)  (0.0000000,0.017452445)  (0.38872864,0.0000000)  (0.0000000,5.7369009e-05)  (0.0000000,-0.00070798683)  (0.0000000,-0.0012060587)  (0.0000000,-9.2189948e-07)  (0.0000000,5.4105505e-05)  
(0.0000000,2.7004463e-05)  (-0.0000000,-0.00028620254)  (-0.0000000,-0.00083956464)  (-0.0000000,-0.00046435194)  (0.0000000,0.00046199222)  (-0.0000000,-5.7369009e-05)  (0.41167634,0.0000000)  (0.0000000,0.015932772)  (0.0000000,-0.00013970212)  (0.0000000,-0.00010643336)  (0.0000000,-0.00016837016)  
(-0.0000000,-5.9930075e-05)  (-0.0000000,-0.0017075892)  (-0.0000000,-0.0091395230)  (-0.0000000,-0.00069735721)  (0.0000000,2.4860916e-05)  (0.0000000,0.00070798683)  (-0.0000000,-0.015932772)  (0.41735346,0.0000000)  (0.0000000,-0.0030325458)  (0.0000000,-0.00042590678)  (0.0000000,0.00020739957)  
(0.0000000,0.00012768749)  (0.0000000,6.2198768e-05)  (0.0000000,6.3608666e-05)  (0.0000000,0.00075068102)  (-0.0000000,-4.9909416e-06)  (0.0000000,0.0012060587)  (0.0000000,0.00013970212)  (0.0000000,0.0030325458)  (0.43407299,0.0000000)  (0.0000000,-9.7090981e-05)  (0.0000000,-0.00011681305)  
(0.0000000,4.4646822e-05)  (-0.0000000,-5.6698150e-05)  (-0.0000000,-0.00017440249)  (-0.0000000,-0.00015675621)  (0.0000000,6.8982161e-05)  (0.0000000,9.2189948e-07)  (0.0000000,0.00010643336)  (0.0000000,0.00042590678)  (0.0000000,9.7090981e-05)  (0.45637500,0.0000000)  (0.0000000,7.4890775e-05)  
(0.0000000,6.8337563e-05)  (-0.0000000,-1.3416910e-05)  (-0.0000000,-0.00014667994)  (-0.0000000,-0.00017518653)  (0.0000000,0.00021979372)  (-0.0000000,-5.4105505e-05)  (0.0000000,0.00016837016)  (-0.0000000,-0.00020739957)  (0.0000000,0.00011681305)  (-0.0000000,-7.4890775e-05)  (0.45962037,0.0000000)  
