(0.0000000,0.0000000)  (0.0000000,7.5826434e-05)  (0.0000000,-2.4941433e-05)  (0.0000000,-4.5036702e-06)  (0.0000000,-2.8042800e-05)  (0.0000000,-8.1285308e-05)  (0.0000000,1.0134273e-05)  (0.0000000,1.4674943e-07)  (0.0000000,2.0840715e-06)  (0.0000000,2.9514500e-05)  (0.0000000,-5.7470744e-05)  
(-0.0000000,-7.5826434e-05)  (0.15947301,0.0000000)  (0.0000000,-0.00010073356)  (0.0000000,-1.3682244e-06)  (0.0000000,-0.00018334999)  (0.0000000,5.5981171e-07)  (0.0000000,4.9968369e-07)  (0.0000000,-0.00020451974)  (0.0000000,1.9988438e-06)  (0.0000000,1.3837474e-05)  (0.0000000,9.2982973e-05)  
(0.0000000,2.4941433e-05)  (0.0000000,0.00010073356)  (0.26866194,0.0000000)  (0.0000000,-5.5490790e-07)  (0.0000000,0.00071521861)  (0.0000000,-0.00083977759)  (0.0000000,0.00050522708)  (0.0000000,-4.9757960e-06)  (0.0000000,-6.8662287e-05)  (0.0000000,0.00023035792)  (0.0000000,-0.00043050045)  
(0.0000000,4.5036702e-06)  (0.0000000,1.3682244e-06)  (0.0000000,5.5490790e-07)  (0.28025890,0.0000000)  (0.0000000,2.4392635e-07)  (0.0000000,5.3554329e-06)  (0.0000000,4.5875757e-06)  (0.0000000,8.5604458e-05)  (0.0000000,-0.00034304827)  (0.0000000,2.8669366e-05)  (0.0000000,-3.1151816e-05)  
(0.0000000,2.8042800e-05)  (0.0000000,0.00018334999)  (-0.0000000,-0.00071521861)  (-0.0000000,-2.4392635e-07)  (0.33768384,0.0000000)  (0.0000000,0.00056049273)  (0.0000000,-0.00020112575)  (0.0000000,-0.00040788638)  (0.0000000,-2.5670522e-05)  (0.0000000,-2.7755983e-05)  (0.0000000,0.00013101093)  
(0.0000000,8.1285308e-05)  (-0.0000000,-5.5981171e-07)  (0.0000000,0.00083977759)  (-0.0000000,-5.3554329e-06)  (-0.0000000,-0.00056049273)  (0.35620264,0.0000000)  (0.0000000,0.00041424157)  (0.0000000,0.015973270)  (0.0000000,-0.00062807371)  (0.0000000,-0.0060505022)  (0.0000000,-0.0031216847)  
(-0.0000000,-1.0134273e-05)  (-0.0000000,-4.9968369e-07)  (-0.0000000,-0.00050522708)  (-0.0000000,-4.5875757e-06)  (0.0000000,0.00020112575)  (-0.0000000,-0.00041424157)  (0.37867002,0.0000000)  (0.0000000,-0.0095431121)  (0.0000000,-0.00029676338)  (0.0000000,-0.0038846843)  (0.0000000,-0.0016912397)  
(-0.0000000,-1.4674943e-07)  (0.0000000,0.00020451974)  (0.0000000,4.9757960e-06)  (-0.0000000,-8.5604458e-05)  (0.0000000,0.00040788638)  (-0.0000000,-0.015973270)  (0.0000000,0.0095431121)  (0.38434990,0.0000000)  (0.0000000,-0.0011729952)  (0.0000000,-0.00044008338)  (0.0000000,0.0024492503)  
(-0.0000000,-2.0840715e-06)  (-0.0000000,-1.9988438e-06)  (0.0000000,6.8662287e-05)  (0.0000000,0.00034304827)  (0.0000000,2.5670522e-05)  (0.0000000,0.00062807371)  (0.0000000,0.00029676338)  (0.0000000,0.0011729952)  (0.40276653,0.0000000)  (0.0000000,0.0034039442)  (0.0000000,0.0014790207)  
(-0.0000000,-2.9514500e-05)  (-0.0000000,-1.3837474e-05)  (-0.0000000,-0.00023035792)  (-0.0000000,-2.8669366e-05)  (0.0000000,2.7755983e-05)  (0.0000000,0.0060505022)  (0.0000000,0.0038846843)  (0.0000000,0.00044008338)  (-0.0000000,-0.0034039442)  (0.41198596,0.0000000)  (0.0000000,-0.00092626352)  
(0.0000000,5.7470744e-05)  (-0.0000000,-9.2982973e-05)  (0.0000000,0.00043050045)  (0.0000000,3.1151816e-05)  (-0.0000000,-0.00013101093)  (0.0000000,0.0031216847)  (0.0000000,0.0016912397)  (-0.0000000,-0.0024492503)  (-0.0000000,-0.0014790207)  (0.0000000,0.00092626352)  (0.42021756,0.0000000)  
