(0.0000000,0.0000000)  (0.0000000,-4.4377663e-05)  (0.0000000,-2.0622986e-06)  (0.0000000,-0.00028507217)  (0.0000000,1.7620515e-05)  (0.0000000,0.00010883370)  (0.0000000,1.4010986e-05)  (0.0000000,-1.6714154e-05)  (0.0000000,0.00014960461)  (0.0000000,8.4987791e-05)  (0.0000000,0.00015195833)  
(0.0000000,4.4377663e-05)  (0.22483940,0.0000000)  (0.0000000,-0.00052628065)  (0.0000000,-7.5800005e-06)  (0.0000000,4.9240314e-05)  (0.0000000,0.00015250910)  (0.0000000,-0.00016545110)  (0.0000000,-2.7182355e-05)  (0.0000000,-0.00014653482)  (0.0000000,-7.1862233e-05)  (0.0000000,0.00010063438)  
(0.0000000,2.0622986e-06)  (0.0000000,0.00052628065)  (0.33645511,0.0000000)  (0.0000000,0.00044560187)  (0.0000000,5.8739103e-05)  (0.0000000,0.00029868614)  (0.0000000,-9.8907613e-05)  (0.0000000,-0.00070681449)  (0.0000000,-0.00077316013)  (0.0000000,0.00012179159)  (0.0000000,-6.8280247e-05)  
(0.0000000,0.00028507217)  (0.0000000,7.5800005e-06)  (-0.0000000,-0.00044560187)  (0.37081217,0.0000000)  (0.0000000,0.0020340708)  (0.0000000,0.0085134993)  (0.0000000,0.0015863555)  (0.0000000,-0.0010881938)  (0.0000000,-0.00099926537)  (0.0000000,1.3877568e-05)  (0.0000000,-0.00055075742)  
(-0.0000000,-1.7620515e-05)  (-0.0000000,-4.9240314e-05)  (-0.0000000,-5.8739103e-05)  (-0.0000000,-0.0020340708)  (0.37779317,0.0000000)  (0.0000000,0.00082537712)  (0.0000000,-0.00033669083)  (0.0000000,-0.00057447844)  (0.0000000,0.0019463711)  (0.0000000,-0.0019159607)  (0.0000000,0.00030052212)  
(-0.0000000,-0.00010883370)  (-0.0000000,-0.00015250910)  (-0.0000000,-0.00029868614)  (-0.0000000,-0.0085134993)  (-0.0000000,-0.00082537712)  (0.39445794,0.0000000)  (0.0000000,0.00028552448)  (0.0000000,0.0012766294)  (0.0000000,0.0010707320)  (0.0000000,0.0033138625)  (0.0000000,0.00046154208)  
(-0.0000000,-1.4010986e-05)  (0.0000000,0.00016545110)  (0.0000000,9.8907613e-05)  (-0.0000000,-0.0015863555)  (0.0000000,0.00033669083)  (-0.0000000,-0.00028552448)  (0.41175315,0.0000000)  (0.0000000,0.00076630464)  (0.0000000,1.0537405e-05)  (0.0000000,0.00023521471)  (0.0000000,-0.00032910916)  
(0.0000000,1.6714154e-05)  (0.0000000,2.7182355e-05)  (0.0000000,0.00070681449)  (0.0000000,0.0010881938)  (0.0000000,0.00057447844)  (-0.0000000,-0.0012766294)  (-0.0000000,-0.00076630464)  (0.43461302,0.0000000)  (0.0000000,-0.0082598238)  (0.0000000,0.010372529)  (0.0000000,0.00038315097)  
(-0.0000000,-0.00014960461)  (0.0000000,0.00014653482)  (0.0000000,0.00077316013)  (0.0000000,0.00099926537)  (-0.0000000,-0.0019463711)  (-0.0000000,-0.0010707320)  (-0.0000000,-1.0537405e-05)  (0.0000000,0.0082598238)  (0.44154717,0.0000000)  (0.0000000,-0.0016032505)  (0.0000000,-0.0047107829)  
(-0.0000000,-8.4987791e-05)  (0.0000000,7.1862233e-05)  (-0.0000000,-0.00012179159)  (-0.0000000,-1.3877568e-05)  (0.0000000,0.0019159607)  (-0.0000000,-0.0033138625)  (-0.0000000,-0.00023521471)  (-0.0000000,-0.010372529)  (0.0000000,0.0016032505)  (0.44502609,0.0000000)  (0.0000000,-0.0011427234)  
(-0.0000000,-0.00015195833)  (-0.0000000,-0.00010063438)  (0.0000000,6.8280247e-05)  (0.0000000,0.00055075742)  (-0.0000000,-0.00030052212)  (-0.0000000,-0.00046154208)  (0.0000000,0.00032910916)  (-0.0000000,-0.00038315097)  (0.0000000,0.0047107829)  (0.0000000,0.0011427234)  (0.45179358,0.0000000)  
