(0.0000000,0.0000000)  (0.0000000,4.4154140e-05)  (0.0000000,1.0987475e-06)  (0.0000000,-0.00048065815)  (0.0000000,-9.8265307e-05)  (0.0000000,-0.00014396518)  (0.0000000,6.1188308e-05)  (0.0000000,0.00011394130)  (0.0000000,-2.1113526e-05)  (0.0000000,-5.3505099e-05)  (0.0000000,-1.7229268e-06)  
(-0.0000000,-4.4154140e-05)  (0.20960476,0.0000000)  (0.0000000,-0.00060786814)  (0.0000000,0.00011930395)  (0.0000000,-0.00036107380)  (0.0000000,4.0081643e-05)  (0.0000000,9.2933597e-06)  (0.0000000,-6.3680646e-05)  (0.0000000,-6.9086708e-05)  (0.0000000,1.6684736e-05)  (0.0000000,-2.7879885e-05)  
(-0.0000000,-1.0987475e-06)  (0.0000000,0.00060786814)  (0.36314615,0.0000000)  (0.0000000,-0.00039964552)  (0.0000000,-0.00017332584)  (0.0000000,1.1775106e-05)  (0.0000000,-6.5780366e-05)  (0.0000000,-1.7773633e-05)  (0.0000000,-2.9489051e-05)  (0.0000000,-0.00019302350)  (0.0000000,-8.2008817e-05)  
(0.0000000,0.00048065815)  (-0.0000000,-0.00011930395)  (0.0000000,0.00039964552)  (0.39865183,0.0000000)  (0.0000000,-0.0024256625)  (0.0000000,0.00029288440)  (0.0000000,0.00052439397)  (0.0000000,-3.0704957e-05)  (0.0000000,0.00074759803)  (0.0000000,0.00032561146)  (0.0000000,1.1558840e-05)  
(0.0000000,9.8265307e-05)  (0.0000000,0.00036107380)  (0.0000000,0.00017332584)  (0.0000000,0.0024256625)  (0.40086050,0.0000000)  (0.0000000,0.00025634767)  (0.0000000,-0.00076826334)  (0.0000000,-9.6909829e-05)  (0.0000000,-0.00011382457)  (0.0000000,-0.00064696661)  (0.0000000,-1.0554884e-05)  
(0.0000000,0.00014396518)  (-0.0000000,-4.0081643e-05)  (-0.0000000,-1.1775106e-05)  (-0.0000000,-0.00029288440)  (-0.0000000,-0.00025634767)  (0.41267116,0.0000000)  (0.0000000,-0.0099161911)  (0.0000000,-0.0015489350)  (0.0000000,-0.0019627245)  (0.0000000,-0.0024620859)  (0.0000000,-4.8934556e-05)  
(-0.0000000,-6.1188308e-05)  (-0.0000000,-9.2933597e-06)  (0.0000000,6.5780366e-05)  (-0.0000000,-0.00052439397)  (0.0000000,0.00076826334)  (0.0000000,0.0099161911)  (0.42786520,0.0000000)  (0.0000000,-0.0018202642)  (0.0000000,-0.00070793322)  (0.0000000,-0.0010640915)  (0.0000000,0.00033668227)  
(-0.0000000,-0.00011394130)  (0.0000000,6.3680646e-05)  (0.0000000,1.7773633e-05)  (0.0000000,3.0704957e-05)  (0.0000000,9.6909829e-05)  (0.0000000,0.0015489350)  (0.0000000,0.0018202642)  (0.43046562,0.0000000)  (0.0000000,0.0087655756)  (0.0000000,-4.6199252e-05)  (0.0000000,3.1005096e-05)  
(0.0000000,2.1113526e-05)  (0.0000000,6.9086708e-05)  (0.0000000,2.9489051e-05)  (-0.0000000,-0.00074759803)  (0.0000000,0.00011382457)  (0.0000000,0.0019627245)  (0.0000000,0.00070793322)  (-0.0000000,-0.0087655756)  (0.44149719,0.0000000)  (0.0000000,-0.0064731760)  (0.0000000,0.00014974027)  
(0.0000000,5.3505099e-05)  (-0.0000000,-1.6684736e-05)  (0.0000000,0.00019302350)  (-0.0000000,-0.00032561146)  (0.0000000,0.00064696661)  (0.0000000,0.0024620859)  (0.0000000,0.0010640915)  (0.0000000,4.6199252e-05)  (0.0000000,0.0064731760)  (0.44754603,0.0000000)  (0.0000000,-0.00039006817)  
(0.0000000,1.7229268e-06)  (0.0000000,2.7879885e-05)  (0.0000000,8.2008817e-05)  (-0.0000000,-1.1558840e-05)  (0.0000000,1.0554884e-05)  (0.0000000,4.8934556e-05)  (-0.0000000,-0.00033668227)  (-0.0000000,-3.1005096e-05)  (-0.0000000,-0.00014974027)  (0.0000000,0.00039006817)  (0.47066021,0.0000000)  
