(0.0000000,0.0000000)  (0.0000000,-1.0340790e-05)  (0.0000000,2.0053003e-05)  (0.0000000,-0.00027573630)  (0.0000000,-3.3439564e-05)  (0.0000000,-0.00015548762)  (0.0000000,-5.5558949e-05)  (0.0000000,4.5036399e-06)  (0.0000000,0.00021524640)  (0.0000000,0.00023615634)  (0.0000000,3.6747626e-05)  
(0.0000000,1.0340790e-05)  (0.20780989,0.0000000)  (0.0000000,-3.0806316e-05)  (0.0000000,5.3026585e-05)  (0.0000000,-6.1135154e-06)  (0.0000000,-1.3666313e-05)  (0.0000000,1.7114334e-05)  (0.0000000,0.00022698868)  (0.0000000,-5.8840983e-05)  (0.0000000,3.7462556e-05)  (0.0000000,-3.9450076e-05)  
(-0.0000000,-2.0053003e-05)  (0.0000000,3.0806316e-05)  (0.35584084,0.0000000)  (0.0000000,-0.00035972361)  (0.0000000,2.8966747e-05)  (0.0000000,2.7547433e-05)  (0.0000000,1.8650956e-05)  (0.0000000,6.3185687e-05)  (0.0000000,4.2718227e-06)  (0.0000000,-2.2737488e-05)  (0.0000000,-0.0018876526)  
(0.0000000,0.00027573630)  (-0.0000000,-5.3026585e-05)  (0.0000000,0.00035972361)  (0.39409651,0.0000000)  (0.0000000,0.00022429786)  (0.0000000,-0.0018260832)  (0.0000000,-0.00066776106)  (0.0000000,0.0024760111)  (0.0000000,0.00039086370)  (0.0000000,0.00010804937)  (0.0000000,0.00029823659)  
(0.0000000,3.3439564e-05)  (0.0000000,6.1135154e-06)  (-0.0000000,-2.8966747e-05)  (-0.0000000,-0.00022429786)  (0.39590662,0.0000000)  (0.0000000,-0.00040011332)  (0.0000000,0.00010367959)  (0.0000000,0.00049035020)  (0.0000000,0.00018954658)  (0.0000000,0.00037568314)  (0.0000000,-5.5571743e-06)  
(0.0000000,0.00015548762)  (0.0000000,1.3666313e-05)  (-0.0000000,-2.7547433e-05)  (0.0000000,0.0018260832)  (0.0000000,0.00040011332)  (0.41128661,0.0000000)  (0.0000000,-0.00011555924)  (0.0000000,0.0011851995)  (0.0000000,0.0011200231)  (0.0000000,-7.9686947e-05)  (0.0000000,0.00057936560)  
(0.0000000,5.5558949e-05)  (-0.0000000,-1.7114334e-05)  (-0.0000000,-1.8650956e-05)  (0.0000000,0.00066776106)  (-0.0000000,-0.00010367959)  (0.0000000,0.00011555924)  (0.42034416,0.0000000)  (0.0000000,0.0026064784)  (0.0000000,0.00037521413)  (0.0000000,-0.00050719414)  (0.0000000,-0.00082607795)  
(-0.0000000,-4.5036399e-06)  (-0.0000000,-0.00022698868)  (-0.0000000,-6.3185687e-05)  (-0.0000000,-0.0024760111)  (-0.0000000,-0.00049035020)  (-0.0000000,-0.0011851995)  (-0.0000000,-0.0026064784)  (0.42646411,0.0000000)  (0.0000000,-0.0084448993)  (0.0000000,-0.021339784)  (0.0000000,-0.00020080303)  
(-0.0000000,-0.00021524640)  (0.0000000,5.8840983e-05)  (-0.0000000,-4.2718227e-06)  (-0.0000000,-0.00039086370)  (-0.0000000,-0.00018954658)  (-0.0000000,-0.0011200231)  (-0.0000000,-0.00037521413)  (0.0000000,0.0084448993)  (0.43142167,0.0000000)  (0.0000000,-0.0015530817)  (0.0000000,0.00083755003)  
(-0.0000000,-0.00023615634)  (-0.0000000,-3.7462556e-05)  (0.0000000,2.2737488e-05)  (-0.0000000,-0.00010804937)  (-0.0000000,-0.00037568314)  (0.0000000,7.9686947e-05)  (0.0000000,0.00050719414)  (0.0000000,0.021339784)  (0.0000000,0.0015530817)  (0.44217706,0.0000000)  (0.0000000,0.0020494908)  
(-0.0000000,-3.6747626e-05)  (0.0000000,3.9450076e-05)  (0.0000000,0.0018876526)  (-0.0000000,-0.00029823659)  (0.0000000,5.5571743e-06)  (-0.0000000,-0.00057936560)  (0.0000000,0.00082607795)  (0.0000000,0.00020080303)  (-0.0000000,-0.00083755003)  (-0.0000000,-0.0020494908)  (0.46486439,0.0000000)  
