(0.0000000,0.0000000)  (0.0000000,3.8005656e-06)  (0.0000000,5.2941565e-05)  (0.0000000,0.00014607928)  (0.0000000,-0.00032045046)  (0.0000000,-0.00016109035)  (0.0000000,-2.1143619e-06)  (0.0000000,-0.00011135064)  (0.0000000,4.5624981e-05)  (0.0000000,-3.1634146e-06)  (0.0000000,-2.2131907e-05)  
(-0.0000000,-3.8005656e-06)  (0.22275624,0.0000000)  (0.0000000,-0.00029664952)  (0.0000000,-8.1616786e-05)  (0.0000000,0.00018003412)  (0.0000000,-0.00058884708)  (0.0000000,9.5991358e-06)  (0.0000000,-3.8380480e-05)  (0.0000000,8.0703869e-05)  (0.0000000,-2.6409944e-07)  (0.0000000,1.7465195e-05)  
(-0.0000000,-5.2941565e-05)  (0.0000000,0.00029664952)  (0.34182463,0.0000000)  (0.0000000,0.00034062019)  (0.0000000,0.0011814772)  (0.0000000,-0.00051595024)  (0.0000000,-4.0543095e-05)  (0.0000000,0.00071444796)  (0.0000000,0.00029492120)  (0.0000000,-7.7388660e-06)  (0.0000000,4.2901128e-05)  
(-0.0000000,-0.00014607928)  (0.0000000,8.1616786e-05)  (-0.0000000,-0.00034062019)  (0.37615523,0.0000000)  (0.0000000,-0.0043534536)  (0.0000000,-0.00099663534)  (0.0000000,0.00015775692)  (0.0000000,-0.00026817041)  (0.0000000,-0.0045833754)  (0.0000000,1.0910941e-05)  (0.0000000,-0.00028350539)  
(0.0000000,0.00032045046)  (-0.0000000,-0.00018003412)  (-0.0000000,-0.0011814772)  (0.0000000,0.0043534536)  (0.37949616,0.0000000)  (0.0000000,-0.00061589192)  (0.0000000,-8.6824871e-06)  (0.0000000,-0.00049947280)  (0.0000000,0.0012444680)  (0.0000000,4.4204711e-06)  (0.0000000,-0.00010067137)  
(0.0000000,0.00016109035)  (0.0000000,0.00058884708)  (0.0000000,0.00051595024)  (0.0000000,0.00099663534)  (0.0000000,0.00061589192)  (0.39479971,0.0000000)  (0.0000000,3.5649032e-05)  (0.0000000,-0.00046826317)  (0.0000000,-0.00027523729)  (0.0000000,9.7494551e-07)  (0.0000000,-5.6819222e-05)  
(0.0000000,2.1143619e-06)  (-0.0000000,-9.5991358e-06)  (0.0000000,4.0543095e-05)  (-0.0000000,-0.00015775692)  (0.0000000,8.6824871e-06)  (-0.0000000,-3.5649032e-05)  (0.41029859,0.0000000)  (0.0000000,0.00034463597)  (0.0000000,-0.00044381320)  (0.0000000,0.00011979959)  (0.0000000,7.7289481e-05)  
(0.0000000,0.00011135064)  (0.0000000,3.8380480e-05)  (-0.0000000,-0.00071444796)  (0.0000000,0.00026817041)  (0.0000000,0.00049947280)  (0.0000000,0.00046826317)  (-0.0000000,-0.00034463597)  (0.42371780,0.0000000)  (0.0000000,0.010837259)  (0.0000000,-9.7216130e-05)  (0.0000000,0.00048990409)  
(-0.0000000,-4.5624981e-05)  (-0.0000000,-8.0703869e-05)  (-0.0000000,-0.00029492120)  (0.0000000,0.0045833754)  (-0.0000000,-0.0012444680)  (0.0000000,0.00027523729)  (0.0000000,0.00044381320)  (-0.0000000,-0.010837259)  (0.43852394,0.0000000)  (0.0000000,2.8708141e-05)  (0.0000000,-0.0011470419)  
(0.0000000,3.1634146e-06)  (0.0000000,2.6409944e-07)  (0.0000000,7.7388660e-06)  (-0.0000000,-1.0910941e-05)  (-0.0000000,-4.4204711e-06)  (-0.0000000,-9.7494551e-07)  (-0.0000000,-0.00011979959)  (0.0000000,9.7216130e-05)  (-0.0000000,-2.8708141e-05)  (0.44381096,0.0000000)  (0.0000000,0.0017355793)  
(0.0000000,2.2131907e-05)  (-0.0000000,-1.7465195e-05)  (-0.0000000,-4.2901128e-05)  (0.0000000,0.00028350539)  (0.0000000,0.00010067137)  (0.0000000,5.6819222e-05)  (-0.0000000,-7.7289481e-05)  (-0.0000000,-0.00048990409)  (0.0000000,0.0011470419)  (-0.0000000,-0.0017355793)  (0.45430745,0.0000000)  
