(0.0000000,0.0000000)  (0.0000000,-2.8952902e-05)  (0.0000000,-4.7161465e-05)  (0.0000000,3.4850749e-06)  (0.0000000,-0.00022498499)  (0.0000000,1.2717326e-05)  (0.0000000,0.00015683935)  (0.0000000,-8.6452003e-06)  (0.0000000,-5.5992762e-05)  (0.0000000,-0.00010503431)  (0.0000000,-2.9395899e-05)  
(0.0000000,2.8952902e-05)  (0.20938113,0.0000000)  (0.0000000,-0.00036561136)  (0.0000000,2.9643620e-05)  (0.0000000,-7.3161585e-05)  (0.0000000,0.00019853283)  (0.0000000,-2.2606600e-05)  (0.0000000,-8.5072938e-06)  (0.0000000,-6.3579229e-06)  (0.0000000,-6.7952103e-06)  (0.0000000,0.00016071194)  
(0.0000000,4.7161465e-05)  (0.0000000,0.00036561136)  (0.34949873,0.0000000)  (0.0000000,-0.00036619432)  (0.0000000,-0.00019796917)  (0.0000000,0.00014225958)  (0.0000000,-0.00013472754)  (0.0000000,-4.7333436e-06)  (0.0000000,0.0041164596)  (0.0000000,3.4090259e-05)  (0.0000000,8.7084590e-05)  
(-0.0000000,-3.4850749e-06)  (-0.0000000,-2.9643620e-05)  (0.0000000,0.00036619432)  (0.36729742,0.0000000)  (0.0000000,-1.6133482e-05)  (0.0000000,0.00019511739)  (0.0000000,5.5600696e-07)  (0.0000000,0.00026397481)  (0.0000000,-0.00028946916)  (0.0000000,-8.6602474e-06)  (0.0000000,1.0666637e-06)  
(0.0000000,0.00022498499)  (0.0000000,7.3161585e-05)  (0.0000000,0.00019796917)  (0.0000000,1.6133482e-05)  (0.39004759,0.0000000)  (0.0000000,-9.9070913e-06)  (0.0000000,-0.00053111388)  (0.0000000,-3.6990785e-05)  (0.0000000,-2.9748272e-05)  (0.0000000,4.0052920e-05)  (0.0000000,-1.4633239e-05)  
(-0.0000000,-1.2717326e-05)  (-0.0000000,-0.00019853283)  (-0.0000000,-0.00014225958)  (-0.0000000,-0.00019511739)  (0.0000000,9.9070913e-06)  (0.39706167,0.0000000)  (0.0000000,4.8809529e-05)  (0.0000000,-7.4915570e-06)  (0.0000000,0.00061536478)  (0.0000000,-0.00015623490)  (0.0000000,-0.00052754251)  
(-0.0000000,-0.00015683935)  (0.0000000,2.2606600e-05)  (0.0000000,0.00013472754)  (-0.0000000,-5.5600696e-07)  (0.0000000,0.00053111388)  (-0.0000000,-4.8809529e-05)  (0.40540425,0.0000000)  (0.0000000,4.4787751e-05)  (0.0000000,0.00033880867)  (0.0000000,0.00075260736)  (0.0000000,-3.0997430e-05)  
(0.0000000,8.6452003e-06)  (0.0000000,8.5072938e-06)  (0.0000000,4.7333436e-06)  (-0.0000000,-0.00026397481)  (0.0000000,3.6990785e-05)  (0.0000000,7.4915570e-06)  (-0.0000000,-4.4787751e-05)  (0.41363309,0.0000000)  (0.0000000,5.8831215e-05)  (0.0000000,6.1521103e-05)  (0.0000000,1.2437466e-05)  
(0.0000000,5.5992762e-05)  (0.0000000,6.3579229e-06)  (-0.0000000,-0.0041164596)  (0.0000000,0.00028946916)  (0.0000000,2.9748272e-05)  (-0.0000000,-0.00061536478)  (-0.0000000,-0.00033880867)  (-0.0000000,-5.8831215e-05)  (0.44648727,0.0000000)  (0.0000000,-5.9255947e-05)  (0.0000000,1.7394960e-05)  
(0.0000000,0.00010503431)  (0.0000000,6.7952103e-06)  (-0.0000000,-3.4090259e-05)  (0.0000000,8.6602474e-06)  (-0.0000000,-4.0052920e-05)  (0.0000000,0.00015623490)  (-0.0000000,-0.00075260736)  (-0.0000000,-6.1521103e-05)  (0.0000000,5.9255947e-05)  (0.45886957,0.0000000)  (0.0000000,-0.00036479769)  
(0.0000000,2.9395899e-05)  (-0.0000000,-0.00016071194)  (-0.0000000,-8.7084590e-05)  (-0.0000000,-1.0666637e-06)  (0.0000000,1.4633239e-05)  (0.0000000,0.00052754251)  (0.0000000,3.0997430e-05)  (-0.0000000,-1.2437466e-05)  (-0.0000000,-1.7394960e-05)  (0.0000000,0.00036479769)  (0.46428466,0.0000000)  
