(0.0000000,0.0000000)  (0.0000000,-1.4075789e-05)  (0.0000000,-4.3436691e-05)  (0.0000000,-0.00014261246)  (0.0000000,1.0882917e-05)  (0.0000000,8.2780914e-06)  (0.0000000,1.2886802e-05)  (0.0000000,-6.8692912e-05)  (0.0000000,2.0484509e-06)  (0.0000000,2.7721086e-05)  (0.0000000,-6.6723249e-06)  
(0.0000000,1.4075789e-05)  (0.20858458,0.0000000)  (0.0000000,0.00022606677)  (0.0000000,0.00015141090)  (0.0000000,2.2800285e-05)  (0.0000000,4.7619025e-05)  (0.0000000,2.5500565e-05)  (0.0000000,-0.00020485259)  (0.0000000,-2.3746865e-05)  (0.0000000,-6.9206154e-06)  (0.0000000,-4.9970448e-06)  
(0.0000000,4.3436691e-05)  (-0.0000000,-0.00022606677)  (0.34687663,0.0000000)  (0.0000000,0.0032035712)  (0.0000000,-0.00014138508)  (0.0000000,-0.00032881865)  (0.0000000,-0.00018439809)  (0.0000000,0.0010281710)  (0.0000000,8.3289321e-05)  (0.0000000,-6.2608492e-05)  (0.0000000,-0.00014860668)  
(0.0000000,0.00014261246)  (-0.0000000,-0.00015141090)  (-0.0000000,-0.0032035712)  (0.35961946,0.0000000)  (0.0000000,4.9775314e-06)  (0.0000000,-0.0010229546)  (0.0000000,2.0015477e-05)  (0.0000000,0.00010625851)  (0.0000000,0.00034402247)  (0.0000000,1.0004386e-05)  (0.0000000,5.0898927e-05)  
(-0.0000000,-1.0882917e-05)  (-0.0000000,-2.2800285e-05)  (0.0000000,0.00014138508)  (-0.0000000,-4.9775314e-06)  (0.38630535,0.0000000)  (0.0000000,2.4388330e-05)  (0.0000000,0.00049562783)  (0.0000000,6.3618675e-05)  (0.0000000,2.8045735e-05)  (0.0000000,-0.00013423093)  (0.0000000,-1.3583009e-05)  
(-0.0000000,-8.2780914e-06)  (-0.0000000,-4.7619025e-05)  (0.0000000,0.00032881865)  (0.0000000,0.0010229546)  (-0.0000000,-2.4388330e-05)  (0.39659439,0.0000000)  (0.0000000,3.0803172e-05)  (0.0000000,0.00027914229)  (0.0000000,6.7262065e-05)  (0.0000000,0.00010446108)  (0.0000000,0.00037323166)  
(-0.0000000,-1.2886802e-05)  (-0.0000000,-2.5500565e-05)  (0.0000000,0.00018439809)  (-0.0000000,-2.0015477e-05)  (-0.0000000,-0.00049562783)  (-0.0000000,-3.0803172e-05)  (0.40151667,0.0000000)  (0.0000000,-6.0298674e-05)  (0.0000000,0.00010282434)  (0.0000000,-0.00013488690)  (0.0000000,1.2398810e-05)  
(0.0000000,6.8692912e-05)  (0.0000000,0.00020485259)  (-0.0000000,-0.0010281710)  (-0.0000000,-0.00010625851)  (-0.0000000,-6.3618675e-05)  (-0.0000000,-0.00027914229)  (0.0000000,6.0298674e-05)  (0.40938995,0.0000000)  (0.0000000,8.1290675e-05)  (0.0000000,-4.0357986e-05)  (0.0000000,-5.3901321e-05)  
(-0.0000000,-2.0484509e-06)  (0.0000000,2.3746865e-05)  (-0.0000000,-8.3289321e-05)  (-0.0000000,-0.00034402247)  (-0.0000000,-2.8045735e-05)  (-0.0000000,-6.7262065e-05)  (-0.0000000,-0.00010282434)  (-0.0000000,-8.1290675e-05)  (0.44173570,0.0000000)  (0.0000000,1.1799534e-05)  (0.0000000,-6.7374817e-06)  
(-0.0000000,-2.7721086e-05)  (0.0000000,6.9206154e-06)  (0.0000000,6.2608492e-05)  (-0.0000000,-1.0004386e-05)  (0.0000000,0.00013423093)  (-0.0000000,-0.00010446108)  (0.0000000,0.00013488690)  (0.0000000,4.0357986e-05)  (-0.0000000,-1.1799534e-05)  (0.45884734,0.0000000)  (0.0000000,0.00089316105)  
(0.0000000,6.6723249e-06)  (0.0000000,4.9970448e-06)  (0.0000000,0.00014860668)  (-0.0000000,-5.0898927e-05)  (0.0000000,1.3583009e-05)  (-0.0000000,-0.00037323166)  (-0.0000000,-1.2398810e-05)  (0.0000000,5.3901321e-05)  (0.0000000,6.7374817e-06)  (-0.0000000,-0.00089316105)  (0.46510143,0.0000000)  
