(0.0000000,0.0000000)  (0.0000000,5.1448001e-05)  (0.0000000,6.5146981e-06)  (0.0000000,-3.9768563e-05)  (0.0000000,9.4779944e-07)  (0.0000000,-0.00011317820)  (0.0000000,-7.7703331e-06)  (0.0000000,-5.2553327e-05)  (0.0000000,0.00015077509)  (0.0000000,0.00010800854)  (0.0000000,0.00014640667)  
(-0.0000000,-5.1448001e-05)  (0.21989049,0.0000000)  (0.0000000,0.00010515488)  (0.0000000,0.00029778029)  (0.0000000,2.7275914e-05)  (0.0000000,6.3236920e-05)  (0.0000000,0.00014302701)  (0.0000000,0.00039347042)  (0.0000000,0.00032944873)  (0.0000000,-8.6746189e-05)  (0.0000000,-0.00043326956)  
(-0.0000000,-6.5146981e-06)  (-0.0000000,-0.00010515488)  (0.34864632,0.0000000)  (0.0000000,0.0021648469)  (0.0000000,-0.00016471551)  (0.0000000,-7.0734433e-05)  (0.0000000,0.00047558022)  (0.0000000,0.0026027675)  (0.0000000,0.00012316526)  (0.0000000,-0.00027486594)  (0.0000000,-0.0031678667)  
(0.0000000,3.9768563e-05)  (-0.0000000,-0.00029778029)  (-0.0000000,-0.0021648469)  (0.36941494,0.0000000)  (0.0000000,5.4438849e-05)  (0.0000000,0.00033304084)  (0.0000000,-0.00051446307)  (0.0000000,0.00033731468)  (0.0000000,0.00030584785)  (0.0000000,-0.00017263591)  (0.0000000,0.00019358056)  
(-0.0000000,-9.4779944e-07)  (-0.0000000,-2.7275914e-05)  (0.0000000,0.00016471551)  (-0.0000000,-5.4438849e-05)  (0.38165099,0.0000000)  (0.0000000,0.00019092892)  (0.0000000,-0.00048315489)  (0.0000000,0.00023235814)  (0.0000000,0.0012267868)  (0.0000000,0.0015031103)  (0.0000000,-0.00026044435)  
(0.0000000,0.00011317820)  (-0.0000000,-6.3236920e-05)  (0.0000000,7.0734433e-05)  (-0.0000000,-0.00033304084)  (-0.0000000,-0.00019092892)  (0.39842123,0.0000000)  (0.0000000,-0.00052778893)  (0.0000000,-0.0018672057)  (0.0000000,2.1981577e-05)  (0.0000000,-0.00045176691)  (0.0000000,0.0010536844)  
(0.0000000,7.7703331e-06)  (-0.0000000,-0.00014302701)  (-0.0000000,-0.00047558022)  (0.0000000,0.00051446307)  (0.0000000,0.00048315489)  (0.0000000,0.00052778893)  (0.42559810,0.0000000)  (0.0000000,-0.0057261188)  (0.0000000,0.0030349974)  (0.0000000,0.0031821245)  (0.0000000,-0.0039432947)  
(0.0000000,5.2553327e-05)  (-0.0000000,-0.00039347042)  (-0.0000000,-0.0026027675)  (-0.0000000,-0.00033731468)  (-0.0000000,-0.00023235814)  (0.0000000,0.0018672057)  (0.0000000,0.0057261188)  (0.42992834,0.0000000)  (0.0000000,0.013164329)  (0.0000000,0.013862778)  (0.0000000,-0.0027167411)  
(-0.0000000,-0.00015077509)  (-0.0000000,-0.00032944873)  (-0.0000000,-0.00012316526)  (-0.0000000,-0.00030584785)  (-0.0000000,-0.0012267868)  (-0.0000000,-2.1981577e-05)  (-0.0000000,-0.0030349974)  (-0.0000000,-0.013164329)  (0.43823601,0.0000000)  (0.0000000,0.00046098179)  (0.0000000,-0.0020710075)  
(-0.0000000,-0.00010800854)  (0.0000000,8.6746189e-05)  (0.0000000,0.00027486594)  (0.0000000,0.00017263591)  (-0.0000000,-0.0015031103)  (0.0000000,0.00045176691)  (-0.0000000,-0.0031821245)  (-0.0000000,-0.013862778)  (-0.0000000,-0.00046098179)  (0.44664419,0.0000000)  (0.0000000,-0.0057414858)  
(-0.0000000,-0.00014640667)  (0.0000000,0.00043326956)  (0.0000000,0.0031678667)  (-0.0000000,-0.00019358056)  (0.0000000,0.00026044435)  (-0.0000000,-0.0010536844)  (0.0000000,0.0039432947)  (0.0000000,0.0027167411)  (0.0000000,0.0020710075)  (0.0000000,0.0057414858)  (0.45533056,0.0000000)  
