(0.0000000,0.0000000)  (0.0000000,6.4363163e-07)  (0.0000000,-5.0007692e-05)  (0.0000000,0.00035710273)  (0.0000000,-0.00017933528)  (0.0000000,9.8562857e-06)  (0.0000000,-2.5231171e-05)  (0.0000000,2.6049059e-05)  (0.0000000,6.5959554e-05)  (0.0000000,3.2469084e-05)  (0.0000000,-8.6848710e-05)  
(-0.0000000,-6.4363163e-07)  (0.21862997,0.0000000)  (0.0000000,0.00090907282)  (0.0000000,2.9199360e-05)  (0.0000000,-2.1013785e-05)  (0.0000000,-0.00026766391)  (0.0000000,-0.00013876128)  (0.0000000,3.0974656e-05)  (0.0000000,3.7047395e-06)  (0.0000000,0.00016641029)  (0.0000000,0.00017409721)  
(0.0000000,5.0007692e-05)  (-0.0000000,-0.00090907282)  (0.34686744,0.0000000)  (0.0000000,-0.00010621030)  (0.0000000,0.00019465481)  (0.0000000,-9.4998861e-06)  (0.0000000,-0.0010090112)  (0.0000000,0.0017173271)  (0.0000000,-0.00051181989)  (0.0000000,0.00087224245)  (0.0000000,-4.5264946e-05)  
(-0.0000000,-0.00035710273)  (-0.0000000,-2.9199360e-05)  (0.0000000,0.00010621030)  (0.39078038,0.0000000)  (0.0000000,0.00099035118)  (0.0000000,3.2298328e-05)  (0.0000000,0.0012833930)  (0.0000000,0.00070582175)  (0.0000000,-0.0023559137)  (0.0000000,0.0033298882)  (0.0000000,-0.00097138397)  
(0.0000000,0.00017933528)  (0.0000000,2.1013785e-05)  (-0.0000000,-0.00019465481)  (-0.0000000,-0.00099035118)  (0.40620980,0.0000000)  (0.0000000,0.00024623309)  (0.0000000,-0.0016216789)  (0.0000000,-0.0017671363)  (0.0000000,-0.0045553470)  (0.0000000,-0.0050049629)  (0.0000000,0.0016399817)  
(-0.0000000,-9.8562857e-06)  (0.0000000,0.00026766391)  (0.0000000,9.4998861e-06)  (-0.0000000,-3.2298328e-05)  (-0.0000000,-0.00024623309)  (0.42013781,0.0000000)  (0.0000000,-0.0013286682)  (0.0000000,0.0023202377)  (0.0000000,-0.0020662026)  (0.0000000,0.0023431266)  (0.0000000,-0.0015821614)  
(0.0000000,2.5231171e-05)  (0.0000000,0.00013876128)  (0.0000000,0.0010090112)  (-0.0000000,-0.0012833930)  (0.0000000,0.0016216789)  (0.0000000,0.0013286682)  (0.42434787,0.0000000)  (0.0000000,0.0067934405)  (0.0000000,0.00041771537)  (0.0000000,-0.0021625585)  (0.0000000,-0.0010935198)  
(-0.0000000,-2.6049059e-05)  (-0.0000000,-3.0974656e-05)  (-0.0000000,-0.0017173271)  (-0.0000000,-0.00070582175)  (0.0000000,0.0017671363)  (-0.0000000,-0.0023202377)  (-0.0000000,-0.0067934405)  (0.42744864,0.0000000)  (0.0000000,0.00095614782)  (0.0000000,0.00053316615)  (0.0000000,-0.0013446610)  
(-0.0000000,-6.5959554e-05)  (-0.0000000,-3.7047395e-06)  (0.0000000,0.00051181989)  (0.0000000,0.0023559137)  (0.0000000,0.0045553470)  (0.0000000,0.0020662026)  (-0.0000000,-0.00041771537)  (-0.0000000,-0.00095614782)  (0.43426739,0.0000000)  (0.0000000,0.0010429185)  (0.0000000,-0.00013101471)  
(-0.0000000,-3.2469084e-05)  (-0.0000000,-0.00016641029)  (-0.0000000,-0.00087224245)  (-0.0000000,-0.0033298882)  (0.0000000,0.0050049629)  (-0.0000000,-0.0023431266)  (0.0000000,0.0021625585)  (-0.0000000,-0.00053316615)  (-0.0000000,-0.0010429185)  (0.44781063,0.0000000)  (0.0000000,-0.020082218)  
(0.0000000,8.6848710e-05)  (-0.0000000,-0.00017409721)  (0.0000000,4.5264946e-05)  (0.0000000,0.00097138397)  (-0.0000000,-0.0016399817)  (0.0000000,0.0015821614)  (0.0000000,0.0010935198)  (0.0000000,0.0013446610)  (0.0000000,0.00013101471)  (0.0000000,0.020082218)  (0.44946658,0.0000000)  
