(0.0000000,0.0000000)  (0.0000000,-1.0644068e-05)  (0.0000000,3.7190249e-05)  (0.0000000,8.0725431e-05)  (0.0000000,-1.3193424e-05)  (0.0000000,2.0335786e-05)  (0.0000000,-0.00020623242)  (0.0000000,-0.00041440146)  (0.0000000,-1.2338255e-05)  (0.0000000,0.00014893647)  (0.0000000,-4.4061210e-05)  
(0.0000000,1.0644068e-05)  (0.20316049,0.0000000)  (0.0000000,0.00027603396)  (0.0000000,6.7106191e-05)  (0.0000000,-1.0474637e-05)  (0.0000000,5.6272635e-07)  (0.0000000,-6.9755826e-05)  (0.0000000,-7.5889890e-06)  (0.0000000,-1.1043608e-05)  (0.0000000,4.6779465e-06)  (0.0000000,-1.0095185e-05)  
(-0.0000000,-3.7190249e-05)  (-0.0000000,-0.00027603396)  (0.36250285,0.0000000)  (0.0000000,0.00070000443)  (0.0000000,-0.00010002253)  (0.0000000,-1.5789933e-05)  (0.0000000,2.7738767e-05)  (0.0000000,7.6010107e-05)  (0.0000000,-1.1127822e-05)  (0.0000000,5.2198801e-07)  (0.0000000,-6.0587176e-05)  
(-0.0000000,-8.0725431e-05)  (-0.0000000,-6.7106191e-05)  (-0.0000000,-0.00070000443)  (0.39409246,0.0000000)  (0.0000000,0.00011548535)  (0.0000000,0.0040136071)  (0.0000000,9.7470068e-05)  (0.0000000,2.6486157e-05)  (0.0000000,2.1095264e-05)  (0.0000000,0.00014699131)  (0.0000000,6.7405199e-06)  
(0.0000000,1.3193424e-05)  (0.0000000,1.0474637e-05)  (0.0000000,0.00010002253)  (-0.0000000,-0.00011548535)  (0.39872864,0.0000000)  (0.0000000,-0.00011664503)  (0.0000000,5.1150512e-05)  (0.0000000,0.00018076047)  (0.0000000,0.00086271032)  (0.0000000,0.00088054893)  (0.0000000,-2.5031225e-05)  
(-0.0000000,-2.0335786e-05)  (-0.0000000,-5.6272635e-07)  (0.0000000,1.5789933e-05)  (-0.0000000,-0.0040136071)  (0.0000000,0.00011664503)  (0.40400187,0.0000000)  (0.0000000,-0.00030681298)  (0.0000000,-0.00011763643)  (0.0000000,-0.00010163317)  (0.0000000,4.4971690e-05)  (0.0000000,4.7907548e-05)  
(0.0000000,0.00020623242)  (0.0000000,6.9755826e-05)  (-0.0000000,-2.7738767e-05)  (-0.0000000,-9.7470068e-05)  (-0.0000000,-5.1150512e-05)  (0.0000000,0.00030681298)  (0.42751681,0.0000000)  (0.0000000,-9.1371764e-05)  (0.0000000,-5.3386723e-05)  (0.0000000,1.1581090e-05)  (0.0000000,-0.0010717296)  
(0.0000000,0.00041440146)  (0.0000000,7.5889890e-06)  (-0.0000000,-7.6010107e-05)  (-0.0000000,-2.6486157e-05)  (-0.0000000,-0.00018076047)  (0.0000000,0.00011763643)  (0.0000000,9.1371764e-05)  (0.43274595,0.0000000)  (0.0000000,-2.5256757e-05)  (0.0000000,-1.0509436e-05)  (0.0000000,0.00039401009)  
(0.0000000,1.2338255e-05)  (0.0000000,1.1043608e-05)  (0.0000000,1.1127822e-05)  (-0.0000000,-2.1095264e-05)  (-0.0000000,-0.00086271032)  (0.0000000,0.00010163317)  (0.0000000,5.3386723e-05)  (0.0000000,2.5256757e-05)  (0.43921649,0.0000000)  (0.0000000,0.00014667817)  (0.0000000,-8.4285218e-06)  
(-0.0000000,-0.00014893647)  (-0.0000000,-4.6779465e-06)  (-0.0000000,-5.2198801e-07)  (-0.0000000,-0.00014699131)  (-0.0000000,-0.00088054893)  (-0.0000000,-4.4971690e-05)  (-0.0000000,-1.1581090e-05)  (0.0000000,1.0509436e-05)  (-0.0000000,-0.00014667817)  (0.44961615,0.0000000)  (0.0000000,4.3634876e-06)  
(0.0000000,4.4061210e-05)  (0.0000000,1.0095185e-05)  (0.0000000,6.0587176e-05)  (-0.0000000,-6.7405199e-06)  (0.0000000,2.5031225e-05)  (-0.0000000,-4.7907548e-05)  (0.0000000,0.0010717296)  (-0.0000000,-0.00039401009)  (0.0000000,8.4285218e-06)  (-0.0000000,-4.3634876e-06)  (0.45746775,0.0000000)  
