(0.0000000,0.0000000)  (0.0000000,-5.6697261e-06)  (0.0000000,0.00010347669)  (0.0000000,-6.1349625e-05)  (0.0000000,-1.3053162e-05)  (0.0000000,-0.00016203956)  (0.0000000,-2.4979472e-06)  (0.0000000,0.00065122739)  (0.0000000,0.00031596683)  (0.0000000,0.00034078693)  (0.0000000,-2.6927670e-05)  
(0.0000000,5.6697261e-06)  (0.20604902,0.0000000)  (0.0000000,2.4514531e-05)  (0.0000000,0.00011855449)  (0.0000000,-2.8123856e-05)  (0.0000000,-0.00023458656)  (0.0000000,-3.8885910e-05)  (0.0000000,-0.00043090459)  (0.0000000,0.00045571051)  (0.0000000,-0.00014001083)  (0.0000000,2.6076039e-06)  
(-0.0000000,-0.00010347669)  (-0.0000000,-2.4514531e-05)  (0.36559627,0.0000000)  (0.0000000,-0.00012726567)  (0.0000000,0.0032862280)  (0.0000000,0.00040078857)  (0.0000000,0.00042224738)  (0.0000000,-0.00023583803)  (0.0000000,-0.00048142001)  (0.0000000,0.00090642088)  (0.0000000,9.2517202e-05)  
(0.0000000,6.1349625e-05)  (-0.0000000,-0.00011855449)  (0.0000000,0.00012726567)  (0.39275716,0.0000000)  (0.0000000,-0.00024079052)  (0.0000000,0.00086261093)  (0.0000000,0.0014390885)  (0.0000000,-0.0010284828)  (0.0000000,0.0014747193)  (0.0000000,0.0012991449)  (0.0000000,-7.5709528e-06)  
(0.0000000,1.3053162e-05)  (0.0000000,2.8123856e-05)  (-0.0000000,-0.0032862280)  (0.0000000,0.00024079052)  (0.39538220,0.0000000)  (0.0000000,0.0012823657)  (0.0000000,-0.00063345114)  (0.0000000,-0.00055910210)  (0.0000000,0.00022277517)  (0.0000000,0.00058893974)  (0.0000000,-2.4925738e-05)  
(0.0000000,0.00016203956)  (0.0000000,0.00023458656)  (-0.0000000,-0.00040078857)  (-0.0000000,-0.00086261093)  (-0.0000000,-0.0012823657)  (0.42030447,0.0000000)  (0.0000000,-0.011232454)  (0.0000000,0.00050199500)  (0.0000000,-0.0053406884)  (0.0000000,0.0085293778)  (0.0000000,8.7326269e-05)  
(0.0000000,2.4979472e-06)  (0.0000000,3.8885910e-05)  (-0.0000000,-0.00042224738)  (-0.0000000,-0.0014390885)  (0.0000000,0.00063345114)  (0.0000000,0.011232454)  (0.42466245,0.0000000)  (0.0000000,0.014773262)  (0.0000000,-0.0071223460)  (0.0000000,0.0030874107)  (0.0000000,-0.00020576541)  
(-0.0000000,-0.00065122739)  (0.0000000,0.00043090459)  (0.0000000,0.00023583803)  (0.0000000,0.0010284828)  (0.0000000,0.00055910210)  (-0.0000000,-0.00050199500)  (-0.0000000,-0.014773262)  (0.42683253,0.0000000)  (0.0000000,0.0070513230)  (0.0000000,0.00094962750)  (0.0000000,-5.0281967e-06)  
(-0.0000000,-0.00031596683)  (-0.0000000,-0.00045571051)  (0.0000000,0.00048142001)  (-0.0000000,-0.0014747193)  (-0.0000000,-0.00022277517)  (0.0000000,0.0053406884)  (0.0000000,0.0071223460)  (-0.0000000,-0.0070513230)  (0.43832641,0.0000000)  (0.0000000,0.015160456)  (0.0000000,2.8069052e-05)  
(-0.0000000,-0.00034078693)  (0.0000000,0.00014001083)  (-0.0000000,-0.00090642088)  (-0.0000000,-0.0012991449)  (-0.0000000,-0.00058893974)  (-0.0000000,-0.0085293778)  (-0.0000000,-0.0030874107)  (-0.0000000,-0.00094962750)  (-0.0000000,-0.015160456)  (0.44408199,0.0000000)  (0.0000000,0.00023032615)  
(0.0000000,2.6927670e-05)  (-0.0000000,-2.6076039e-06)  (-0.0000000,-9.2517202e-05)  (0.0000000,7.5709528e-06)  (0.0000000,2.4925738e-05)  (-0.0000000,-8.7326269e-05)  (0.0000000,0.00020576541)  (0.0000000,5.0281967e-06)  (-0.0000000,-2.8069052e-05)  (-0.0000000,-0.00023032615)  (0.46804307,0.0000000)  
