(0.0000000,0.0000000)  (0.0000000,2.4397476e-05)  (0.0000000,4.2720171e-05)  (0.0000000,0.00018348905)  (0.0000000,0.00027383006)  (0.0000000,-0.00024526565)  (0.0000000,0.00015394759)  (0.0000000,-1.8021206e-05)  (0.0000000,0.00018798222)  (0.0000000,-4.1242482e-05)  (0.0000000,-4.3558143e-05)  
(-0.0000000,-2.4397476e-05)  (0.20327478,0.0000000)  (0.0000000,-4.0061896e-05)  (0.0000000,-0.00025462134)  (0.0000000,0.00032840070)  (0.0000000,-3.1095303e-05)  (0.0000000,-0.00011220147)  (0.0000000,-0.00022959902)  (0.0000000,-4.8753906e-05)  (0.0000000,7.2639995e-06)  (0.0000000,-5.4888365e-05)  
(-0.0000000,-4.2720171e-05)  (0.0000000,4.0061896e-05)  (0.35648230,0.0000000)  (0.0000000,-0.0013712355)  (0.0000000,0.0011015769)  (0.0000000,-0.00020925867)  (0.0000000,-0.00035611657)  (0.0000000,0.0016550768)  (0.0000000,-0.00019939800)  (0.0000000,-0.00062969336)  (0.0000000,-6.8697879e-05)  
(-0.0000000,-0.00018348905)  (0.0000000,0.00025462134)  (0.0000000,0.0013712355)  (0.39561538,0.0000000)  (0.0000000,0.022668137)  (0.0000000,0.00034917460)  (0.0000000,-0.00025480576)  (0.0000000,-0.00015036045)  (0.0000000,-0.00025861894)  (0.0000000,-0.0018542993)  (0.0000000,-0.00042569334)  
(-0.0000000,-0.00027383006)  (-0.0000000,-0.00032840070)  (-0.0000000,-0.0011015769)  (-0.0000000,-0.022668137)  (0.39712414,0.0000000)  (0.0000000,0.00047260616)  (0.0000000,-0.00098570625)  (0.0000000,0.00018803391)  (0.0000000,-0.00024706105)  (0.0000000,-0.00016708125)  (0.0000000,2.0988542e-05)  
(0.0000000,0.00024526565)  (0.0000000,3.1095303e-05)  (0.0000000,0.00020925867)  (-0.0000000,-0.00034917460)  (-0.0000000,-0.00047260616)  (0.42480908,0.0000000)  (0.0000000,0.0084481125)  (0.0000000,0.014732599)  (0.0000000,0.0064568784)  (0.0000000,-0.0017795591)  (0.0000000,-0.00068532312)  
(-0.0000000,-0.00015394759)  (0.0000000,0.00011220147)  (0.0000000,0.00035611657)  (0.0000000,0.00025480576)  (0.0000000,0.00098570625)  (-0.0000000,-0.0084481125)  (0.42612491,0.0000000)  (0.0000000,-0.012118087)  (0.0000000,-0.0054742133)  (0.0000000,0.0021015830)  (0.0000000,-0.00053153192)  
(0.0000000,1.8021206e-05)  (0.0000000,0.00022959902)  (-0.0000000,-0.0016550768)  (0.0000000,0.00015036045)  (-0.0000000,-0.00018803391)  (-0.0000000,-0.014732599)  (0.0000000,0.012118087)  (0.42838448,0.0000000)  (0.0000000,-0.00012280661)  (0.0000000,0.00099836143)  (0.0000000,0.00012130409)  
(-0.0000000,-0.00018798222)  (0.0000000,4.8753906e-05)  (0.0000000,0.00019939800)  (0.0000000,0.00025861894)  (0.0000000,0.00024706105)  (-0.0000000,-0.0064568784)  (0.0000000,0.0054742133)  (0.0000000,0.00012280661)  (0.43288835,0.0000000)  (0.0000000,1.9116821e-05)  (0.0000000,0.0047143534)  
(0.0000000,4.1242482e-05)  (-0.0000000,-7.2639995e-06)  (0.0000000,0.00062969336)  (0.0000000,0.0018542993)  (0.0000000,0.00016708125)  (0.0000000,0.0017795591)  (-0.0000000,-0.0021015830)  (-0.0000000,-0.00099836143)  (-0.0000000,-1.9116821e-05)  (0.45356547,0.0000000)  (0.0000000,-0.00093669593)  
(0.0000000,4.3558143e-05)  (0.0000000,5.4888365e-05)  (0.0000000,6.8697879e-05)  (0.0000000,0.00042569334)  (-0.0000000,-2.0988542e-05)  (0.0000000,0.00068532312)  (0.0000000,0.00053153192)  (-0.0000000,-0.00012130409)  (-0.0000000,-0.0047143534)  (0.0000000,0.00093669593)  (0.46288835,0.0000000)  
