(0.0000000,0.0000000)  (0.0000000,0.00011613405)  (0.0000000,-3.6646113e-05)  (0.0000000,-2.9012505e-05)  (0.0000000,-0.00025863642)  (0.0000000,0.00014813621)  (0.0000000,-0.00012764891)  (0.0000000,-0.00012560736)  (0.0000000,2.2031881e-05)  (0.0000000,-1.0207538e-05)  (0.0000000,-0.00012692208)  
(-0.0000000,-0.00011613405)  (0.22137261,0.0000000)  (0.0000000,-0.00037476403)  (0.0000000,5.0463202e-06)  (0.0000000,-8.2672078e-05)  (0.0000000,-0.00062594661)  (0.0000000,2.8408462e-05)  (0.0000000,-0.00013579547)  (0.0000000,-0.00011774912)  (0.0000000,-1.6734869e-05)  (0.0000000,0.00010955355)  
(0.0000000,3.6646113e-05)  (0.0000000,0.00037476403)  (0.34545202,0.0000000)  (0.0000000,-6.4720519e-05)  (0.0000000,-0.00012925236)  (0.0000000,0.0032851876)  (0.0000000,-0.0025273900)  (0.0000000,-5.7495816e-05)  (0.0000000,0.00070630083)  (0.0000000,0.00016196113)  (0.0000000,-0.00023892846)  
(0.0000000,2.9012505e-05)  (-0.0000000,-5.0463202e-06)  (0.0000000,6.4720519e-05)  (0.38796093,0.0000000)  (0.0000000,-0.00034442216)  (0.0000000,-0.00033352860)  (0.0000000,-8.1877568e-05)  (0.0000000,-0.00028347342)  (0.0000000,0.0019247988)  (0.0000000,0.00076218468)  (0.0000000,-8.4949091e-05)  
(0.0000000,0.00025863642)  (0.0000000,8.2672078e-05)  (0.0000000,0.00012925236)  (0.0000000,0.00034442216)  (0.40195087,0.0000000)  (0.0000000,-0.014674982)  (0.0000000,0.0032397627)  (0.0000000,-2.2614770e-05)  (0.0000000,-0.0028244348)  (0.0000000,-0.00057144809)  (0.0000000,0.0011043434)  
(-0.0000000,-0.00014813621)  (0.0000000,0.00062594661)  (-0.0000000,-0.0032851876)  (0.0000000,0.00033352860)  (0.0000000,0.014674982)  (0.41416027,0.0000000)  (0.0000000,0.010059966)  (0.0000000,-0.0028799023)  (0.0000000,-7.5584447e-05)  (0.0000000,-0.00049631261)  (0.0000000,-0.00011576016)  
(0.0000000,0.00012764891)  (-0.0000000,-2.8408462e-05)  (0.0000000,0.0025273900)  (0.0000000,8.1877568e-05)  (-0.0000000,-0.0032397627)  (-0.0000000,-0.010059966)  (0.42718349,0.0000000)  (0.0000000,-0.0036820350)  (0.0000000,-0.0025554362)  (0.0000000,-0.00044140576)  (0.0000000,0.00015173476)  
(0.0000000,0.00012560736)  (0.0000000,0.00013579547)  (0.0000000,5.7495816e-05)  (0.0000000,0.00028347342)  (0.0000000,2.2614770e-05)  (0.0000000,0.0028799023)  (0.0000000,0.0036820350)  (0.43637389,0.0000000)  (0.0000000,0.00038298821)  (0.0000000,0.00042318511)  (0.0000000,0.00078207730)  
(-0.0000000,-2.2031881e-05)  (0.0000000,0.00011774912)  (-0.0000000,-0.00070630083)  (-0.0000000,-0.0019247988)  (0.0000000,0.0028244348)  (0.0000000,7.5584447e-05)  (0.0000000,0.0025554362)  (-0.0000000,-0.00038298821)  (0.44985649,0.0000000)  (0.0000000,-0.0027802681)  (0.0000000,8.4586810e-05)  
(0.0000000,1.0207538e-05)  (0.0000000,1.6734869e-05)  (-0.0000000,-0.00016196113)  (-0.0000000,-0.00076218468)  (0.0000000,0.00057144809)  (0.0000000,0.00049631261)  (0.0000000,0.00044140576)  (-0.0000000,-0.00042318511)  (0.0000000,0.0027802681)  (0.45604204,0.0000000)  (0.0000000,-0.00014014638)  
(0.0000000,0.00012692208)  (-0.0000000,-0.00010955355)  (0.0000000,0.00023892846)  (0.0000000,8.4949091e-05)  (-0.0000000,-0.0011043434)  (0.0000000,0.00011576016)  (-0.0000000,-0.00015173476)  (-0.0000000,-0.00078207730)  (-0.0000000,-8.4586810e-05)  (0.0000000,0.00014014638)  (0.46551523,0.0000000)  
