(0.0000000,0.0000000)  (0.0000000,-4.9579320e-06)  (0.0000000,3.3412418e-06)  (0.0000000,8.2576609e-05)  (0.0000000,-1.0152748e-05)  (0.0000000,-0.00023737163)  (0.0000000,-9.6089293e-05)  (0.0000000,0.00022016378)  (0.0000000,0.00014966509)  (0.0000000,0.00021188470)  (0.0000000,-4.5231653e-05)  
(0.0000000,4.9579320e-06)  (0.20450921,0.0000000)  (0.0000000,4.9622526e-05)  (0.0000000,2.1168253e-05)  (0.0000000,7.2121761e-05)  (0.0000000,0.00012363289)  (0.0000000,2.1726373e-05)  (0.0000000,-7.2778767e-05)  (0.0000000,0.00015731086)  (0.0000000,-1.0220736e-05)  (0.0000000,-3.0494500e-06)  
(-0.0000000,-3.3412418e-06)  (-0.0000000,-4.9622526e-05)  (0.36116148,0.0000000)  (0.0000000,8.7340914e-05)  (0.0000000,0.00040563890)  (0.0000000,0.00017313092)  (0.0000000,-0.00037029883)  (0.0000000,0.0016890966)  (0.0000000,0.00060716870)  (0.0000000,-4.5345543e-05)  (0.0000000,0.00036949088)  
(-0.0000000,-8.2576609e-05)  (-0.0000000,-2.1168253e-05)  (-0.0000000,-8.7340914e-05)  (0.39441641,0.0000000)  (0.0000000,8.1604155e-05)  (0.0000000,0.00021786990)  (0.0000000,0.00060436577)  (0.0000000,0.00011743400)  (0.0000000,0.00046436750)  (0.0000000,0.0014709128)  (0.0000000,-0.00018980837)  
(0.0000000,1.0152748e-05)  (-0.0000000,-7.2121761e-05)  (-0.0000000,-0.00040563890)  (-0.0000000,-8.1604155e-05)  (0.39642534,0.0000000)  (0.0000000,0.00033493965)  (0.0000000,0.00072751401)  (0.0000000,-0.00047994100)  (0.0000000,0.00055869657)  (0.0000000,-0.00053377371)  (0.0000000,9.0844176e-05)  
(0.0000000,0.00023737163)  (-0.0000000,-0.00012363289)  (-0.0000000,-0.00017313092)  (-0.0000000,-0.00021786990)  (-0.0000000,-0.00033493965)  (0.42125317,0.0000000)  (0.0000000,-0.0011616943)  (0.0000000,-0.0016643929)  (0.0000000,-0.00047672760)  (0.0000000,0.0012041056)  (0.0000000,-0.00046277448)  
(0.0000000,9.6089293e-05)  (-0.0000000,-2.1726373e-05)  (0.0000000,0.00037029883)  (-0.0000000,-0.00060436577)  (-0.0000000,-0.00072751401)  (0.0000000,0.0011616943)  (0.42533957,0.0000000)  (0.0000000,-0.011280042)  (0.0000000,-0.0011780478)  (0.0000000,-0.00078958103)  (0.0000000,0.0012895519)  
(-0.0000000,-0.00022016378)  (0.0000000,7.2778767e-05)  (-0.0000000,-0.0016890966)  (-0.0000000,-0.00011743400)  (0.0000000,0.00047994100)  (0.0000000,0.0016643929)  (0.0000000,0.011280042)  (0.43221216,0.0000000)  (0.0000000,0.0035491433)  (0.0000000,-0.00052031731)  (0.0000000,0.00036163677)  
(-0.0000000,-0.00014966509)  (-0.0000000,-0.00015731086)  (-0.0000000,-0.00060716870)  (-0.0000000,-0.00046436750)  (-0.0000000,-0.00055869657)  (0.0000000,0.00047672760)  (0.0000000,0.0011780478)  (-0.0000000,-0.0035491433)  (0.44300136,0.0000000)  (0.0000000,-0.0013240995)  (0.0000000,-7.8083012e-06)  
(-0.0000000,-0.00021188470)  (0.0000000,1.0220736e-05)  (0.0000000,4.5345543e-05)  (-0.0000000,-0.0014709128)  (0.0000000,0.00053377371)  (-0.0000000,-0.0012041056)  (0.0000000,0.00078958103)  (0.0000000,0.00052031731)  (0.0000000,0.0013240995)  (0.46048308,0.0000000)  (0.0000000,-4.1850844e-05)  
(0.0000000,4.5231653e-05)  (0.0000000,3.0494500e-06)  (-0.0000000,-0.00036949088)  (0.0000000,0.00018980837)  (-0.0000000,-9.0844176e-05)  (0.0000000,0.00046277448)  (-0.0000000,-0.0012895519)  (-0.0000000,-0.00036163677)  (0.0000000,7.8083012e-06)  (0.0000000,4.1850844e-05)  (0.46643122,0.0000000)  
