(0.0000000,0.0000000)  (0.0000000,2.0330917e-05)  (0.0000000,-4.7586889e-05)  (0.0000000,1.0578991e-05)  (0.0000000,-3.4072183e-08)  (0.0000000,-0.00010329119)  (0.0000000,-8.9585413e-05)  (0.0000000,0.00012783601)  (0.0000000,-9.9497475e-06)  (0.0000000,-2.7763718e-05)  (0.0000000,-0.00020540295)  
(-0.0000000,-2.0330917e-05)  (0.21781283,0.0000000)  (0.0000000,2.4347737e-05)  (0.0000000,-1.2193877e-05)  (0.0000000,0.00015819603)  (0.0000000,3.2218668e-05)  (0.0000000,-2.2941242e-05)  (0.0000000,0.00019265686)  (0.0000000,1.5784157e-05)  (0.0000000,-4.8654459e-05)  (0.0000000,-4.4069440e-05)  
(0.0000000,4.7586889e-05)  (-0.0000000,-2.4347737e-05)  (0.34793944,0.0000000)  (0.0000000,-0.00016056867)  (0.0000000,0.0022937704)  (0.0000000,-0.00035335795)  (0.0000000,0.00018699334)  (0.0000000,0.00053956958)  (0.0000000,0.00046323891)  (0.0000000,0.00051884046)  (0.0000000,-0.00018996438)  
(-0.0000000,-1.0578991e-05)  (0.0000000,1.2193877e-05)  (0.0000000,0.00016056867)  (0.38648194,0.0000000)  (0.0000000,0.0011367980)  (0.0000000,-0.00021638775)  (0.0000000,-0.00074986533)  (0.0000000,-0.00014873812)  (0.0000000,0.00027042616)  (0.0000000,-2.7039617e-05)  (0.0000000,1.6846642e-05)  
(0.0000000,3.4072183e-08)  (-0.0000000,-0.00015819603)  (-0.0000000,-0.0022937704)  (-0.0000000,-0.0011367980)  (0.39480302,0.0000000)  (0.0000000,0.0040166871)  (0.0000000,0.010470847)  (0.0000000,0.00042457972)  (0.0000000,-0.00079733278)  (0.0000000,-0.00032723302)  (0.0000000,-0.00045422589)  
(0.0000000,0.00010329119)  (-0.0000000,-3.2218668e-05)  (0.0000000,0.00035335795)  (0.0000000,0.00021638775)  (-0.0000000,-0.0040166871)  (0.40370512,0.0000000)  (0.0000000,0.00036346627)  (0.0000000,0.0047321852)  (0.0000000,-0.00053471963)  (0.0000000,6.7042861e-06)  (0.0000000,-9.6281400e-05)  
(0.0000000,8.9585413e-05)  (0.0000000,2.2941242e-05)  (-0.0000000,-0.00018699334)  (0.0000000,0.00074986533)  (-0.0000000,-0.010470847)  (-0.0000000,-0.00036346627)  (0.41046286,0.0000000)  (0.0000000,-0.0013156192)  (0.0000000,-0.0014624641)  (0.0000000,0.00048468437)  (0.0000000,0.00011235173)  
(-0.0000000,-0.00012783601)  (-0.0000000,-0.00019265686)  (-0.0000000,-0.00053956958)  (0.0000000,0.00014873812)  (-0.0000000,-0.00042457972)  (-0.0000000,-0.0047321852)  (0.0000000,0.0013156192)  (0.42808368,0.0000000)  (0.0000000,-4.8260421e-05)  (0.0000000,-0.00018028317)  (0.0000000,-0.00054141495)  
(0.0000000,9.9497475e-06)  (-0.0000000,-1.5784157e-05)  (-0.0000000,-0.00046323891)  (-0.0000000,-0.00027042616)  (0.0000000,0.00079733278)  (0.0000000,0.00053471963)  (0.0000000,0.0014624641)  (0.0000000,4.8260421e-05)  (0.44205524,0.0000000)  (0.0000000,-9.9574298e-05)  (0.0000000,-1.4778376e-05)  
(0.0000000,2.7763718e-05)  (0.0000000,4.8654459e-05)  (-0.0000000,-0.00051884046)  (0.0000000,2.7039617e-05)  (0.0000000,0.00032723302)  (-0.0000000,-6.7042861e-06)  (-0.0000000,-0.00048468437)  (0.0000000,0.00018028317)  (0.0000000,9.9574298e-05)  (0.44585039,0.0000000)  (0.0000000,0.00045552890)  
(0.0000000,0.00020540295)  (0.0000000,4.4069440e-05)  (0.0000000,0.00018996438)  (-0.0000000,-1.6846642e-05)  (0.0000000,0.00045422589)  (0.0000000,9.6281400e-05)  (-0.0000000,-0.00011235173)  (0.0000000,0.00054141495)  (0.0000000,1.4778376e-05)  (-0.0000000,-0.00045552890)  (0.45753096,0.0000000)  
