(0.0000000,0.0000000)  (0.0000000,-4.8294705e-05)  (0.0000000,1.1583434e-06)  (0.0000000,0.00028421503)  (0.0000000,-0.00020867758)  (0.0000000,-6.7489479e-05)  (0.0000000,-3.4265138e-05)  (0.0000000,7.5392406e-06)  (0.0000000,0.00016235596)  (0.0000000,0.00027263828)  (0.0000000,-1.0149100e-05)  
(0.0000000,4.8294705e-05)  (0.20189739,0.0000000)  (0.0000000,2.5406292e-05)  (0.0000000,0.00010125214)  (0.0000000,0.00016033462)  (0.0000000,-9.8549127e-05)  (0.0000000,-7.7214058e-05)  (0.0000000,1.1331208e-05)  (0.0000000,0.00019588566)  (0.0000000,-0.00028540999)  (0.0000000,-2.5779005e-06)  
(-0.0000000,-1.1583434e-06)  (-0.0000000,-2.5406292e-05)  (0.35719580,0.0000000)  (0.0000000,-6.8907177e-07)  (0.0000000,0.00064099934)  (0.0000000,0.00058522449)  (0.0000000,-1.6837459e-05)  (0.0000000,-0.00051402180)  (0.0000000,-0.0015938927)  (0.0000000,9.0285729e-05)  (0.0000000,5.5936554e-06)  
(-0.0000000,-0.00028421503)  (-0.0000000,-0.00010125214)  (0.0000000,6.8907177e-07)  (0.39245765,0.0000000)  (0.0000000,-0.019395897)  (0.0000000,-0.0032783522)  (0.0000000,-0.0037809714)  (0.0000000,-0.0033951772)  (0.0000000,0.00028733442)  (0.0000000,0.0012769763)  (0.0000000,4.2463681e-05)  
(0.0000000,0.00020867758)  (-0.0000000,-0.00016033462)  (-0.0000000,-0.00064099934)  (0.0000000,0.019395897)  (0.39438389,0.0000000)  (0.0000000,-0.0050936134)  (0.0000000,0.0015360342)  (0.0000000,0.0033144403)  (0.0000000,-0.0017311930)  (0.0000000,0.0023619014)  (0.0000000,-0.00016984895)  
(0.0000000,6.7489479e-05)  (0.0000000,9.8549127e-05)  (-0.0000000,-0.00058522449)  (0.0000000,0.0032783522)  (0.0000000,0.0050936134)  (0.39848444,0.0000000)  (0.0000000,0.0019797112)  (0.0000000,0.0019716404)  (0.0000000,-0.00035727369)  (0.0000000,0.0022698163)  (0.0000000,-2.7856756e-05)  
(0.0000000,3.4265138e-05)  (0.0000000,7.7214058e-05)  (0.0000000,1.6837459e-05)  (0.0000000,0.0037809714)  (-0.0000000,-0.0015360342)  (-0.0000000,-0.0019797112)  (0.42485355,0.0000000)  (0.0000000,0.0043560939)  (0.0000000,0.0079248471)  (0.0000000,-0.0062203923)  (0.0000000,0.00080551559)  
(-0.0000000,-7.5392406e-06)  (-0.0000000,-1.1331208e-05)  (0.0000000,0.00051402180)  (0.0000000,0.0033951772)  (-0.0000000,-0.0033144403)  (-0.0000000,-0.0019716404)  (-0.0000000,-0.0043560939)  (0.42736981,0.0000000)  (0.0000000,0.010611584)  (0.0000000,-0.0071441194)  (0.0000000,-0.00059482551)  
(-0.0000000,-0.00016235596)  (-0.0000000,-0.00019588566)  (0.0000000,0.0015938927)  (-0.0000000,-0.00028733442)  (0.0000000,0.0017311930)  (0.0000000,0.00035727369)  (-0.0000000,-0.0079248471)  (-0.0000000,-0.010611584)  (0.43025413,0.0000000)  (0.0000000,0.0025310690)  (0.0000000,0.00032485830)  
(-0.0000000,-0.00027263828)  (0.0000000,0.00028540999)  (-0.0000000,-9.0285729e-05)  (-0.0000000,-0.0012769763)  (-0.0000000,-0.0023619014)  (-0.0000000,-0.0022698163)  (0.0000000,0.0062203923)  (0.0000000,0.0071441194)  (-0.0000000,-0.0025310690)  (0.44153228,0.0000000)  (0.0000000,-0.00022821028)  
(0.0000000,1.0149100e-05)  (0.0000000,2.5779005e-06)  (-0.0000000,-5.5936554e-06)  (-0.0000000,-4.2463681e-05)  (0.0000000,0.00016984895)  (0.0000000,2.7856756e-05)  (-0.0000000,-0.00080551559)  (0.0000000,0.00059482551)  (-0.0000000,-0.00032485830)  (0.0000000,0.00022821028)  (0.45890394,0.0000000)  
