(0.0000000,0.0000000)  (0.0000000,-3.5988547e-05)  (0.0000000,1.1640263e-05)  (0.0000000,0.00013744647)  (0.0000000,-0.00035094131)  (0.0000000,-5.3977905e-05)  (0.0000000,-8.6168419e-05)  (0.0000000,5.3449092e-08)  (0.0000000,0.00019564450)  (0.0000000,0.00018398903)  (0.0000000,-1.3446937e-06)  
(0.0000000,3.5988547e-05)  (0.20149700,0.0000000)  (0.0000000,7.6934222e-05)  (0.0000000,0.00019898248)  (0.0000000,1.2447178e-05)  (0.0000000,-0.00014446976)  (0.0000000,-8.4306380e-05)  (0.0000000,-9.3796985e-05)  (0.0000000,0.00030448080)  (0.0000000,-0.00024481044)  (0.0000000,5.5913530e-06)  
(-0.0000000,-1.1640263e-05)  (-0.0000000,-7.6934222e-05)  (0.35834130,0.0000000)  (0.0000000,-0.00060942031)  (0.0000000,-0.00077655033)  (0.0000000,-0.0012019424)  (0.0000000,0.00060928210)  (0.0000000,0.00034486761)  (0.0000000,-0.00033535513)  (0.0000000,0.00020003551)  (0.0000000,6.1698910e-05)  
(-0.0000000,-0.00013744647)  (-0.0000000,-0.00019898248)  (0.0000000,0.00060942031)  (0.39153210,0.0000000)  (0.0000000,-0.0029555199)  (0.0000000,-0.0044059580)  (0.0000000,0.00018594741)  (0.0000000,0.00036652051)  (0.0000000,5.5137031e-05)  (0.0000000,0.0010991703)  (0.0000000,4.3419370e-05)  
(0.0000000,0.00035094131)  (-0.0000000,-1.2447178e-05)  (0.0000000,0.00077655033)  (0.0000000,0.0029555199)  (0.39478538,0.0000000)  (0.0000000,-0.0013515935)  (0.0000000,0.00036539823)  (0.0000000,0.00020336787)  (0.0000000,0.00060347907)  (0.0000000,0.00018681009)  (0.0000000,2.2356977e-05)  
(0.0000000,5.3977905e-05)  (0.0000000,0.00014446976)  (0.0000000,0.0012019424)  (0.0000000,0.0044059580)  (0.0000000,0.0013515935)  (0.39964004,0.0000000)  (0.0000000,0.00037230228)  (0.0000000,0.00022836241)  (0.0000000,-0.00059324539)  (0.0000000,0.00015834676)  (0.0000000,1.2538925e-05)  
(0.0000000,8.6168419e-05)  (0.0000000,8.4306380e-05)  (-0.0000000,-0.00060928210)  (-0.0000000,-0.00018594741)  (-0.0000000,-0.00036539823)  (-0.0000000,-0.00037230228)  (0.42524016,0.0000000)  (0.0000000,-6.9191504e-05)  (0.0000000,-0.0023178817)  (0.0000000,-0.00079996929)  (0.0000000,-0.00029322607)  
(-0.0000000,-5.3449092e-08)  (0.0000000,9.3796985e-05)  (-0.0000000,-0.00034486761)  (-0.0000000,-0.00036652051)  (-0.0000000,-0.00020336787)  (-0.0000000,-0.00022836241)  (0.0000000,6.9191504e-05)  (0.42842784,0.0000000)  (0.0000000,-0.0013124808)  (0.0000000,-0.00041164842)  (0.0000000,0.00058335148)  
(-0.0000000,-0.00019564450)  (-0.0000000,-0.00030448080)  (0.0000000,0.00033535513)  (-0.0000000,-5.5137031e-05)  (-0.0000000,-0.00060347907)  (0.0000000,0.00059324539)  (0.0000000,0.0023178817)  (0.0000000,0.0013124808)  (0.43277682,0.0000000)  (0.0000000,0.00060749486)  (0.0000000,0.00013707513)  
(-0.0000000,-0.00018398903)  (0.0000000,0.00024481044)  (-0.0000000,-0.00020003551)  (-0.0000000,-0.0010991703)  (-0.0000000,-0.00018681009)  (-0.0000000,-0.00015834676)  (0.0000000,0.00079996929)  (0.0000000,0.00041164842)  (-0.0000000,-0.00060749486)  (0.44468965,0.0000000)  (0.0000000,-0.00012363071)  
(0.0000000,1.3446937e-06)  (-0.0000000,-5.5913530e-06)  (-0.0000000,-6.1698910e-05)  (-0.0000000,-4.3419370e-05)  (-0.0000000,-2.2356977e-05)  (-0.0000000,-1.2538925e-05)  (0.0000000,0.00029322607)  (-0.0000000,-0.00058335148)  (-0.0000000,-0.00013707513)  (0.0000000,0.00012363071)  (0.45763294,0.0000000)  
