(0.0000000,0.0000000)  (0.0000000,1.4306345e-05)  (0.0000000,7.1220188e-05)  (0.0000000,-2.0083925e-05)  (0.0000000,-6.3394289e-06)  (0.0000000,-0.00011897048)  (0.0000000,1.3610129e-05)  (0.0000000,-0.00020732176)  (0.0000000,-3.8837290e-06)  (0.0000000,3.1567572e-06)  (0.0000000,7.4670897e-06)  
(-0.0000000,-1.4306345e-05)  (0.21701628,0.0000000)  (0.0000000,0.00017587105)  (0.0000000,5.2771130e-05)  (0.0000000,-1.3475462e-05)  (0.0000000,0.00039943896)  (0.0000000,0.00012355188)  (0.0000000,-4.1120327e-05)  (0.0000000,1.1923436e-05)  (0.0000000,-1.2073136e-05)  (0.0000000,2.0568469e-05)  
(-0.0000000,-7.1220188e-05)  (-0.0000000,-0.00017587105)  (0.35392121,0.0000000)  (0.0000000,-7.1323644e-05)  (0.0000000,0.0011577214)  (0.0000000,0.010282444)  (0.0000000,0.0044782663)  (0.0000000,-0.0016615420)  (0.0000000,-0.00034213688)  (0.0000000,-0.0025322236)  (0.0000000,-0.0010777858)  
(0.0000000,2.0083925e-05)  (-0.0000000,-5.2771130e-05)  (0.0000000,7.1323644e-05)  (0.39390467,0.0000000)  (0.0000000,1.6427603e-05)  (0.0000000,0.00016666586)  (0.0000000,0.00047055064)  (0.0000000,0.00017588179)  (0.0000000,-0.0021278488)  (0.0000000,-1.5452611e-06)  (0.0000000,9.6553174e-05)  
(0.0000000,6.3394289e-06)  (0.0000000,1.3475462e-05)  (-0.0000000,-0.0011577214)  (-0.0000000,-1.6427603e-05)  (0.41201279,0.0000000)  (0.0000000,0.015050599)  (0.0000000,0.0055007598)  (0.0000000,-0.00052318255)  (0.0000000,-0.0048472570)  (0.0000000,0.00011910825)  (0.0000000,-8.1588607e-05)  
(0.0000000,0.00011897048)  (-0.0000000,-0.00039943896)  (-0.0000000,-0.010282444)  (-0.0000000,-0.00016666586)  (-0.0000000,-0.015050599)  (0.41529143,0.0000000)  (0.0000000,-0.0062583902)  (0.0000000,0.0026546573)  (0.0000000,-0.0048781937)  (0.0000000,-5.2767876e-05)  (0.0000000,0.0014242619)  
(-0.0000000,-1.3610129e-05)  (-0.0000000,-0.00012355188)  (-0.0000000,-0.0044782663)  (-0.0000000,-0.00047055064)  (-0.0000000,-0.0055007598)  (0.0000000,0.0062583902)  (0.42628202,0.0000000)  (0.0000000,-0.0039076491)  (0.0000000,0.0039837875)  (0.0000000,-0.00042435362)  (0.0000000,-0.00057563179)  
(0.0000000,0.00020732176)  (0.0000000,4.1120327e-05)  (0.0000000,0.0016615420)  (-0.0000000,-0.00017588179)  (0.0000000,0.00052318255)  (-0.0000000,-0.0026546573)  (0.0000000,0.0039076491)  (0.43462423,0.0000000)  (0.0000000,-0.020534479)  (0.0000000,-0.00026673401)  (0.0000000,-1.6695741e-05)  
(0.0000000,3.8837290e-06)  (-0.0000000,-1.1923436e-05)  (0.0000000,0.00034213688)  (0.0000000,0.0021278488)  (0.0000000,0.0048472570)  (0.0000000,0.0048781937)  (-0.0000000,-0.0039837875)  (0.0000000,0.020534479)  (0.44992521,0.0000000)  (0.0000000,0.00055042596)  (0.0000000,0.0022207536)  
(-0.0000000,-3.1567572e-06)  (0.0000000,1.2073136e-05)  (0.0000000,0.0025322236)  (0.0000000,1.5452611e-06)  (-0.0000000,-0.00011910825)  (0.0000000,5.2767876e-05)  (0.0000000,0.00042435362)  (0.0000000,0.00026673401)  (-0.0000000,-0.00055042596)  (0.46215942,0.0000000)  (0.0000000,0.010554266)  
(-0.0000000,-7.4670897e-06)  (-0.0000000,-2.0568469e-05)  (0.0000000,0.0010777858)  (-0.0000000,-9.6553174e-05)  (0.0000000,8.1588607e-05)  (-0.0000000,-0.0014242619)  (0.0000000,0.00057563179)  (0.0000000,1.6695741e-05)  (-0.0000000,-0.0022207536)  (-0.0000000,-0.010554266)  (0.46687149,0.0000000)  
