(0.0000000,0.0000000)  (0.0000000,1.8012511e-05)  (0.0000000,7.2500400e-05)  (0.0000000,0.00023866789)  (0.0000000,-0.00030876479)  (0.0000000,-0.00018565582)  (0.0000000,-3.4095957e-05)  (0.0000000,-8.9145250e-05)  (0.0000000,0.00016321155)  (0.0000000,-7.4801771e-07)  (0.0000000,6.6484917e-07)  
(-0.0000000,-1.8012511e-05)  (0.22191669,0.0000000)  (0.0000000,-0.00027625853)  (0.0000000,-6.5348760e-05)  (0.0000000,-5.6155814e-06)  (0.0000000,0.00015878992)  (0.0000000,0.00034001494)  (0.0000000,-7.7929353e-05)  (0.0000000,-4.6926043e-05)  (0.0000000,-1.1930137e-05)  (0.0000000,3.8666800e-05)  
(-0.0000000,-7.2500400e-05)  (0.0000000,0.00027625853)  (0.34414704,0.0000000)  (0.0000000,6.8696072e-06)  (0.0000000,-0.00019001161)  (0.0000000,0.00019351979)  (0.0000000,-0.0097763121)  (0.0000000,0.00028644795)  (0.0000000,6.7555158e-05)  (0.0000000,0.00026814638)  (0.0000000,-2.8250330e-05)  
(-0.0000000,-0.00023866789)  (0.0000000,6.5348760e-05)  (-0.0000000,-6.8696072e-06)  (0.37614898,0.0000000)  (0.0000000,-0.0011581150)  (0.0000000,-0.00032827652)  (0.0000000,-0.00021052425)  (0.0000000,-1.3497904e-06)  (0.0000000,0.00017129635)  (0.0000000,3.3266355e-06)  (0.0000000,-4.6688167e-05)  
(0.0000000,0.00030876479)  (0.0000000,5.6155814e-06)  (0.0000000,0.00019001161)  (0.0000000,0.0011581150)  (0.38300283,0.0000000)  (0.0000000,-0.0021329265)  (0.0000000,0.0050988088)  (0.0000000,-0.00042528580)  (0.0000000,-0.00016908896)  (0.0000000,-0.00012767509)  (0.0000000,-0.00037819977)  
(0.0000000,0.00018565582)  (-0.0000000,-0.00015878992)  (-0.0000000,-0.00019351979)  (0.0000000,0.00032827652)  (0.0000000,0.0021329265)  (0.39311933,0.0000000)  (0.0000000,-0.011634483)  (0.0000000,0.00037082543)  (0.0000000,7.8826574e-05)  (0.0000000,0.00030372844)  (0.0000000,-0.00013181525)  
(0.0000000,3.4095957e-05)  (-0.0000000,-0.00034001494)  (0.0000000,0.0097763121)  (0.0000000,0.00021052425)  (-0.0000000,-0.0050988088)  (0.0000000,0.011634483)  (0.41004833,0.0000000)  (0.0000000,0.011463515)  (0.0000000,-0.00083383057)  (0.0000000,7.1857857e-05)  (0.0000000,0.00026248955)  
(0.0000000,8.9145250e-05)  (0.0000000,7.7929353e-05)  (-0.0000000,-0.00028644795)  (0.0000000,1.3497904e-06)  (0.0000000,0.00042528580)  (-0.0000000,-0.00037082543)  (-0.0000000,-0.011463515)  (0.42303848,0.0000000)  (0.0000000,2.7272947e-05)  (0.0000000,0.00029382750)  (0.0000000,-0.00033277133)  
(-0.0000000,-0.00016321155)  (0.0000000,4.6926043e-05)  (-0.0000000,-6.7555158e-05)  (-0.0000000,-0.00017129635)  (0.0000000,0.00016908896)  (-0.0000000,-7.8826574e-05)  (0.0000000,0.00083383057)  (-0.0000000,-2.7272947e-05)  (0.43816986,0.0000000)  (0.0000000,-2.5596988e-05)  (0.0000000,-0.0017213229)  
(0.0000000,7.4801771e-07)  (0.0000000,1.1930137e-05)  (-0.0000000,-0.00026814638)  (-0.0000000,-3.3266355e-06)  (0.0000000,0.00012767509)  (-0.0000000,-0.00030372844)  (-0.0000000,-7.1857857e-05)  (-0.0000000,-0.00029382750)  (0.0000000,2.5596988e-05)  (0.44388850,0.0000000)  (0.0000000,8.5190444e-06)  
(-0.0000000,-6.6484917e-07)  (-0.0000000,-3.8666800e-05)  (0.0000000,2.8250330e-05)  (0.0000000,4.6688167e-05)  (0.0000000,0.00037819977)  (0.0000000,0.00013181525)  (-0.0000000,-0.00026248955)  (0.0000000,0.00033277133)  (0.0000000,0.0017213229)  (-0.0000000,-8.5190444e-06)  (0.45521682,0.0000000)  
