(0.0000000,0.0000000)  (0.0000000,1.3739974e-05)  (0.0000000,3.3799957e-05)  (0.0000000,0.00014794023)  (0.0000000,-6.4514768e-05)  (0.0000000,-1.8643382e-05)  (0.0000000,-1.2078938e-06)  (0.0000000,-6.1594209e-06)  (0.0000000,2.2015862e-05)  (0.0000000,-0.00014703459)  (0.0000000,1.9963678e-05)  
(-0.0000000,-1.3739974e-05)  (0.21804895,0.0000000)  (0.0000000,0.00012869330)  (0.0000000,-1.9892711e-05)  (0.0000000,7.1094357e-06)  (0.0000000,-3.5522293e-05)  (0.0000000,-5.4297895e-05)  (0.0000000,-0.00025821470)  (0.0000000,-8.6232658e-06)  (0.0000000,-1.8301072e-07)  (0.0000000,3.8105048e-06)  
(-0.0000000,-3.3799957e-05)  (-0.0000000,-0.00012869330)  (0.34883907,0.0000000)  (0.0000000,-0.00031642263)  (0.0000000,5.6041207e-05)  (0.0000000,-0.00060802713)  (0.0000000,-0.00052011190)  (0.0000000,-0.0011424869)  (0.0000000,-0.00079669930)  (0.0000000,2.1874653e-05)  (0.0000000,-1.7029641e-05)  
(-0.0000000,-0.00014794023)  (0.0000000,1.9892711e-05)  (0.0000000,0.00031642263)  (0.35940906,0.0000000)  (0.0000000,-0.00018569870)  (0.0000000,5.1962459e-05)  (0.0000000,-0.00099443862)  (0.0000000,0.00040222162)  (0.0000000,1.5000405e-05)  (0.0000000,-5.4691474e-06)  (0.0000000,-3.9520840e-06)  
(0.0000000,6.4514768e-05)  (-0.0000000,-7.1094357e-06)  (-0.0000000,-5.6041207e-05)  (0.0000000,0.00018569870)  (0.38255834,0.0000000)  (0.0000000,-8.3933651e-06)  (0.0000000,9.1845993e-05)  (0.0000000,-3.3792139e-05)  (0.0000000,-0.00015307088)  (0.0000000,-0.00019263726)  (0.0000000,1.6403616e-05)  
(0.0000000,1.8643382e-05)  (0.0000000,3.5522293e-05)  (0.0000000,0.00060802713)  (-0.0000000,-5.1962459e-05)  (0.0000000,8.3933651e-06)  (0.39484363,0.0000000)  (0.0000000,0.00014322614)  (0.0000000,-9.8131470e-05)  (0.0000000,-3.8916825e-05)  (0.0000000,8.2432963e-06)  (0.0000000,0.00013047640)  
(0.0000000,1.2078938e-06)  (0.0000000,5.4297895e-05)  (0.0000000,0.00052011190)  (0.0000000,0.00099443862)  (-0.0000000,-9.1845993e-05)  (-0.0000000,-0.00014322614)  (0.41259730,0.0000000)  (0.0000000,-0.00042523888)  (0.0000000,0.00064318733)  (0.0000000,2.5075129e-05)  (0.0000000,9.5431158e-07)  
(0.0000000,6.1594209e-06)  (0.0000000,0.00025821470)  (0.0000000,0.0011424869)  (-0.0000000,-0.00040222162)  (0.0000000,3.3792139e-05)  (0.0000000,9.8131470e-05)  (0.0000000,0.00042523888)  (0.41718680,0.0000000)  (0.0000000,-0.00016880469)  (0.0000000,-9.4483072e-06)  (0.0000000,-1.2608723e-05)  
(-0.0000000,-2.2015862e-05)  (0.0000000,8.6232658e-06)  (0.0000000,0.00079669930)  (-0.0000000,-1.5000405e-05)  (0.0000000,0.00015307088)  (0.0000000,3.8916825e-05)  (-0.0000000,-0.00064318733)  (0.0000000,0.00016880469)  (0.44578608,0.0000000)  (0.0000000,9.3164871e-05)  (0.0000000,6.4570220e-07)  
(0.0000000,0.00014703459)  (0.0000000,1.8301072e-07)  (-0.0000000,-2.1874653e-05)  (0.0000000,5.4691474e-06)  (0.0000000,0.00019263726)  (-0.0000000,-8.2432963e-06)  (-0.0000000,-2.5075129e-05)  (0.0000000,9.4483072e-06)  (-0.0000000,-9.3164871e-05)  (0.46159274,0.0000000)  (0.0000000,-0.00074049728)  
(-0.0000000,-1.9963678e-05)  (-0.0000000,-3.8105048e-06)  (0.0000000,1.7029641e-05)  (0.0000000,3.9520840e-06)  (-0.0000000,-1.6403616e-05)  (-0.0000000,-0.00013047640)  (-0.0000000,-9.5431158e-07)  (0.0000000,1.2608723e-05)  (-0.0000000,-6.4570220e-07)  (0.0000000,0.00074049728)  (0.47379056,0.0000000)  
