(0.0000000,0.0000000)  (0.0000000,0.00013792565)  (0.0000000,0.00037015019)  (0.0000000,-2.1461825e-05)  (0.0000000,0.00041413424)  (0.0000000,-0.00081764487)  (0.0000000,0.00014792913)  (0.0000000,0.00052105715)  (0.0000000,-3.2072330e-05)  (0.0000000,-5.3651845e-06)  (0.0000000,-8.0514244e-06)  
(-0.0000000,-0.00013792565)  (0.23689850,0.0000000)  (0.0000000,0.00045042305)  (0.0000000,-5.9102125e-05)  (0.0000000,-4.4144318e-05)  (0.0000000,0.00010601253)  (0.0000000,0.00013197663)  (0.0000000,-2.9705246e-05)  (0.0000000,-0.00012862526)  (0.0000000,0.00040586768)  (0.0000000,-4.6368116e-05)  
(-0.0000000,-0.00037015019)  (-0.0000000,-0.00045042305)  (0.32302929,0.0000000)  (0.0000000,0.00081878459)  (0.0000000,-0.00038959516)  (0.0000000,-0.00078653049)  (0.0000000,-0.00020278650)  (0.0000000,9.6581279e-05)  (0.0000000,-0.00022434195)  (0.0000000,0.0013071087)  (0.0000000,0.00097368159)  
(0.0000000,2.1461825e-05)  (0.0000000,5.9102125e-05)  (-0.0000000,-0.00081878459)  (0.34522197,0.0000000)  (0.0000000,-0.0018855852)  (0.0000000,-0.0010231022)  (0.0000000,0.00023215100)  (0.0000000,5.4117989e-05)  (0.0000000,0.0024842227)  (0.0000000,0.00077088258)  (0.0000000,-0.00042403780)  
(-0.0000000,-0.00041413424)  (0.0000000,4.4144318e-05)  (0.0000000,0.00038959516)  (0.0000000,0.0018855852)  (0.36922660,0.0000000)  (0.0000000,0.00022600106)  (0.0000000,-0.00010848569)  (0.0000000,-0.00021165492)  (0.0000000,-0.0022043641)  (0.0000000,-0.00062035913)  (0.0000000,-0.0013530255)  
(0.0000000,0.00081764487)  (-0.0000000,-0.00010601253)  (0.0000000,0.00078653049)  (0.0000000,0.0010231022)  (-0.0000000,-0.00022600106)  (0.37092536,0.0000000)  (0.0000000,-0.00011990406)  (0.0000000,0.00019274277)  (0.0000000,-0.00091627368)  (0.0000000,-0.00075733904)  (0.0000000,-0.00041256894)  
(-0.0000000,-0.00014792913)  (-0.0000000,-0.00013197663)  (0.0000000,0.00020278650)  (-0.0000000,-0.00023215100)  (0.0000000,0.00010848569)  (0.0000000,0.00011990406)  (0.41075484,0.0000000)  (0.0000000,0.00067108042)  (0.0000000,-0.00054441750)  (0.0000000,0.0014742788)  (0.0000000,-0.00037050927)  
(-0.0000000,-0.00052105715)  (0.0000000,2.9705246e-05)  (-0.0000000,-9.6581279e-05)  (-0.0000000,-5.4117989e-05)  (0.0000000,0.00021165492)  (-0.0000000,-0.00019274277)  (-0.0000000,-0.00067108042)  (0.42100015,0.0000000)  (0.0000000,-0.00032399369)  (0.0000000,0.0010101552)  (0.0000000,-0.00014321568)  
(0.0000000,3.2072330e-05)  (0.0000000,0.00012862526)  (0.0000000,0.00022434195)  (-0.0000000,-0.0024842227)  (0.0000000,0.0022043641)  (0.0000000,0.00091627368)  (0.0000000,0.00054441750)  (0.0000000,0.00032399369)  (0.43355647,0.0000000)  (0.0000000,0.00035486503)  (0.0000000,-0.0046229507)  
(0.0000000,5.3651845e-06)  (-0.0000000,-0.00040586768)  (-0.0000000,-0.0013071087)  (-0.0000000,-0.00077088258)  (0.0000000,0.00062035913)  (0.0000000,0.00075733904)  (-0.0000000,-0.0014742788)  (-0.0000000,-0.0010101552)  (-0.0000000,-0.00035486503)  (0.43516942,0.0000000)  (0.0000000,-0.0017559127)  
(0.0000000,8.0514244e-06)  (0.0000000,4.6368116e-05)  (-0.0000000,-0.00097368159)  (0.0000000,0.00042403780)  (0.0000000,0.0013530255)  (0.0000000,0.00041256894)  (0.0000000,0.00037050927)  (0.0000000,0.00014321568)  (0.0000000,0.0046229507)  (0.0000000,0.0017559127)  (0.44673478,0.0000000)  
