(0.0000000,0.0000000)  (0.0000000,3.7014217e-06)  (0.0000000,-0.00012581188)  (0.0000000,-0.00018786681)  (0.0000000,0.00050172072)  (0.0000000,-0.00049916555)  (0.0000000,-1.1606534e-05)  (0.0000000,1.7829240e-05)  (0.0000000,1.2463459e-05)  (0.0000000,-4.1521988e-05)  (0.0000000,-2.2348605e-05)  
(-0.0000000,-3.7014217e-06)  (0.21561740,0.0000000)  (0.0000000,0.00049592310)  (0.0000000,0.00022842488)  (0.0000000,4.2726106e-05)  (0.0000000,-5.4165745e-05)  (0.0000000,0.00026949601)  (0.0000000,-0.00036694000)  (0.0000000,0.00028636277)  (0.0000000,-8.2395092e-05)  (0.0000000,0.00022689030)  
(0.0000000,0.00012581188)  (-0.0000000,-0.00049592310)  (0.33945279,0.0000000)  (0.0000000,0.0021528622)  (0.0000000,0.00033100722)  (0.0000000,-0.00013672341)  (0.0000000,0.00025805012)  (0.0000000,-8.5540863e-06)  (0.0000000,8.1521444e-05)  (0.0000000,0.00025823350)  (0.0000000,0.00036654239)  
(0.0000000,0.00018786681)  (-0.0000000,-0.00022842488)  (-0.0000000,-0.0021528622)  (0.34957793,0.0000000)  (0.0000000,0.00010029898)  (0.0000000,0.00036608430)  (0.0000000,0.0013383922)  (0.0000000,0.00022723551)  (0.0000000,-8.1251223e-05)  (0.0000000,-0.00030341093)  (0.0000000,-0.00028841279)  
(-0.0000000,-0.00050172072)  (-0.0000000,-4.2726106e-05)  (-0.0000000,-0.00033100722)  (-0.0000000,-0.00010029898)  (0.37468873,0.0000000)  (0.0000000,-0.0023311222)  (0.0000000,0.00019919291)  (0.0000000,0.00016652933)  (0.0000000,-0.00031586062)  (0.0000000,-0.00019684439)  (0.0000000,0.00022120090)  
(0.0000000,0.00049916555)  (0.0000000,5.4165745e-05)  (0.0000000,0.00013672341)  (-0.0000000,-0.00036608430)  (0.0000000,0.0023311222)  (0.38430653,0.0000000)  (0.0000000,-7.9568767e-05)  (0.0000000,2.9487712e-05)  (0.0000000,0.00013801188)  (0.0000000,-9.7269458e-05)  (0.0000000,4.8576435e-05)  
(0.0000000,1.1606534e-05)  (-0.0000000,-0.00026949601)  (-0.0000000,-0.00025805012)  (-0.0000000,-0.0013383922)  (-0.0000000,-0.00019919291)  (0.0000000,7.9568767e-05)  (0.40989820,0.0000000)  (0.0000000,-0.00042208371)  (0.0000000,-0.00038716799)  (0.0000000,-0.00031108220)  (0.0000000,0.00031836762)  
(-0.0000000,-1.7829240e-05)  (0.0000000,0.00036694000)  (0.0000000,8.5540863e-06)  (-0.0000000,-0.00022723551)  (-0.0000000,-0.00016652933)  (-0.0000000,-2.9487712e-05)  (0.0000000,0.00042208371)  (0.42010125,0.0000000)  (0.0000000,0.0018490293)  (0.0000000,-0.0012338758)  (0.0000000,-0.0011069191)  
(-0.0000000,-1.2463459e-05)  (-0.0000000,-0.00028636277)  (-0.0000000,-8.1521444e-05)  (0.0000000,8.1251223e-05)  (0.0000000,0.00031586062)  (-0.0000000,-0.00013801188)  (0.0000000,0.00038716799)  (-0.0000000,-0.0018490293)  (0.42541344,0.0000000)  (0.0000000,0.0018870079)  (0.0000000,0.00066711178)  
(0.0000000,4.1521988e-05)  (0.0000000,8.2395092e-05)  (-0.0000000,-0.00025823350)  (0.0000000,0.00030341093)  (0.0000000,0.00019684439)  (0.0000000,9.7269458e-05)  (0.0000000,0.00031108220)  (0.0000000,0.0012338758)  (-0.0000000,-0.0018870079)  (0.44347672,0.0000000)  (0.0000000,0.0020974165)  
(0.0000000,2.2348605e-05)  (-0.0000000,-0.00022689030)  (-0.0000000,-0.00036654239)  (0.0000000,0.00028841279)  (-0.0000000,-0.00022120090)  (-0.0000000,-4.8576435e-05)  (-0.0000000,-0.00031836762)  (0.0000000,0.0011069191)  (-0.0000000,-0.00066711178)  (-0.0000000,-0.0020974165)  (0.44785620,0.0000000)  
