(0.0000000,0.0000000)  (0.0000000,6.8353634e-05)  (0.0000000,-4.9273338e-05)  (0.0000000,0.00052116198)  (0.0000000,-0.00048493296)  (0.0000000,-4.6343440e-05)  (0.0000000,5.2410824e-05)  (0.0000000,-4.8179723e-05)  (0.0000000,-9.6829561e-05)  (0.0000000,-7.3993128e-06)  (0.0000000,0.00023532193)  
(-0.0000000,-6.8353634e-05)  (0.21042262,0.0000000)  (0.0000000,-0.00038812801)  (0.0000000,-3.4978342e-05)  (0.0000000,-0.00017244128)  (0.0000000,0.00025483640)  (0.0000000,-2.6954882e-05)  (0.0000000,0.00010052469)  (0.0000000,0.00019154109)  (0.0000000,3.4739225e-05)  (0.0000000,5.7471502e-06)  
(0.0000000,4.9273338e-05)  (0.0000000,0.00038812801)  (0.34615248,0.0000000)  (0.0000000,-0.00043148179)  (0.0000000,-0.00027853854)  (0.0000000,-0.00030913864)  (0.0000000,7.8585653e-05)  (0.0000000,-0.00071171694)  (0.0000000,-0.0015886512)  (0.0000000,-0.00017122786)  (0.0000000,-0.0018084782)  
(-0.0000000,-0.00052116198)  (0.0000000,3.4978342e-05)  (0.0000000,0.00043148179)  (0.39362133,0.0000000)  (0.0000000,-0.019294080)  (0.0000000,-0.0026657407)  (0.0000000,0.0017611229)  (0.0000000,0.0010211453)  (0.0000000,0.0032483786)  (0.0000000,0.00018200740)  (0.0000000,0.00016204812)  
(0.0000000,0.00048493296)  (0.0000000,0.00017244128)  (0.0000000,0.00027853854)  (0.0000000,0.019294080)  (0.39704274,0.0000000)  (0.0000000,-0.0019640025)  (0.0000000,-0.00043247949)  (0.0000000,0.0018337743)  (0.0000000,0.00055389630)  (0.0000000,4.9834730e-05)  (0.0000000,0.00020146435)  
(0.0000000,4.6343440e-05)  (-0.0000000,-0.00025483640)  (0.0000000,0.00030913864)  (0.0000000,0.0026657407)  (0.0000000,0.0019640025)  (0.41051009,0.0000000)  (0.0000000,0.00011762759)  (0.0000000,-0.0020733743)  (0.0000000,-0.0039666717)  (0.0000000,-0.00027620925)  (0.0000000,-7.9944436e-05)  
(-0.0000000,-5.2410824e-05)  (0.0000000,2.6954882e-05)  (-0.0000000,-7.8585653e-05)  (-0.0000000,-0.0017611229)  (0.0000000,0.00043247949)  (-0.0000000,-0.00011762759)  (0.41841130,0.0000000)  (0.0000000,0.00096895098)  (0.0000000,-0.00049579512)  (0.0000000,-0.00031282820)  (0.0000000,0.00016249487)  
(0.0000000,4.8179723e-05)  (-0.0000000,-0.00010052469)  (0.0000000,0.00071171694)  (-0.0000000,-0.0010211453)  (-0.0000000,-0.0018337743)  (0.0000000,0.0020733743)  (-0.0000000,-0.00096895098)  (0.42481533,0.0000000)  (0.0000000,0.00062677533)  (0.0000000,-0.0022572138)  (0.0000000,-0.00076598963)  
(0.0000000,9.6829561e-05)  (-0.0000000,-0.00019154109)  (0.0000000,0.0015886512)  (-0.0000000,-0.0032483786)  (-0.0000000,-0.00055389630)  (0.0000000,0.0039666717)  (0.0000000,0.00049579512)  (-0.0000000,-0.00062677533)  (0.44851476,0.0000000)  (0.0000000,0.0014077432)  (0.0000000,-0.0012352723)  
(0.0000000,7.3993128e-06)  (-0.0000000,-3.4739225e-05)  (0.0000000,0.00017122786)  (-0.0000000,-0.00018200740)  (-0.0000000,-4.9834730e-05)  (0.0000000,0.00027620925)  (0.0000000,0.00031282820)  (0.0000000,0.0022572138)  (-0.0000000,-0.0014077432)  (0.45718698,0.0000000)  (0.0000000,0.00023834449)  
(-0.0000000,-0.00023532193)  (-0.0000000,-5.7471502e-06)  (0.0000000,0.0018084782)  (-0.0000000,-0.00016204812)  (-0.0000000,-0.00020146435)  (0.0000000,7.9944436e-05)  (-0.0000000,-0.00016249487)  (0.0000000,0.00076598963)  (0.0000000,0.0012352723)  (-0.0000000,-0.00023834449)  (0.46010327,0.0000000)  
