(0.0000000,0.0000000)  (0.0000000,-5.7027590e-06)  (0.0000000,3.1114288e-05)  (0.0000000,-0.00011236232)  (0.0000000,1.2761001e-06)  (0.0000000,-1.4162218e-05)  (0.0000000,-5.4311319e-05)  (0.0000000,-8.4016807e-05)  (0.0000000,-0.00010907312)  (0.0000000,-2.4786027e-05)  (0.0000000,-5.3267248e-05)  
(0.0000000,5.7027590e-06)  (0.22474146,0.0000000)  (0.0000000,0.00017784660)  (0.0000000,0.00036859866)  (0.0000000,-0.00016975938)  (0.0000000,-6.4302529e-05)  (0.0000000,-0.00016961969)  (0.0000000,0.00021790375)  (0.0000000,-2.5752929e-05)  (0.0000000,3.1261345e-06)  (0.0000000,4.5116562e-05)  
(-0.0000000,-3.1114288e-05)  (-0.0000000,-0.00017784660)  (0.33488828,0.0000000)  (0.0000000,0.0016474603)  (0.0000000,0.00080691128)  (0.0000000,-0.0022415066)  (0.0000000,-0.00017576623)  (0.0000000,-0.0012245888)  (0.0000000,4.5242011e-06)  (0.0000000,-3.7623100e-05)  (0.0000000,3.7501487e-05)  
(0.0000000,0.00011236232)  (-0.0000000,-0.00036859866)  (-0.0000000,-0.0016474603)  (0.35763643,0.0000000)  (0.0000000,-8.4473172e-05)  (0.0000000,-3.1942804e-05)  (0.0000000,-0.00021740408)  (0.0000000,0.00041006619)  (0.0000000,-0.00021203945)  (0.0000000,-3.3955975e-05)  (0.0000000,0.00012600538)  
(-0.0000000,-1.2761001e-06)  (0.0000000,0.00016975938)  (-0.0000000,-0.00080691128)  (0.0000000,8.4473172e-05)  (0.37452170,0.0000000)  (0.0000000,0.00026015210)  (0.0000000,0.00022180919)  (0.0000000,-0.00070598282)  (0.0000000,-0.00010135731)  (0.0000000,0.0016132627)  (0.0000000,0.0014803545)  
(0.0000000,1.4162218e-05)  (0.0000000,6.4302529e-05)  (0.0000000,0.0022415066)  (0.0000000,3.1942804e-05)  (-0.0000000,-0.00026015210)  (0.37622836,0.0000000)  (0.0000000,-0.00034689772)  (0.0000000,0.00028617623)  (0.0000000,0.00039060556)  (0.0000000,-0.0019532295)  (0.0000000,-0.0015456036)  
(0.0000000,5.4311319e-05)  (0.0000000,0.00016961969)  (0.0000000,0.00017576623)  (0.0000000,0.00021740408)  (-0.0000000,-0.00022180919)  (0.0000000,0.00034689772)  (0.41973889,0.0000000)  (0.0000000,-0.00060296556)  (0.0000000,-0.00090424833)  (0.0000000,-0.00046080917)  (0.0000000,-0.00053443784)  
(0.0000000,8.4016807e-05)  (-0.0000000,-0.00021790375)  (0.0000000,0.0012245888)  (-0.0000000,-0.00041006619)  (0.0000000,0.00070598282)  (-0.0000000,-0.00028617623)  (0.0000000,0.00060296556)  (0.42391257,0.0000000)  (0.0000000,-0.00067274292)  (0.0000000,0.00064494273)  (0.0000000,0.00046116756)  
(0.0000000,0.00010907312)  (0.0000000,2.5752929e-05)  (-0.0000000,-4.5242011e-06)  (0.0000000,0.00021203945)  (0.0000000,0.00010135731)  (-0.0000000,-0.00039060556)  (0.0000000,0.00090424833)  (0.0000000,0.00067274292)  (0.43686524,0.0000000)  (0.0000000,5.2563517e-05)  (0.0000000,-5.5251901e-05)  
(0.0000000,2.4786027e-05)  (-0.0000000,-3.1261345e-06)  (0.0000000,3.7623100e-05)  (0.0000000,3.3955975e-05)  (-0.0000000,-0.0016132627)  (0.0000000,0.0019532295)  (0.0000000,0.00046080917)  (-0.0000000,-0.00064494273)  (-0.0000000,-5.2563517e-05)  (0.44539653,0.0000000)  (0.0000000,0.0011819799)  
(0.0000000,5.3267248e-05)  (-0.0000000,-4.5116562e-05)  (-0.0000000,-3.7501487e-05)  (-0.0000000,-0.00012600538)  (-0.0000000,-0.0014803545)  (0.0000000,0.0015456036)  (0.0000000,0.00053443784)  (-0.0000000,-0.00046116756)  (0.0000000,5.5251901e-05)  (-0.0000000,-0.0011819799)  (0.46070027,0.0000000)  
