(0.0000000,0.0000000)  (0.0000000,8.5382080e-06)  (0.0000000,1.2267649e-07)  (0.0000000,-1.1612966e-05)  (0.0000000,3.8470269e-05)  (0.0000000,-0.00023370950)  (0.0000000,5.1398596e-05)  (0.0000000,7.4090372e-05)  (0.0000000,-4.3385331e-05)  (0.0000000,4.7506152e-05)  (0.0000000,1.0171413e-05)  
(-0.0000000,-8.5382080e-06)  (0.21503454,0.0000000)  (0.0000000,-1.2638065e-05)  (0.0000000,-9.4542210e-05)  (0.0000000,-7.0921016e-05)  (0.0000000,-3.4298070e-05)  (0.0000000,2.7798565e-05)  (0.0000000,3.8837536e-05)  (0.0000000,1.1130737e-06)  (0.0000000,-5.2784649e-05)  (0.0000000,6.8891557e-05)  
(-0.0000000,-1.2267649e-07)  (0.0000000,1.2638065e-05)  (0.35207324,0.0000000)  (0.0000000,-0.00082155305)  (0.0000000,-0.00021425273)  (0.0000000,-0.0014371844)  (0.0000000,0.00066725391)  (0.0000000,6.1753672e-05)  (0.0000000,0.00032660835)  (0.0000000,0.0011165593)  (0.0000000,0.00043345667)  
(0.0000000,1.1612966e-05)  (0.0000000,9.4542210e-05)  (0.0000000,0.00082155305)  (0.38854526,0.0000000)  (0.0000000,0.0041070855)  (0.0000000,0.00053772820)  (0.0000000,-0.0012032388)  (0.0000000,-0.00044137849)  (0.0000000,-0.00011576673)  (0.0000000,0.0018854505)  (0.0000000,0.0017028894)  
(-0.0000000,-3.8470269e-05)  (0.0000000,7.0921016e-05)  (0.0000000,0.00021425273)  (-0.0000000,-0.0041070855)  (0.40559865,0.0000000)  (0.0000000,0.0018527503)  (0.0000000,0.00042411598)  (0.0000000,-0.00088817542)  (0.0000000,-0.00023934291)  (0.0000000,2.7301511e-06)  (0.0000000,-0.00053739660)  
(0.0000000,0.00023370950)  (0.0000000,3.4298070e-05)  (0.0000000,0.0014371844)  (-0.0000000,-0.00053772820)  (-0.0000000,-0.0018527503)  (0.41457297,0.0000000)  (0.0000000,-0.0072481353)  (0.0000000,0.011875511)  (0.0000000,1.7132890e-05)  (0.0000000,0.0031500201)  (0.0000000,-0.0018454070)  
(-0.0000000,-5.1398596e-05)  (-0.0000000,-2.7798565e-05)  (-0.0000000,-0.00066725391)  (0.0000000,0.0012032388)  (-0.0000000,-0.00042411598)  (0.0000000,0.0072481353)  (0.41886719,0.0000000)  (0.0000000,-0.00067460080)  (0.0000000,1.7688066e-05)  (0.0000000,-0.00081995133)  (0.0000000,-3.8830099e-05)  
(-0.0000000,-7.4090372e-05)  (-0.0000000,-3.8837536e-05)  (-0.0000000,-6.1753672e-05)  (0.0000000,0.00044137849)  (0.0000000,0.00088817542)  (-0.0000000,-0.011875511)  (0.0000000,0.00067460080)  (0.43105729,0.0000000)  (0.0000000,0.00036709633)  (0.0000000,-0.0032895401)  (0.0000000,-0.0052314370)  
(0.0000000,4.3385331e-05)  (-0.0000000,-1.1130737e-06)  (-0.0000000,-0.00032660835)  (0.0000000,0.00011576673)  (0.0000000,0.00023934291)  (-0.0000000,-1.7132890e-05)  (-0.0000000,-1.7688066e-05)  (-0.0000000,-0.00036709633)  (0.44452758,0.0000000)  (0.0000000,-0.00076676398)  (0.0000000,-0.0020542638)  
(-0.0000000,-4.7506152e-05)  (0.0000000,5.2784649e-05)  (-0.0000000,-0.0011165593)  (-0.0000000,-0.0018854505)  (-0.0000000,-2.7301511e-06)  (-0.0000000,-0.0031500201)  (0.0000000,0.00081995133)  (0.0000000,0.0032895401)  (0.0000000,0.00076676398)  (0.44772868,0.0000000)  (0.0000000,0.017410146)  
(-0.0000000,-1.0171413e-05)  (-0.0000000,-6.8891557e-05)  (-0.0000000,-0.00043345667)  (-0.0000000,-0.0017028894)  (0.0000000,0.00053739660)  (0.0000000,0.0018454070)  (0.0000000,3.8830099e-05)  (0.0000000,0.0052314370)  (0.0000000,0.0020542638)  (-0.0000000,-0.017410146)  (0.45011742,0.0000000)  
