(0.0000000,0.0000000)  (0.0000000,-2.0960065e-05)  (0.0000000,0.00015495316)  (0.0000000,5.4536818e-06)  (0.0000000,-3.0078868e-05)  (0.0000000,-3.9133213e-07)  (0.0000000,-7.6885410e-05)  (0.0000000,0.00052657710)  (0.0000000,5.0613760e-05)  (0.0000000,-1.1875531e-05)  (0.0000000,-9.0137390e-05)  
(0.0000000,2.0960065e-05)  (0.20032891,0.0000000)  (0.0000000,-0.00020914156)  (0.0000000,-1.7904984e-05)  (0.0000000,5.7115997e-06)  (0.0000000,1.0356623e-05)  (0.0000000,0.00049683541)  (0.0000000,2.7732078e-06)  (0.0000000,6.9446014e-05)  (0.0000000,-1.1282556e-06)  (0.0000000,-0.00013082247)  
(-0.0000000,-0.00015495316)  (0.0000000,0.00020914156)  (0.35873250,0.0000000)  (0.0000000,3.4741469e-05)  (0.0000000,0.00044413865)  (0.0000000,8.8260013e-05)  (0.0000000,-0.0012723492)  (0.0000000,-0.00012117949)  (0.0000000,-9.5155829e-06)  (0.0000000,-3.6045396e-05)  (0.0000000,-0.00026429574)  
(-0.0000000,-5.4536818e-06)  (0.0000000,1.7904984e-05)  (-0.0000000,-3.4741469e-05)  (0.36837125,0.0000000)  (0.0000000,0.0050681628)  (0.0000000,0.0011503307)  (0.0000000,5.5266942e-05)  (0.0000000,3.8570772e-05)  (0.0000000,2.0919492e-05)  (0.0000000,4.4075656e-05)  (0.0000000,-0.00015998057)  
(0.0000000,3.0078868e-05)  (-0.0000000,-5.7115997e-06)  (-0.0000000,-0.00044413865)  (-0.0000000,-0.0050681628)  (0.39109129,0.0000000)  (0.0000000,0.00012389661)  (0.0000000,-7.4660962e-05)  (0.0000000,5.9477401e-06)  (0.0000000,0.00019120095)  (0.0000000,-0.00020620532)  (0.0000000,2.2475985e-05)  
(0.0000000,3.9133213e-07)  (-0.0000000,-1.0356623e-05)  (-0.0000000,-8.8260013e-05)  (-0.0000000,-0.0011503307)  (-0.0000000,-0.00012389661)  (0.39528775,0.0000000)  (0.0000000,-1.7631336e-05)  (0.0000000,1.2081315e-05)  (0.0000000,-1.6895907e-05)  (0.0000000,-3.5853895e-05)  (0.0000000,-4.2949490e-05)  
(0.0000000,7.6885410e-05)  (-0.0000000,-0.00049683541)  (0.0000000,0.0012723492)  (-0.0000000,-5.5266942e-05)  (0.0000000,7.4660962e-05)  (0.0000000,1.7631336e-05)  (0.40756643,0.0000000)  (0.0000000,7.4808241e-05)  (0.0000000,0.00022037165)  (0.0000000,1.3155609e-05)  (0.0000000,1.8456513e-05)  
(-0.0000000,-0.00052657710)  (-0.0000000,-2.7732078e-06)  (0.0000000,0.00012117949)  (-0.0000000,-3.8570772e-05)  (-0.0000000,-5.9477401e-06)  (-0.0000000,-1.2081315e-05)  (-0.0000000,-7.4808241e-05)  (0.42611811,0.0000000)  (0.0000000,0.00061893210)  (0.0000000,4.5380596e-05)  (0.0000000,-3.8244111e-05)  
(-0.0000000,-5.0613760e-05)  (-0.0000000,-6.9446014e-05)  (0.0000000,9.5155829e-06)  (-0.0000000,-2.0919492e-05)  (-0.0000000,-0.00019120095)  (0.0000000,1.6895907e-05)  (-0.0000000,-0.00022037165)  (-0.0000000,-0.00061893210)  (0.44938224,0.0000000)  (0.0000000,-0.00053174574)  (0.0000000,-0.0053463033)  
(0.0000000,1.1875531e-05)  (0.0000000,1.1282556e-06)  (0.0000000,3.6045396e-05)  (-0.0000000,-4.4075656e-05)  (0.0000000,0.00020620532)  (0.0000000,3.5853895e-05)  (-0.0000000,-1.3155609e-05)  (-0.0000000,-4.5380596e-05)  (0.0000000,0.00053174574)  (0.45259013,0.0000000)  (0.0000000,-0.00043198171)  
(0.0000000,9.0137390e-05)  (0.0000000,0.00013082247)  (0.0000000,0.00026429574)  (0.0000000,0.00015998057)  (-0.0000000,-2.2475985e-05)  (0.0000000,4.2949490e-05)  (-0.0000000,-1.8456513e-05)  (0.0000000,3.8244111e-05)  (0.0000000,0.0053463033)  (0.0000000,0.00043198171)  (0.45433207,0.0000000)  
