(0.0000000,0.0000000)  (0.0000000,-2.2053078e-07)  (0.0000000,3.9505714e-05)  (0.0000000,-0.00099152222)  (0.0000000,-0.00022642632)  (0.0000000,-0.00018384159)  (0.0000000,0.00052719085)  (0.0000000,0.00042000870)  (0.0000000,0.00020918209)  (0.0000000,0.00018977881)  (0.0000000,-0.00023882936)  
(0.0000000,2.2053078e-07)  (0.20744295,0.0000000)  (0.0000000,-2.3098595e-05)  (0.0000000,4.6448149e-07)  (0.0000000,4.6979850e-05)  (0.0000000,0.00038207948)  (0.0000000,-0.00026132624)  (0.0000000,0.00035639205)  (0.0000000,-7.9923777e-05)  (0.0000000,0.00035972932)  (0.0000000,-9.3387871e-06)  
(-0.0000000,-3.9505714e-05)  (0.0000000,2.3098595e-05)  (0.36632079,0.0000000)  (0.0000000,-0.00021807370)  (0.0000000,-1.9684595e-05)  (0.0000000,6.7212878e-05)  (0.0000000,-6.7128097e-05)  (0.0000000,0.0012511888)  (0.0000000,-0.00088573877)  (0.0000000,-3.4272367e-05)  (0.0000000,-0.00014610084)  
(0.0000000,0.00099152222)  (-0.0000000,-4.6448149e-07)  (0.0000000,0.00021807370)  (0.39233049,0.0000000)  (0.0000000,-0.0028705281)  (0.0000000,-0.0015821129)  (0.0000000,-0.00075419455)  (0.0000000,0.0013665747)  (0.0000000,-0.00011812826)  (0.0000000,0.00096540444)  (0.0000000,6.4056140e-05)  
(0.0000000,0.00022642632)  (-0.0000000,-4.6979850e-05)  (0.0000000,1.9684595e-05)  (0.0000000,0.0028705281)  (0.39482930,0.0000000)  (0.0000000,0.0048016232)  (0.0000000,-6.6583816e-05)  (0.0000000,7.3794316e-05)  (0.0000000,-0.00064557976)  (0.0000000,0.00030477141)  (0.0000000,6.4388835e-06)  
(0.0000000,0.00018384159)  (-0.0000000,-0.00038207948)  (-0.0000000,-6.7212878e-05)  (0.0000000,0.0015821129)  (-0.0000000,-0.0048016232)  (0.41343207,0.0000000)  (0.0000000,-0.0054728795)  (0.0000000,-0.00052238178)  (0.0000000,-0.0018777816)  (0.0000000,0.00052471251)  (0.0000000,5.4501118e-05)  
(-0.0000000,-0.00052719085)  (0.0000000,0.00026132624)  (0.0000000,6.7128097e-05)  (0.0000000,0.00075419455)  (0.0000000,6.6583816e-05)  (0.0000000,0.0054728795)  (0.42351402,0.0000000)  (0.0000000,0.0063211138)  (0.0000000,0.014751178)  (0.0000000,0.0084129722)  (0.0000000,0.00022987664)  
(-0.0000000,-0.00042000870)  (-0.0000000,-0.00035639205)  (-0.0000000,-0.0012511888)  (-0.0000000,-0.0013665747)  (-0.0000000,-7.3794316e-05)  (0.0000000,0.00052238178)  (-0.0000000,-0.0063211138)  (0.42675683,0.0000000)  (0.0000000,0.00061738129)  (0.0000000,0.0017566658)  (0.0000000,8.6815524e-05)  
(-0.0000000,-0.00020918209)  (0.0000000,7.9923777e-05)  (0.0000000,0.00088573877)  (0.0000000,0.00011812826)  (0.0000000,0.00064557976)  (0.0000000,0.0018777816)  (-0.0000000,-0.014751178)  (-0.0000000,-0.00061738129)  (0.43512201,0.0000000)  (0.0000000,0.0034162831)  (0.0000000,7.2541096e-05)  
(-0.0000000,-0.00018977881)  (-0.0000000,-0.00035972932)  (0.0000000,3.4272367e-05)  (-0.0000000,-0.00096540444)  (-0.0000000,-0.00030477141)  (-0.0000000,-0.00052471251)  (-0.0000000,-0.0084129722)  (-0.0000000,-0.0017566658)  (-0.0000000,-0.0034162831)  (0.44193010,0.0000000)  (0.0000000,5.1446672e-05)  
(0.0000000,0.00023882936)  (0.0000000,9.3387871e-06)  (0.0000000,0.00014610084)  (-0.0000000,-6.4056140e-05)  (-0.0000000,-6.4388835e-06)  (-0.0000000,-5.4501118e-05)  (-0.0000000,-0.00022987664)  (-0.0000000,-8.6815524e-05)  (-0.0000000,-7.2541096e-05)  (-0.0000000,-5.1446672e-05)  (0.46985851,0.0000000)  
