(0.0000000,0.0000000)  (0.0000000,-1.7241150e-05)  (0.0000000,4.1492071e-05)  (0.0000000,-2.7663444e-05)  (0.0000000,5.3014340e-06)  (0.0000000,-8.9035007e-05)  (0.0000000,7.3164641e-06)  (0.0000000,3.7481521e-05)  (0.0000000,-4.3057623e-05)  (0.0000000,-9.9800695e-06)  (0.0000000,-1.3817231e-05)  
(0.0000000,1.7241150e-05)  (0.20648304,0.0000000)  (0.0000000,1.7403862e-05)  (0.0000000,-1.4403559e-05)  (0.0000000,-3.4079839e-05)  (0.0000000,0.00014514862)  (0.0000000,3.6182298e-05)  (0.0000000,3.2435798e-06)  (0.0000000,-9.7602687e-05)  (0.0000000,8.6874847e-06)  (0.0000000,2.2164305e-05)  
(-0.0000000,-4.1492071e-05)  (-0.0000000,-1.7403862e-05)  (0.36535335,0.0000000)  (0.0000000,0.0027887263)  (0.0000000,-0.00069203737)  (0.0000000,0.00059495251)  (0.0000000,0.0013328883)  (0.0000000,-0.00026773438)  (0.0000000,-0.00015231131)  (0.0000000,5.6015824e-05)  (0.0000000,0.00043176823)  
(0.0000000,2.7663444e-05)  (0.0000000,1.4403559e-05)  (-0.0000000,-0.0027887263)  (0.39427915,0.0000000)  (0.0000000,-0.0024079925)  (0.0000000,-0.00032864045)  (0.0000000,-0.00028190401)  (0.0000000,0.00095078862)  (0.0000000,-8.3389408e-06)  (0.0000000,0.00011070287)  (0.0000000,5.2210857e-05)  
(-0.0000000,-5.3014340e-06)  (0.0000000,3.4079839e-05)  (0.0000000,0.00069203737)  (0.0000000,0.0024079925)  (0.40106464,0.0000000)  (0.0000000,0.00017766269)  (0.0000000,-0.00047336630)  (0.0000000,-0.0015657691)  (0.0000000,-0.00066948892)  (0.0000000,0.00074742477)  (0.0000000,-0.00019290047)  
(0.0000000,8.9035007e-05)  (-0.0000000,-0.00014514862)  (-0.0000000,-0.00059495251)  (0.0000000,0.00032864045)  (-0.0000000,-0.00017766269)  (0.40849693,0.0000000)  (0.0000000,-5.8937492e-05)  (0.0000000,-0.00011522267)  (0.0000000,-1.9770381e-05)  (0.0000000,1.5596546e-05)  (0.0000000,0.00020812768)  
(-0.0000000,-7.3164641e-06)  (-0.0000000,-3.6182298e-05)  (-0.0000000,-0.0013328883)  (0.0000000,0.00028190401)  (0.0000000,0.00047336630)  (0.0000000,5.8937492e-05)  (0.41966135,0.0000000)  (0.0000000,-0.00031653222)  (0.0000000,0.010483516)  (0.0000000,-0.00031589920)  (0.0000000,9.4731779e-05)  
(-0.0000000,-3.7481521e-05)  (-0.0000000,-3.2435798e-06)  (0.0000000,0.00026773438)  (-0.0000000,-0.00095078862)  (0.0000000,0.0015657691)  (0.0000000,0.00011522267)  (0.0000000,0.00031653222)  (0.43055584,0.0000000)  (0.0000000,0.0017206881)  (0.0000000,-0.00023623508)  (0.0000000,0.0010249641)  
(0.0000000,4.3057623e-05)  (0.0000000,9.7602687e-05)  (0.0000000,0.00015231131)  (0.0000000,8.3389408e-06)  (0.0000000,0.00066948892)  (0.0000000,1.9770381e-05)  (-0.0000000,-0.010483516)  (-0.0000000,-0.0017206881)  (0.44981313,0.0000000)  (0.0000000,1.0597546e-05)  (0.0000000,4.1467125e-05)  
(0.0000000,9.9800695e-06)  (-0.0000000,-8.6874847e-06)  (-0.0000000,-5.6015824e-05)  (-0.0000000,-0.00011070287)  (-0.0000000,-0.00074742477)  (-0.0000000,-1.5596546e-05)  (0.0000000,0.00031589920)  (0.0000000,0.00023623508)  (-0.0000000,-1.0597546e-05)  (0.46208041,0.0000000)  (0.0000000,-0.0020160328)  
(0.0000000,1.3817231e-05)  (-0.0000000,-2.2164305e-05)  (-0.0000000,-0.00043176823)  (-0.0000000,-5.2210857e-05)  (0.0000000,0.00019290047)  (-0.0000000,-0.00020812768)  (-0.0000000,-9.4731779e-05)  (-0.0000000,-0.0010249641)  (-0.0000000,-4.1467125e-05)  (0.0000000,0.0020160328)  (0.46601136,0.0000000)  
