(0.0000000,0.0000000)  (0.0000000,5.9967359e-05)  (0.0000000,4.5686352e-05)  (0.0000000,-0.00015797905)  (0.0000000,-1.4253700e-05)  (0.0000000,-0.00021887125)  (0.0000000,-7.4911768e-06)  (0.0000000,-0.00013247387)  (0.0000000,1.7586197e-05)  (0.0000000,-1.2328099e-05)  (0.0000000,-1.8091233e-05)  
(-0.0000000,-5.9967359e-05)  (0.20862078,0.0000000)  (0.0000000,7.7747422e-05)  (0.0000000,0.00023748676)  (0.0000000,0.00022263637)  (0.0000000,-3.2509063e-05)  (0.0000000,-5.1836538e-05)  (0.0000000,-0.00016641002)  (0.0000000,7.1838676e-05)  (0.0000000,-6.0261038e-05)  (0.0000000,5.9779494e-05)  
(-0.0000000,-4.5686352e-05)  (-0.0000000,-7.7747422e-05)  (0.35024071,0.0000000)  (0.0000000,0.0037922298)  (0.0000000,0.0051389419)  (0.0000000,-0.0034454500)  (0.0000000,-0.00030296515)  (0.0000000,9.9187332e-05)  (0.0000000,0.00030730185)  (0.0000000,-0.00044168681)  (0.0000000,0.00031251976)  
(0.0000000,0.00015797905)  (-0.0000000,-0.00023748676)  (-0.0000000,-0.0037922298)  (0.40088549,0.0000000)  (0.0000000,-0.019717214)  (0.0000000,0.0091223012)  (0.0000000,-0.00077746496)  (0.0000000,-0.00057146252)  (0.0000000,-0.00047017394)  (0.0000000,-0.00015750204)  (0.0000000,0.0010350965)  
(0.0000000,1.4253700e-05)  (-0.0000000,-0.00022263637)  (-0.0000000,-0.0051389419)  (0.0000000,0.019717214)  (0.40374812,0.0000000)  (0.0000000,-0.0057679906)  (0.0000000,-0.00070965098)  (0.0000000,-0.00026400275)  (0.0000000,3.5117004e-05)  (0.0000000,0.00016747995)  (0.0000000,-0.00035734639)  
(0.0000000,0.00021887125)  (0.0000000,3.2509063e-05)  (0.0000000,0.0034454500)  (-0.0000000,-0.0091223012)  (0.0000000,0.0057679906)  (0.40689868,0.0000000)  (0.0000000,0.00075551454)  (0.0000000,0.0017428837)  (0.0000000,-0.00030990574)  (0.0000000,-0.00016325128)  (0.0000000,0.0018040930)  
(0.0000000,7.4911768e-06)  (0.0000000,5.1836538e-05)  (0.0000000,0.00030296515)  (0.0000000,0.00077746496)  (0.0000000,0.00070965098)  (-0.0000000,-0.00075551454)  (0.42207196,0.0000000)  (0.0000000,8.7251465e-05)  (0.0000000,0.00031890709)  (0.0000000,-0.0013028397)  (0.0000000,-0.00010217614)  
(0.0000000,0.00013247387)  (0.0000000,0.00016641002)  (-0.0000000,-9.9187332e-05)  (0.0000000,0.00057146252)  (0.0000000,0.00026400275)  (-0.0000000,-0.0017428837)  (-0.0000000,-8.7251465e-05)  (0.42525927,0.0000000)  (0.0000000,4.0792635e-05)  (0.0000000,-6.6150762e-05)  (0.0000000,0.00098662035)  
(-0.0000000,-1.7586197e-05)  (-0.0000000,-7.1838676e-05)  (-0.0000000,-0.00030730185)  (0.0000000,0.00047017394)  (-0.0000000,-3.5117004e-05)  (0.0000000,0.00030990574)  (-0.0000000,-0.00031890709)  (-0.0000000,-4.0792635e-05)  (0.44927842,0.0000000)  (0.0000000,-7.2688806e-05)  (0.0000000,-0.00039474321)  
(0.0000000,1.2328099e-05)  (0.0000000,6.0261038e-05)  (0.0000000,0.00044168681)  (0.0000000,0.00015750204)  (-0.0000000,-0.00016747995)  (0.0000000,0.00016325128)  (0.0000000,0.0013028397)  (0.0000000,6.6150762e-05)  (0.0000000,7.2688806e-05)  (0.45834607,0.0000000)  (0.0000000,-0.00075140147)  
(0.0000000,1.8091233e-05)  (-0.0000000,-5.9779494e-05)  (-0.0000000,-0.00031251976)  (-0.0000000,-0.0010350965)  (0.0000000,0.00035734639)  (-0.0000000,-0.0018040930)  (0.0000000,0.00010217614)  (-0.0000000,-0.00098662035)  (0.0000000,0.00039474321)  (0.0000000,0.00075140147)  (0.46140017,0.0000000)  
