(0.0000000,0.0000000)  (0.0000000,-1.5158170e-05)  (0.0000000,6.0433354e-06)  (0.0000000,7.8470483e-06)  (0.0000000,6.7794434e-05)  (0.0000000,0.0010015490)  (0.0000000,-5.1924178e-05)  (0.0000000,9.0305600e-06)  (0.0000000,4.6675085e-05)  (0.0000000,-0.00015578150)  (0.0000000,-6.8929477e-05)  
(0.0000000,1.5158170e-05)  (0.19919352,0.0000000)  (0.0000000,1.8989975e-05)  (0.0000000,-2.2798648e-05)  (0.0000000,-1.6294791e-06)  (0.0000000,0.00016225574)  (0.0000000,0.00051824881)  (0.0000000,-1.3566661e-06)  (0.0000000,7.5352549e-05)  (0.0000000,-1.5793613e-05)  (0.0000000,-8.6433832e-05)  
(-0.0000000,-6.0433354e-06)  (-0.0000000,-1.8989975e-05)  (0.35603194,0.0000000)  (0.0000000,0.0045226492)  (0.0000000,0.0055265818)  (0.0000000,-0.00012448254)  (0.0000000,0.00041817892)  (0.0000000,0.00034849185)  (0.0000000,3.0324446e-05)  (0.0000000,0.00030608969)  (0.0000000,0.00028790551)  
(-0.0000000,-7.8470483e-06)  (0.0000000,2.2798648e-05)  (-0.0000000,-0.0045226492)  (0.36224248,0.0000000)  (0.0000000,0.00084833900)  (0.0000000,-0.00012982608)  (0.0000000,-0.00043742910)  (0.0000000,0.00055453608)  (0.0000000,-0.00017889231)  (0.0000000,-2.9879662e-05)  (0.0000000,0.00011569001)  
(-0.0000000,-6.7794434e-05)  (0.0000000,1.6294791e-06)  (-0.0000000,-0.0055265818)  (-0.0000000,-0.00084833900)  (0.38892029,0.0000000)  (0.0000000,-7.1797484e-05)  (0.0000000,-9.5095426e-07)  (0.0000000,-5.2886592e-05)  (0.0000000,-0.00035221352)  (0.0000000,-0.00010577538)  (0.0000000,0.00047784802)  
(-0.0000000,-0.0010015490)  (-0.0000000,-0.00016225574)  (0.0000000,0.00012448254)  (0.0000000,0.00012982608)  (0.0000000,7.1797484e-05)  (0.39417882,0.0000000)  (0.0000000,0.00015002445)  (0.0000000,2.2849415e-05)  (0.0000000,5.1724938e-05)  (0.0000000,0.00013568267)  (0.0000000,-0.00010573193)  
(0.0000000,5.1924178e-05)  (-0.0000000,-0.00051824881)  (-0.0000000,-0.00041817892)  (0.0000000,0.00043742910)  (0.0000000,9.5095426e-07)  (-0.0000000,-0.00015002445)  (0.40513891,0.0000000)  (0.0000000,2.1008413e-05)  (0.0000000,0.00026177105)  (0.0000000,0.00042352551)  (0.0000000,-0.00030297953)  
(-0.0000000,-9.0305600e-06)  (0.0000000,1.3566661e-06)  (-0.0000000,-0.00034849185)  (-0.0000000,-0.00055453608)  (0.0000000,5.2886592e-05)  (-0.0000000,-2.2849415e-05)  (-0.0000000,-2.1008413e-05)  (0.42510455,0.0000000)  (0.0000000,-6.1174053e-05)  (0.0000000,-3.7438911e-05)  (0.0000000,-0.00020349100)  
(-0.0000000,-4.6675085e-05)  (-0.0000000,-7.5352549e-05)  (-0.0000000,-3.0324446e-05)  (0.0000000,0.00017889231)  (0.0000000,0.00035221352)  (-0.0000000,-5.1724938e-05)  (-0.0000000,-0.00026177105)  (0.0000000,6.1174053e-05)  (0.44759325,0.0000000)  (0.0000000,-0.0011269016)  (0.0000000,-0.013222610)  
(0.0000000,0.00015578150)  (0.0000000,1.5793613e-05)  (-0.0000000,-0.00030608969)  (0.0000000,2.9879662e-05)  (0.0000000,0.00010577538)  (-0.0000000,-0.00013568267)  (-0.0000000,-0.00042352551)  (0.0000000,3.7438911e-05)  (0.0000000,0.0011269016)  (0.44947466,0.0000000)  (0.0000000,-0.0045241273)  
(0.0000000,6.8929477e-05)  (0.0000000,8.6433832e-05)  (-0.0000000,-0.00028790551)  (-0.0000000,-0.00011569001)  (-0.0000000,-0.00047784802)  (0.0000000,0.00010573193)  (0.0000000,0.00030297953)  (0.0000000,0.00020349100)  (0.0000000,0.013222610)  (0.0000000,0.0045241273)  (0.45152861,0.0000000)  
