(0.0000000,0.0000000)  (0.0000000,1.5914092e-05)  (0.0000000,-6.6301391e-06)  (0.0000000,1.9102155e-05)  (0.0000000,5.3214641e-05)  (0.0000000,0.00068447074)  (0.0000000,1.3059842e-05)  (0.0000000,9.9215043e-06)  (0.0000000,3.6039258e-07)  (0.0000000,-9.6958023e-05)  (0.0000000,-1.8247669e-05)  
(-0.0000000,-1.5914092e-05)  (0.19968230,0.0000000)  (0.0000000,2.9224923e-07)  (0.0000000,-9.9371994e-06)  (0.0000000,5.5164112e-05)  (0.0000000,6.4361733e-05)  (0.0000000,0.00045375482)  (0.0000000,1.7727831e-05)  (0.0000000,5.9445116e-05)  (0.0000000,-8.3543029e-05)  (0.0000000,-3.3202823e-05)  
(0.0000000,6.6301391e-06)  (-0.0000000,-2.9224923e-07)  (0.35341590,0.0000000)  (0.0000000,-0.00035968331)  (0.0000000,-4.6308579e-05)  (0.0000000,0.00019724307)  (0.0000000,1.2984406e-05)  (0.0000000,-9.0454072e-07)  (0.0000000,2.4073910e-05)  (0.0000000,-0.00030728223)  (0.0000000,6.8218454e-05)  
(-0.0000000,-1.9102155e-05)  (0.0000000,9.9371994e-06)  (0.0000000,0.00035968331)  (0.35875179,0.0000000)  (0.0000000,-0.0011385033)  (0.0000000,-6.2637605e-05)  (0.0000000,0.00026498462)  (0.0000000,-0.00011396105)  (0.0000000,-1.5347500e-05)  (0.0000000,5.0314381e-05)  (0.0000000,-0.00021809146)  
(-0.0000000,-5.3214641e-05)  (-0.0000000,-5.5164112e-05)  (0.0000000,4.6308579e-05)  (0.0000000,0.0011385033)  (0.38875841,0.0000000)  (0.0000000,-0.00023242654)  (0.0000000,-1.0281266e-05)  (0.0000000,0.00010592338)  (0.0000000,-4.8938746e-05)  (0.0000000,0.0010198844)  (0.0000000,0.00063904979)  
(-0.0000000,-0.00068447074)  (-0.0000000,-6.4361733e-05)  (-0.0000000,-0.00019724307)  (0.0000000,6.2637605e-05)  (0.0000000,0.00023242654)  (0.39347121,0.0000000)  (0.0000000,0.0015994920)  (0.0000000,-6.0605952e-05)  (0.0000000,0.00021245876)  (0.0000000,0.00024393914)  (0.0000000,6.3332512e-05)  
(-0.0000000,-1.3059842e-05)  (-0.0000000,-0.00045375482)  (-0.0000000,-1.2984406e-05)  (-0.0000000,-0.00026498462)  (0.0000000,1.0281266e-05)  (-0.0000000,-0.0015994920)  (0.40509022,0.0000000)  (0.0000000,8.4529787e-05)  (0.0000000,1.4717679e-05)  (0.0000000,-0.00055254443)  (0.0000000,-0.00053967267)  
(-0.0000000,-9.9215043e-06)  (-0.0000000,-1.7727831e-05)  (0.0000000,9.0454072e-07)  (0.0000000,0.00011396105)  (-0.0000000,-0.00010592338)  (0.0000000,6.0605952e-05)  (-0.0000000,-8.4529787e-05)  (0.42306935,0.0000000)  (0.0000000,-0.00074878509)  (0.0000000,-0.00078396152)  (0.0000000,0.0028115729)  
(-0.0000000,-3.6039258e-07)  (-0.0000000,-5.9445116e-05)  (-0.0000000,-2.4073910e-05)  (0.0000000,1.5347500e-05)  (0.0000000,4.8938746e-05)  (-0.0000000,-0.00021245876)  (-0.0000000,-1.4717679e-05)  (0.0000000,0.00074878509)  (0.43800173,0.0000000)  (0.0000000,-0.0047854052)  (0.0000000,-0.0024050065)  
(0.0000000,9.6958023e-05)  (0.0000000,8.3543029e-05)  (0.0000000,0.00030728223)  (-0.0000000,-5.0314381e-05)  (-0.0000000,-0.0010198844)  (-0.0000000,-0.00024393914)  (0.0000000,0.00055254443)  (0.0000000,0.00078396152)  (0.0000000,0.0047854052)  (0.44833652,0.0000000)  (0.0000000,-0.021087377)  
(0.0000000,1.8247669e-05)  (0.0000000,3.3202823e-05)  (-0.0000000,-6.8218454e-05)  (0.0000000,0.00021809146)  (-0.0000000,-0.00063904979)  (-0.0000000,-6.3332512e-05)  (0.0000000,0.00053967267)  (-0.0000000,-0.0028115729)  (0.0000000,0.0024050065)  (0.0000000,0.021087377)  (0.44955165,0.0000000)  
