(0.0000000,0.0000000)  (0.0000000,5.1467645e-05)  (0.0000000,0.00019963945)  (0.0000000,4.2131027e-05)  (0.0000000,2.3130491e-05)  (0.0000000,0.00029036103)  (0.0000000,2.9689997e-05)  (0.0000000,-0.00031190107)  (0.0000000,7.4484698e-06)  (0.0000000,-0.00011131197)  (0.0000000,-4.0856674e-05)  
(-0.0000000,-5.1467645e-05)  (0.15485943,0.0000000)  (0.0000000,-0.00049111699)  (0.0000000,-0.00011790489)  (0.0000000,-0.00036970503)  (0.0000000,0.00013779164)  (0.0000000,2.6155287e-06)  (0.0000000,-5.7628365e-05)  (0.0000000,-0.00012767206)  (0.0000000,-0.00016760291)  (0.0000000,-3.9732128e-05)  
(-0.0000000,-0.00019963945)  (0.0000000,0.00049111699)  (0.28182059,0.0000000)  (0.0000000,-2.7393151e-06)  (0.0000000,0.00022498580)  (0.0000000,-0.00022746102)  (0.0000000,-0.00010014586)  (0.0000000,-0.00028934940)  (0.0000000,0.00034737621)  (0.0000000,0.00013171204)  (0.0000000,-0.00066998527)  
(-0.0000000,-4.2131027e-05)  (0.0000000,0.00011790489)  (0.0000000,2.7393151e-06)  (0.28430120,0.0000000)  (0.0000000,2.6999546e-05)  (0.0000000,-0.00010530490)  (0.0000000,0.00046923101)  (0.0000000,-5.8014000e-05)  (0.0000000,7.9573249e-05)  (0.0000000,2.6608005e-06)  (0.0000000,-0.00016117844)  
(-0.0000000,-2.3130491e-05)  (0.0000000,0.00036970503)  (-0.0000000,-0.00022498580)  (-0.0000000,-2.6999546e-05)  (0.32294182,0.0000000)  (0.0000000,-0.0014134634)  (0.0000000,-8.9818558e-05)  (0.0000000,-0.00019084130)  (0.0000000,0.00058153337)  (0.0000000,-0.00047477640)  (0.0000000,2.5092194e-05)  
(-0.0000000,-0.00029036103)  (-0.0000000,-0.00013779164)  (0.0000000,0.00022746102)  (0.0000000,0.00010530490)  (0.0000000,0.0014134634)  (0.35703355,0.0000000)  (0.0000000,3.1566457e-05)  (0.0000000,0.00027340863)  (0.0000000,-0.00086736474)  (0.0000000,0.0012167081)  (0.0000000,0.00054039200)  
(-0.0000000,-2.9689997e-05)  (-0.0000000,-2.6155287e-06)  (0.0000000,0.00010014586)  (-0.0000000,-0.00046923101)  (0.0000000,8.9818558e-05)  (-0.0000000,-3.1566457e-05)  (0.36766841,0.0000000)  (0.0000000,2.1182074e-05)  (0.0000000,-0.00012092661)  (0.0000000,7.1139832e-05)  (0.0000000,-3.7662850e-05)  
(0.0000000,0.00031190107)  (0.0000000,5.7628365e-05)  (0.0000000,0.00028934940)  (0.0000000,5.8014000e-05)  (0.0000000,0.00019084130)  (-0.0000000,-0.00027340863)  (-0.0000000,-2.1182074e-05)  (0.38424626,0.0000000)  (0.0000000,0.00063401618)  (0.0000000,-0.00023463953)  (0.0000000,-3.4670158e-05)  
(-0.0000000,-7.4484698e-06)  (0.0000000,0.00012767206)  (-0.0000000,-0.00034737621)  (-0.0000000,-7.9573249e-05)  (-0.0000000,-0.00058153337)  (0.0000000,0.00086736474)  (0.0000000,0.00012092661)  (-0.0000000,-0.00063401618)  (0.39954706,0.0000000)  (0.0000000,0.0010273946)  (0.0000000,-0.00012524354)  
(0.0000000,0.00011131197)  (0.0000000,0.00016760291)  (-0.0000000,-0.00013171204)  (-0.0000000,-2.6608005e-06)  (0.0000000,0.00047477640)  (-0.0000000,-0.0012167081)  (-0.0000000,-7.1139832e-05)  (0.0000000,0.00023463953)  (-0.0000000,-0.0010273946)  (0.41848701,0.0000000)  (0.0000000,-0.0028106398)  
(0.0000000,4.0856674e-05)  (0.0000000,3.9732128e-05)  (0.0000000,0.00066998527)  (0.0000000,0.00016117844)  (-0.0000000,-2.5092194e-05)  (-0.0000000,-0.00054039200)  (0.0000000,3.7662850e-05)  (0.0000000,3.4670158e-05)  (0.0000000,0.00012524354)  (0.0000000,0.0028106398)  (0.43319136,0.0000000)  
