(0.0000000,0.0000000)  (0.0000000,-1.9885450e-06)  (0.0000000,-1.1132256e-05)  (0.0000000,8.3579704e-06)  (0.0000000,-0.00011782245)  (0.0000000,-5.5591460e-05)  (0.0000000,0.00011549769)  (0.0000000,-5.4285138e-05)  (0.0000000,-4.3806686e-05)  (0.0000000,0.00010242018)  (0.0000000,5.1339390e-05)  
(0.0000000,1.9885450e-06)  (0.20673129,0.0000000)  (0.0000000,1.4764523e-05)  (0.0000000,6.1484814e-06)  (0.0000000,4.4018886e-07)  (0.0000000,-9.2283339e-06)  (0.0000000,0.00010111899)  (0.0000000,-0.00011617990)  (0.0000000,-1.5035433e-05)  (0.0000000,-1.0037874e-05)  (0.0000000,1.6354352e-05)  
(0.0000000,1.1132256e-05)  (-0.0000000,-1.4764523e-05)  (0.36563467,0.0000000)  (0.0000000,-0.00034787729)  (0.0000000,4.3446861e-06)  (0.0000000,0.00053473942)  (0.0000000,-0.0010819817)  (0.0000000,0.00018969081)  (0.0000000,-0.00010045460)  (0.0000000,-3.6937586e-05)  (0.0000000,3.1349790e-05)  
(-0.0000000,-8.3579704e-06)  (-0.0000000,-6.1484814e-06)  (0.0000000,0.00034787729)  (0.39485759,0.0000000)  (0.0000000,2.7302142e-06)  (0.0000000,-0.00050223390)  (0.0000000,-0.00010167120)  (0.0000000,0.00043402316)  (0.0000000,9.3446587e-05)  (0.0000000,0.00022446932)  (0.0000000,4.5955869e-05)  
(0.0000000,0.00011782245)  (-0.0000000,-4.4018886e-07)  (-0.0000000,-4.3446861e-06)  (-0.0000000,-2.7302142e-06)  (0.40726324,0.0000000)  (0.0000000,-7.1102666e-05)  (0.0000000,9.2147694e-05)  (0.0000000,3.8250732e-05)  (0.0000000,-1.5128468e-05)  (0.0000000,-7.0942419e-06)  (0.0000000,-2.6273507e-06)  
(0.0000000,5.5591460e-05)  (0.0000000,9.2283339e-06)  (-0.0000000,-0.00053473942)  (0.0000000,0.00050223390)  (0.0000000,7.1102666e-05)  (0.43149535,0.0000000)  (0.0000000,0.013826834)  (0.0000000,-0.0076160508)  (0.0000000,-0.0038348806)  (0.0000000,-0.0031684670)  (0.0000000,-0.00051416515)  
(-0.0000000,-0.00011549769)  (-0.0000000,-0.00010111899)  (0.0000000,0.0010819817)  (0.0000000,0.00010167120)  (-0.0000000,-9.2147694e-05)  (-0.0000000,-0.013826834)  (0.43483646,0.0000000)  (0.0000000,0.0094713450)  (0.0000000,-0.00018781331)  (0.0000000,-0.00050502408)  (0.0000000,-0.00057623956)  
(0.0000000,5.4285138e-05)  (0.0000000,0.00011617990)  (-0.0000000,-0.00018969081)  (-0.0000000,-0.00043402316)  (-0.0000000,-3.8250732e-05)  (0.0000000,0.0076160508)  (-0.0000000,-0.0094713450)  (0.43728161,0.0000000)  (0.0000000,-0.0062855972)  (0.0000000,0.00093495278)  (0.0000000,-0.00015993260)  
(0.0000000,4.3806686e-05)  (0.0000000,1.5035433e-05)  (0.0000000,0.00010045460)  (-0.0000000,-9.3446587e-05)  (0.0000000,1.5128468e-05)  (0.0000000,0.0038348806)  (0.0000000,0.00018781331)  (0.0000000,0.0062855972)  (0.44018375,0.0000000)  (0.0000000,-0.00031515888)  (0.0000000,0.00073844798)  
(-0.0000000,-0.00010242018)  (0.0000000,1.0037874e-05)  (0.0000000,3.6937586e-05)  (-0.0000000,-0.00022446932)  (0.0000000,7.0942419e-06)  (0.0000000,0.0031684670)  (0.0000000,0.00050502408)  (-0.0000000,-0.00093495278)  (0.0000000,0.00031515888)  (0.45433593,0.0000000)  (0.0000000,-0.0045989401)  
(-0.0000000,-5.1339390e-05)  (-0.0000000,-1.6354352e-05)  (-0.0000000,-3.1349790e-05)  (-0.0000000,-4.5955869e-05)  (0.0000000,2.6273507e-06)  (0.0000000,0.00051416515)  (0.0000000,0.00057623956)  (0.0000000,0.00015993260)  (-0.0000000,-0.00073844798)  (0.0000000,0.0045989401)  (0.46100290,0.0000000)  
