(0.0000000,0.0000000)  (0.0000000,-1.7407316e-06)  (0.0000000,-4.9224138e-06)  (0.0000000,2.3466782e-05)  (0.0000000,-5.0086655e-05)  (0.0000000,-0.00010462345)  (0.0000000,-2.9684353e-06)  (0.0000000,5.9656510e-05)  (0.0000000,-9.9647548e-05)  (0.0000000,0.00015191182)  (0.0000000,7.9228434e-06)  
(0.0000000,1.7407316e-06)  (0.21012881,0.0000000)  (0.0000000,-2.5818772e-05)  (0.0000000,9.1175127e-05)  (0.0000000,4.4022365e-05)  (0.0000000,-2.3863709e-05)  (0.0000000,-3.6910860e-05)  (0.0000000,9.6338753e-05)  (0.0000000,-0.00010119829)  (0.0000000,3.4506548e-05)  (0.0000000,7.6404530e-06)  
(0.0000000,4.9224138e-06)  (0.0000000,2.5818772e-05)  (0.35159255,0.0000000)  (0.0000000,-6.7058387e-05)  (0.0000000,-0.00039614976)  (0.0000000,-0.00029447404)  (0.0000000,-0.00013209115)  (0.0000000,-0.0014390864)  (0.0000000,-0.00083301542)  (0.0000000,0.00010968136)  (0.0000000,-6.9509132e-06)  
(-0.0000000,-2.3466782e-05)  (-0.0000000,-9.1175127e-05)  (0.0000000,6.7058387e-05)  (0.39170262,0.0000000)  (0.0000000,5.5138453e-05)  (0.0000000,0.00041867550)  (0.0000000,0.00034208250)  (0.0000000,-0.00048009472)  (0.0000000,0.00093449005)  (0.0000000,0.0019172083)  (0.0000000,0.0029539759)  
(0.0000000,5.0086655e-05)  (-0.0000000,-4.4022365e-05)  (0.0000000,0.00039614976)  (-0.0000000,-5.5138453e-05)  (0.40753500,0.0000000)  (0.0000000,-0.0016899563)  (0.0000000,-0.0014350462)  (0.0000000,0.0013999887)  (0.0000000,0.0012610771)  (0.0000000,0.00042806316)  (0.0000000,1.2490788e-05)  
(0.0000000,0.00010462345)  (0.0000000,2.3863709e-05)  (0.0000000,0.00029447404)  (-0.0000000,-0.00041867550)  (0.0000000,0.0016899563)  (0.41609827,0.0000000)  (0.0000000,0.00058543040)  (0.0000000,-0.0031278885)  (0.0000000,-0.0030763974)  (0.0000000,0.00014016519)  (0.0000000,-4.3515739e-05)  
(0.0000000,2.9684353e-06)  (0.0000000,3.6910860e-05)  (0.0000000,0.00013209115)  (-0.0000000,-0.00034208250)  (0.0000000,0.0014350462)  (-0.0000000,-0.00058543040)  (0.42049576,0.0000000)  (0.0000000,0.0042685624)  (0.0000000,0.0036015661)  (0.0000000,0.00040816974)  (0.0000000,0.00016062718)  
(-0.0000000,-5.9656510e-05)  (-0.0000000,-9.6338753e-05)  (0.0000000,0.0014390864)  (0.0000000,0.00048009472)  (-0.0000000,-0.0013999887)  (0.0000000,0.0031278885)  (-0.0000000,-0.0042685624)  (0.43171750,0.0000000)  (0.0000000,0.011747883)  (0.0000000,-0.0089832073)  (0.0000000,-0.00016871064)  
(0.0000000,9.9647548e-05)  (0.0000000,0.00010119829)  (0.0000000,0.00083301542)  (-0.0000000,-0.00093449005)  (-0.0000000,-0.0012610771)  (0.0000000,0.0030763974)  (-0.0000000,-0.0036015661)  (-0.0000000,-0.011747883)  (0.43490298,0.0000000)  (0.0000000,-0.0074248378)  (0.0000000,0.00029568007)  
(-0.0000000,-0.00015191182)  (-0.0000000,-3.4506548e-05)  (-0.0000000,-0.00010968136)  (-0.0000000,-0.0019172083)  (-0.0000000,-0.00042806316)  (-0.0000000,-0.00014016519)  (-0.0000000,-0.00040816974)  (0.0000000,0.0089832073)  (0.0000000,0.0074248378)  (0.44292657,0.0000000)  (0.0000000,0.00021902134)  
(-0.0000000,-7.9228434e-06)  (-0.0000000,-7.6404530e-06)  (0.0000000,6.9509132e-06)  (-0.0000000,-0.0029539759)  (-0.0000000,-1.2490788e-05)  (0.0000000,4.3515739e-05)  (-0.0000000,-0.00016062718)  (0.0000000,0.00016871064)  (-0.0000000,-0.00029568007)  (-0.0000000,-0.00021902134)  (0.45350226,0.0000000)  
