(0.0000000,0.0000000)  (0.0000000,-7.5456966e-06)  (0.0000000,-0.00011195092)  (0.0000000,-0.00028113049)  (0.0000000,-2.4721570e-05)  (0.0000000,-0.00038693513)  (0.0000000,7.4939537e-05)  (0.0000000,6.7643277e-05)  (0.0000000,5.3358397e-05)  (0.0000000,-3.7079215e-05)  (0.0000000,8.3783816e-06)  
(0.0000000,7.5456966e-06)  (0.21763276,0.0000000)  (0.0000000,0.00017675959)  (0.0000000,-0.00012121283)  (0.0000000,-8.7109912e-05)  (0.0000000,2.1621917e-05)  (0.0000000,4.4489127e-05)  (0.0000000,-4.4576271e-06)  (0.0000000,6.6728591e-05)  (0.0000000,-1.7658456e-06)  (0.0000000,0.00027552234)  
(0.0000000,0.00011195092)  (-0.0000000,-0.00017675959)  (0.33893113,0.0000000)  (0.0000000,-0.00075969499)  (0.0000000,0.0012267612)  (0.0000000,0.00016721529)  (0.0000000,0.00042156323)  (0.0000000,0.00083905295)  (0.0000000,-8.1366979e-05)  (0.0000000,-4.9068510e-05)  (0.0000000,0.00052130921)  
(0.0000000,0.00028113049)  (0.0000000,0.00012121283)  (0.0000000,0.00075969499)  (0.34973320,0.0000000)  (0.0000000,-0.00063481045)  (0.0000000,0.00061106558)  (0.0000000,-0.0019123331)  (0.0000000,-0.00015977322)  (0.0000000,0.00027620405)  (0.0000000,0.00037759427)  (0.0000000,-9.5081298e-05)  
(0.0000000,2.4721570e-05)  (0.0000000,8.7109912e-05)  (-0.0000000,-0.0012267612)  (0.0000000,0.00063481045)  (0.37292657,0.0000000)  (0.0000000,-6.3330532e-05)  (0.0000000,-0.00024052977)  (0.0000000,0.00069776371)  (0.0000000,-0.00075386794)  (0.0000000,0.00032805785)  (0.0000000,0.00018404534)  
(0.0000000,0.00038693513)  (-0.0000000,-2.1621917e-05)  (-0.0000000,-0.00016721529)  (-0.0000000,-0.00061106558)  (0.0000000,6.3330532e-05)  (0.38130131,0.0000000)  (0.0000000,0.00035951703)  (0.0000000,0.00012955111)  (0.0000000,0.00018358147)  (0.0000000,0.00038244805)  (0.0000000,-6.2930190e-05)  
(-0.0000000,-7.4939537e-05)  (-0.0000000,-4.4489127e-05)  (-0.0000000,-0.00042156323)  (0.0000000,0.0019123331)  (0.0000000,0.00024052977)  (-0.0000000,-0.00035951703)  (0.41402797,0.0000000)  (0.0000000,-0.0030562589)  (0.0000000,-0.0010701511)  (0.0000000,0.0013816026)  (0.0000000,-0.00010823547)  
(-0.0000000,-6.7643277e-05)  (0.0000000,4.4576271e-06)  (-0.0000000,-0.00083905295)  (0.0000000,0.00015977322)  (-0.0000000,-0.00069776371)  (-0.0000000,-0.00012955111)  (0.0000000,0.0030562589)  (0.42182610,0.0000000)  (0.0000000,-0.00027846039)  (0.0000000,-0.00080509230)  (0.0000000,-0.00060470959)  
(-0.0000000,-5.3358397e-05)  (-0.0000000,-6.6728591e-05)  (0.0000000,8.1366979e-05)  (-0.0000000,-0.00027620405)  (0.0000000,0.00075386794)  (-0.0000000,-0.00018358147)  (0.0000000,0.0010701511)  (0.0000000,0.00027846039)  (0.42638179,0.0000000)  (0.0000000,0.00014072323)  (0.0000000,0.00082289642)  
(0.0000000,3.7079215e-05)  (0.0000000,1.7658456e-06)  (0.0000000,4.9068510e-05)  (-0.0000000,-0.00037759427)  (-0.0000000,-0.00032805785)  (-0.0000000,-0.00038244805)  (-0.0000000,-0.0013816026)  (0.0000000,0.00080509230)  (-0.0000000,-0.00014072323)  (0.44167837,0.0000000)  (0.0000000,-0.00071064631)  
(-0.0000000,-8.3783816e-06)  (-0.0000000,-0.00027552234)  (-0.0000000,-0.00052130921)  (0.0000000,9.5081298e-05)  (-0.0000000,-0.00018404534)  (0.0000000,6.2930190e-05)  (0.0000000,0.00010823547)  (0.0000000,0.00060470959)  (-0.0000000,-0.00082289642)  (0.0000000,0.00071064631)  (0.44710264,0.0000000)  
