(0.0000000,0.0000000)  (0.0000000,-8.8887789e-06)  (0.0000000,8.3614470e-05)  (0.0000000,9.6303703e-06)  (0.0000000,1.2824375e-05)  (0.0000000,9.0746151e-06)  (0.0000000,-2.1113657e-05)  (0.0000000,-2.5290825e-05)  (0.0000000,4.7546957e-06)  (0.0000000,2.2748135e-05)  (0.0000000,-0.00016890524)  
(0.0000000,8.8887789e-06)  (0.20836629,0.0000000)  (0.0000000,-5.1229046e-05)  (0.0000000,3.7941675e-05)  (0.0000000,-6.7474549e-05)  (0.0000000,1.2743474e-05)  (0.0000000,-0.00030809639)  (0.0000000,0.00015518651)  (0.0000000,0.00028753913)  (0.0000000,-3.1354689e-06)  (0.0000000,3.9624665e-06)  
(-0.0000000,-8.3614470e-05)  (0.0000000,5.1229046e-05)  (0.34844658,0.0000000)  (0.0000000,4.6647211e-05)  (0.0000000,-0.00028032889)  (0.0000000,-0.00036467581)  (0.0000000,3.5563612e-05)  (0.0000000,-0.00022011003)  (0.0000000,9.5464576e-05)  (0.0000000,3.2128924e-06)  (0.0000000,0.00057197091)  
(-0.0000000,-9.6303703e-06)  (-0.0000000,-3.7941675e-05)  (-0.0000000,-4.6647211e-05)  (0.38671750,0.0000000)  (0.0000000,-3.0049288e-06)  (0.0000000,-0.0040522540)  (0.0000000,0.0012781968)  (0.0000000,0.0034421572)  (0.0000000,0.00049752141)  (0.0000000,4.9370288e-05)  (0.0000000,-0.00014944124)  
(-0.0000000,-1.2824375e-05)  (0.0000000,6.7474549e-05)  (0.0000000,0.00028032889)  (0.0000000,3.0049288e-06)  (0.40028463,0.0000000)  (0.0000000,0.00061704858)  (0.0000000,-0.00016822983)  (0.0000000,-0.00054070962)  (0.0000000,2.3413918e-05)  (0.0000000,0.00017494844)  (0.0000000,-0.00062054306)  
(-0.0000000,-9.0746151e-06)  (-0.0000000,-1.2743474e-05)  (0.0000000,0.00036467581)  (0.0000000,0.0040522540)  (-0.0000000,-0.00061704858)  (0.41371945,0.0000000)  (0.0000000,-0.0057210735)  (0.0000000,0.00058560335)  (0.0000000,-0.00068921395)  (0.0000000,0.00017816981)  (0.0000000,-0.00015599243)  
(0.0000000,2.1113657e-05)  (0.0000000,0.00030809639)  (-0.0000000,-3.5563612e-05)  (-0.0000000,-0.0012781968)  (0.0000000,0.00016822983)  (0.0000000,0.0057210735)  (0.42435247,0.0000000)  (0.0000000,0.010287575)  (0.0000000,-0.00020713045)  (0.0000000,0.0017320079)  (0.0000000,7.3599100e-05)  
(0.0000000,2.5290825e-05)  (-0.0000000,-0.00015518651)  (0.0000000,0.00022011003)  (-0.0000000,-0.0034421572)  (0.0000000,0.00054070962)  (-0.0000000,-0.00058560335)  (-0.0000000,-0.010287575)  (0.42874334,0.0000000)  (0.0000000,-0.0058293030)  (0.0000000,0.0067643876)  (0.0000000,0.00046470168)  
(-0.0000000,-4.7546957e-06)  (-0.0000000,-0.00028753913)  (-0.0000000,-9.5464576e-05)  (-0.0000000,-0.00049752141)  (-0.0000000,-2.3413918e-05)  (0.0000000,0.00068921395)  (0.0000000,0.00020713045)  (0.0000000,0.0058293030)  (0.43839164,0.0000000)  (0.0000000,0.00013825791)  (0.0000000,-2.6121413e-05)  
(-0.0000000,-2.2748135e-05)  (0.0000000,3.1354689e-06)  (-0.0000000,-3.2128924e-06)  (-0.0000000,-4.9370288e-05)  (-0.0000000,-0.00017494844)  (-0.0000000,-0.00017816981)  (-0.0000000,-0.0017320079)  (-0.0000000,-0.0067643876)  (-0.0000000,-0.00013825791)  (0.45060233,0.0000000)  (0.0000000,6.0689247e-05)  
(0.0000000,0.00016890524)  (-0.0000000,-3.9624665e-06)  (-0.0000000,-0.00057197091)  (0.0000000,0.00014944124)  (0.0000000,0.00062054306)  (0.0000000,0.00015599243)  (-0.0000000,-7.3599100e-05)  (-0.0000000,-0.00046470168)  (0.0000000,2.6121413e-05)  (-0.0000000,-6.0689247e-05)  (0.47470214,0.0000000)  
