(0.0000000,0.0000000)  (0.0000000,-3.3778519e-06)  (0.0000000,-6.5522878e-05)  (0.0000000,-0.00053328422)  (0.0000000,4.8773961e-05)  (0.0000000,-9.0435689e-05)  (0.0000000,-5.4452045e-05)  (0.0000000,1.2639760e-05)  (0.0000000,-0.00021743526)  (0.0000000,0.00017423255)  (0.0000000,-6.7962715e-06)  
(0.0000000,3.3778519e-06)  (0.20652199,0.0000000)  (0.0000000,7.7000999e-05)  (0.0000000,-2.5453111e-05)  (0.0000000,0.00020326842)  (0.0000000,-0.00021211465)  (0.0000000,0.00019409861)  (0.0000000,8.6098181e-06)  (0.0000000,-7.8317609e-05)  (0.0000000,-0.00027837028)  (0.0000000,2.5635257e-07)  
(0.0000000,6.5522878e-05)  (-0.0000000,-7.7000999e-05)  (0.36663721,0.0000000)  (0.0000000,3.6620472e-05)  (0.0000000,0.00050388282)  (0.0000000,-0.00056961069)  (0.0000000,-0.00060912260)  (0.0000000,-0.00015660228)  (0.0000000,-0.00017474862)  (0.0000000,-5.6959932e-05)  (0.0000000,0.00013520525)  
(0.0000000,0.00053328422)  (0.0000000,2.5453111e-05)  (-0.0000000,-3.6620472e-05)  (0.39594263,0.0000000)  (0.0000000,-5.5243122e-05)  (0.0000000,-0.00011727140)  (0.0000000,-0.00017599108)  (0.0000000,-0.0010949619)  (0.0000000,-0.0023865305)  (0.0000000,0.00050859988)  (0.0000000,-1.9624300e-05)  
(-0.0000000,-4.8773961e-05)  (-0.0000000,-0.00020326842)  (-0.0000000,-0.00050388282)  (0.0000000,5.5243122e-05)  (0.40183915,0.0000000)  (0.0000000,0.0019526685)  (0.0000000,3.6401710e-05)  (0.0000000,0.00016187625)  (0.0000000,0.00048993741)  (0.0000000,0.00063023282)  (0.0000000,3.3310908e-05)  
(0.0000000,9.0435689e-05)  (0.0000000,0.00021211465)  (0.0000000,0.00056961069)  (0.0000000,0.00011727140)  (-0.0000000,-0.0019526685)  (0.41762284,0.0000000)  (0.0000000,0.00020964990)  (0.0000000,0.0069362486)  (0.0000000,0.0038888820)  (0.0000000,0.0028637327)  (0.0000000,3.5325165e-05)  
(0.0000000,5.4452045e-05)  (-0.0000000,-0.00019409861)  (0.0000000,0.00060912260)  (0.0000000,0.00017599108)  (-0.0000000,-3.6401710e-05)  (-0.0000000,-0.00020964990)  (0.42902245,0.0000000)  (0.0000000,0.0040227350)  (0.0000000,0.0020520719)  (0.0000000,0.00062012971)  (0.0000000,-3.6030568e-05)  
(-0.0000000,-1.2639760e-05)  (-0.0000000,-8.6098181e-06)  (0.0000000,0.00015660228)  (0.0000000,0.0010949619)  (-0.0000000,-0.00016187625)  (-0.0000000,-0.0069362486)  (-0.0000000,-0.0040227350)  (0.43267135,0.0000000)  (0.0000000,0.0042847918)  (0.0000000,0.014434379)  (0.0000000,-0.00072320278)  
(0.0000000,0.00021743526)  (0.0000000,7.8317609e-05)  (0.0000000,0.00017474862)  (0.0000000,0.0023865305)  (-0.0000000,-0.00048993741)  (-0.0000000,-0.0038888820)  (-0.0000000,-0.0020520719)  (-0.0000000,-0.0042847918)  (0.43369795,0.0000000)  (0.0000000,0.0055652477)  (0.0000000,-0.00032263101)  
(-0.0000000,-0.00017423255)  (0.0000000,0.00027837028)  (0.0000000,5.6959932e-05)  (-0.0000000,-0.00050859988)  (-0.0000000,-0.00063023282)  (-0.0000000,-0.0028637327)  (-0.0000000,-0.00062012971)  (-0.0000000,-0.014434379)  (-0.0000000,-0.0055652477)  (0.44224431,0.0000000)  (0.0000000,-2.8782827e-05)  
(0.0000000,6.7962715e-06)  (-0.0000000,-2.5635257e-07)  (-0.0000000,-0.00013520525)  (0.0000000,1.9624300e-05)  (-0.0000000,-3.3310908e-05)  (-0.0000000,-3.5325165e-05)  (0.0000000,3.6030568e-05)  (0.0000000,0.00072320278)  (0.0000000,0.00032263101)  (0.0000000,2.8782827e-05)  (0.46899728,0.0000000)  
