(0.0000000,0.0000000)  (0.0000000,-6.5236524e-05)  (0.0000000,1.2865040e-06)  (0.0000000,-4.5577304e-06)  (0.0000000,6.6797478e-05)  (0.0000000,2.6715898e-05)  (0.0000000,-6.0883741e-05)  (0.0000000,-1.7980964e-05)  (0.0000000,0.00010883901)  (0.0000000,0.00013012657)  (0.0000000,-0.00016729279)  
(0.0000000,6.5236524e-05)  (0.16071681,0.0000000)  (0.0000000,-2.0592862e-05)  (0.0000000,6.4154518e-08)  (0.0000000,-0.00050298103)  (0.0000000,-4.7378848e-05)  (0.0000000,7.3638671e-05)  (0.0000000,2.3593105e-05)  (0.0000000,-9.8833189e-05)  (0.0000000,-3.2992238e-05)  (0.0000000,3.2127742e-05)  
(-0.0000000,-1.2865040e-06)  (0.0000000,2.0592862e-05)  (0.26573830,0.0000000)  (0.0000000,-4.0700516e-06)  (0.0000000,-0.00013699661)  (0.0000000,0.00023831140)  (0.0000000,-4.9740361e-05)  (0.0000000,0.00062727761)  (0.0000000,0.00021536975)  (0.0000000,-0.00019435751)  (0.0000000,7.1589105e-05)  
(0.0000000,4.5577304e-06)  (-0.0000000,-6.4154518e-08)  (0.0000000,4.0700516e-06)  (0.28620282,0.0000000)  (0.0000000,1.2165536e-05)  (0.0000000,-0.00012533837)  (0.0000000,-6.0821744e-05)  (0.0000000,-1.2083688e-05)  (0.0000000,-3.4987506e-05)  (0.0000000,4.7586340e-05)  (0.0000000,-0.00010282392)  
(-0.0000000,-6.6797478e-05)  (0.0000000,0.00050298103)  (0.0000000,0.00013699661)  (-0.0000000,-1.2165536e-05)  (0.34552938,0.0000000)  (0.0000000,0.00035262493)  (0.0000000,-0.00061439958)  (0.0000000,-0.00017224765)  (0.0000000,-9.9147674e-06)  (0.0000000,0.00010076360)  (0.0000000,1.4177601e-05)  
(-0.0000000,-2.6715898e-05)  (0.0000000,4.7378848e-05)  (-0.0000000,-0.00023831140)  (0.0000000,0.00012533837)  (-0.0000000,-0.00035262493)  (0.36613667,0.0000000)  (0.0000000,-0.00070959219)  (0.0000000,0.0027233634)  (0.0000000,0.00027159545)  (0.0000000,-0.00060735380)  (0.0000000,0.00012811125)  
(0.0000000,6.0883741e-05)  (-0.0000000,-7.3638671e-05)  (0.0000000,4.9740361e-05)  (0.0000000,6.0821744e-05)  (0.0000000,0.00061439958)  (0.0000000,0.00070959219)  (0.37776818,0.0000000)  (0.0000000,0.0016421818)  (0.0000000,-0.00059554237)  (0.0000000,0.0011106412)  (0.0000000,-0.00053144257)  
(0.0000000,1.7980964e-05)  (-0.0000000,-2.3593105e-05)  (-0.0000000,-0.00062727761)  (0.0000000,1.2083688e-05)  (0.0000000,0.00017224765)  (-0.0000000,-0.0027233634)  (-0.0000000,-0.0016421818)  (0.38199331,0.0000000)  (0.0000000,-0.00015584867)  (0.0000000,0.00022074635)  (0.0000000,-0.00013563161)  
(-0.0000000,-0.00010883901)  (0.0000000,9.8833189e-05)  (-0.0000000,-0.00021536975)  (0.0000000,3.4987506e-05)  (0.0000000,9.9147674e-06)  (-0.0000000,-0.00027159545)  (0.0000000,0.00059554237)  (0.0000000,0.00015584867)  (0.40538036,0.0000000)  (0.0000000,-0.0024763289)  (0.0000000,-0.0010401793)  
(-0.0000000,-0.00013012657)  (0.0000000,3.2992238e-05)  (0.0000000,0.00019435751)  (-0.0000000,-4.7586340e-05)  (-0.0000000,-0.00010076360)  (0.0000000,0.00060735380)  (-0.0000000,-0.0011106412)  (-0.0000000,-0.00022074635)  (0.0000000,0.0024763289)  (0.41337437,0.0000000)  (0.0000000,0.0024012044)  
(0.0000000,0.00016729279)  (-0.0000000,-3.2127742e-05)  (-0.0000000,-7.1589105e-05)  (0.0000000,0.00010282392)  (-0.0000000,-1.4177601e-05)  (-0.0000000,-0.00012811125)  (0.0000000,0.00053144257)  (0.0000000,0.00013563161)  (0.0000000,0.0010401793)  (-0.0000000,-0.0024012044)  (0.42158576,0.0000000)  
