(0.0000000,0.0000000)  (0.0000000,-4.1164586e-05)  (0.0000000,4.1138601e-06)  (0.0000000,0.00057749890)  (0.0000000,-0.00056311517)  (0.0000000,8.5342947e-06)  (0.0000000,5.7504888e-05)  (0.0000000,7.5303773e-05)  (0.0000000,-0.00022384340)  (0.0000000,0.00020793281)  (0.0000000,0.00021330712)  
(0.0000000,4.1164586e-05)  (0.18228125,0.0000000)  (0.0000000,-0.00095698635)  (0.0000000,-3.4174513e-06)  (0.0000000,0.00030133170)  (0.0000000,3.5376543e-05)  (0.0000000,-0.00017599399)  (0.0000000,0.00055099968)  (0.0000000,5.6393795e-06)  (0.0000000,-2.2518652e-05)  (0.0000000,1.7303742e-06)  
(-0.0000000,-4.1138601e-06)  (0.0000000,0.00095698635)  (0.28321543,0.0000000)  (0.0000000,-2.1539655e-05)  (0.0000000,0.0069624431)  (0.0000000,-0.00037348947)  (0.0000000,5.1773913e-05)  (0.0000000,0.0033313794)  (0.0000000,2.1893052e-07)  (0.0000000,-0.00053078705)  (0.0000000,-0.00019631443)  
(-0.0000000,-0.00057749890)  (0.0000000,3.4174513e-06)  (0.0000000,2.1539655e-05)  (0.30345577,0.0000000)  (0.0000000,0.00046643244)  (0.0000000,2.9995682e-05)  (0.0000000,-0.00016611953)  (0.0000000,-1.8776671e-06)  (0.0000000,-0.00014884799)  (0.0000000,0.00092111380)  (0.0000000,-0.00025295138)  
(0.0000000,0.00056311517)  (-0.0000000,-0.00030133170)  (-0.0000000,-0.0069624431)  (-0.0000000,-0.00046643244)  (0.34596432,0.0000000)  (0.0000000,-0.010172559)  (0.0000000,0.018868719)  (0.0000000,-0.00064165535)  (0.0000000,0.0013224082)  (0.0000000,-0.0010597250)  (0.0000000,-0.00047642700)  
(-0.0000000,-8.5342947e-06)  (-0.0000000,-3.5376543e-05)  (0.0000000,0.00037348947)  (-0.0000000,-2.9995682e-05)  (0.0000000,0.010172559)  (0.35731028,0.0000000)  (0.0000000,-0.0015247017)  (0.0000000,-0.0014181228)  (0.0000000,-9.2184241e-06)  (0.0000000,-0.00018090304)  (0.0000000,-8.8585739e-05)  
(-0.0000000,-5.7504888e-05)  (0.0000000,0.00017599399)  (-0.0000000,-5.1773913e-05)  (0.0000000,0.00016611953)  (-0.0000000,-0.018868719)  (0.0000000,0.0015247017)  (0.36878174,0.0000000)  (0.0000000,0.0034661771)  (0.0000000,-0.00018344376)  (0.0000000,0.00085603544)  (0.0000000,0.00064055178)  
(-0.0000000,-7.5303773e-05)  (-0.0000000,-0.00055099968)  (-0.0000000,-0.0033313794)  (0.0000000,1.8776671e-06)  (0.0000000,0.00064165535)  (0.0000000,0.0014181228)  (-0.0000000,-0.0034661771)  (0.39636618,0.0000000)  (0.0000000,-5.5392572e-05)  (0.0000000,-1.8327994e-05)  (0.0000000,0.00044105905)  
(0.0000000,0.00022384340)  (-0.0000000,-5.6393795e-06)  (-0.0000000,-2.1893052e-07)  (0.0000000,0.00014884799)  (-0.0000000,-0.0013224082)  (0.0000000,9.2184241e-06)  (0.0000000,0.00018344376)  (0.0000000,5.5392572e-05)  (0.41543144,0.0000000)  (0.0000000,-0.00061195107)  (0.0000000,0.0012025857)  
(-0.0000000,-0.00020793281)  (0.0000000,2.2518652e-05)  (0.0000000,0.00053078705)  (-0.0000000,-0.00092111380)  (0.0000000,0.0010597250)  (0.0000000,0.00018090304)  (-0.0000000,-0.00085603544)  (0.0000000,1.8327994e-05)  (0.0000000,0.00061195107)  (0.42294899,0.0000000)  (0.0000000,0.0050842260)  
(-0.0000000,-0.00021330712)  (-0.0000000,-1.7303742e-06)  (0.0000000,0.00019631443)  (0.0000000,0.00025295138)  (0.0000000,0.00047642700)  (0.0000000,8.8585739e-05)  (-0.0000000,-0.00064055178)  (-0.0000000,-0.00044105905)  (-0.0000000,-0.0012025857)  (-0.0000000,-0.0050842260)  (0.43055382,0.0000000)  
