(0.0000000,0.0000000)  (0.0000000,-4.5461777e-05)  (0.0000000,-1.3779782e-05)  (0.0000000,0.00023149263)  (0.0000000,0.00014679299)  (0.0000000,-4.9398201e-05)  (0.0000000,0.00040015127)  (0.0000000,0.00011480888)  (0.0000000,1.6277854e-05)  (0.0000000,-0.00013807917)  (0.0000000,-3.8441540e-05)  
(0.0000000,4.5461777e-05)  (0.21119621,0.0000000)  (0.0000000,-0.00048293153)  (0.0000000,0.00019670817)  (0.0000000,4.4013601e-05)  (0.0000000,-0.00017547745)  (0.0000000,-0.00014134111)  (0.0000000,-6.9368982e-05)  (0.0000000,1.0516073e-05)  (0.0000000,7.3551382e-05)  (0.0000000,5.9468695e-05)  
(0.0000000,1.3779782e-05)  (0.0000000,0.00048293153)  (0.36074143,0.0000000)  (0.0000000,0.00072127945)  (0.0000000,0.00017867030)  (0.0000000,0.00019285100)  (0.0000000,-6.6043809e-05)  (0.0000000,1.8284023e-05)  (0.0000000,0.00015170790)  (0.0000000,-4.2275442e-06)  (0.0000000,0.00035313497)  
(-0.0000000,-0.00023149263)  (-0.0000000,-0.00019670817)  (-0.0000000,-0.00072127945)  (0.39415586,0.0000000)  (0.0000000,0.00010089652)  (0.0000000,0.00012010872)  (0.0000000,-0.00030175066)  (0.0000000,0.0014179582)  (0.0000000,4.6684187e-05)  (0.0000000,-0.00087594718)  (0.0000000,4.9512806e-05)  
(-0.0000000,-0.00014679299)  (-0.0000000,-4.4013601e-05)  (-0.0000000,-0.00017867030)  (-0.0000000,-0.00010089652)  (0.39843060,0.0000000)  (0.0000000,-6.1998993e-06)  (0.0000000,-0.00024192507)  (0.0000000,-0.0013697875)  (0.0000000,-0.00049666548)  (0.0000000,-0.00075924764)  (0.0000000,8.8725514e-05)  
(0.0000000,4.9398201e-05)  (0.0000000,0.00017547745)  (-0.0000000,-0.00019285100)  (-0.0000000,-0.00012010872)  (0.0000000,6.1998993e-06)  (0.40934990,0.0000000)  (0.0000000,-2.5197939e-05)  (0.0000000,-0.00021032014)  (0.0000000,-0.00010172988)  (0.0000000,1.5960977e-05)  (0.0000000,0.00011144447)  
(-0.0000000,-0.00040015127)  (0.0000000,0.00014134111)  (0.0000000,6.6043809e-05)  (0.0000000,0.00030175066)  (0.0000000,0.00024192507)  (0.0000000,2.5197939e-05)  (0.42268458,0.0000000)  (0.0000000,0.00022696601)  (0.0000000,-0.0012577413)  (0.0000000,-0.0020117598)  (0.0000000,-0.0010208142)  
(-0.0000000,-0.00011480888)  (0.0000000,6.9368982e-05)  (-0.0000000,-1.8284023e-05)  (-0.0000000,-0.0014179582)  (0.0000000,0.0013697875)  (0.0000000,0.00021032014)  (-0.0000000,-0.00022696601)  (0.42935559,0.0000000)  (0.0000000,-0.011505831)  (0.0000000,-0.016690804)  (0.0000000,0.0012525716)  
(-0.0000000,-1.6277854e-05)  (-0.0000000,-1.0516073e-05)  (-0.0000000,-0.00015170790)  (-0.0000000,-4.6684187e-05)  (0.0000000,0.00049666548)  (0.0000000,0.00010172988)  (0.0000000,0.0012577413)  (0.0000000,0.011505831)  (0.43697604,0.0000000)  (0.0000000,-0.010008591)  (0.0000000,-0.00033728760)  
(0.0000000,0.00013807917)  (-0.0000000,-7.3551382e-05)  (0.0000000,4.2275442e-06)  (0.0000000,0.00087594718)  (0.0000000,0.00075924764)  (-0.0000000,-1.5960977e-05)  (0.0000000,0.0020117598)  (0.0000000,0.016690804)  (0.0000000,0.010008591)  (0.44512201,0.0000000)  (0.0000000,-0.0011084663)  
(0.0000000,3.8441540e-05)  (-0.0000000,-5.9468695e-05)  (-0.0000000,-0.00035313497)  (-0.0000000,-4.9512806e-05)  (-0.0000000,-8.8725514e-05)  (-0.0000000,-0.00011144447)  (0.0000000,0.0010208142)  (-0.0000000,-0.0012525716)  (0.0000000,0.00033728760)  (0.0000000,0.0011084663)  (0.46142626,0.0000000)  
