(0.0000000,0.0000000)  (0.0000000,-6.2682926e-05)  (0.0000000,7.9455442e-06)  (0.0000000,5.6991009e-05)  (0.0000000,-5.2618527e-05)  (0.0000000,0.00018291549)  (0.0000000,0.00065327677)  (0.0000000,-0.00014857574)  (0.0000000,8.7930435e-05)  (0.0000000,1.9512656e-05)  (0.0000000,-2.0328615e-05)  
(0.0000000,6.2682926e-05)  (0.21106924,0.0000000)  (0.0000000,-6.9035848e-05)  (0.0000000,-2.2997797e-05)  (0.0000000,-0.00013938422)  (0.0000000,0.00025473069)  (0.0000000,-4.6439629e-05)  (0.0000000,0.00059860561)  (0.0000000,-3.1377419e-05)  (0.0000000,2.8410144e-05)  (0.0000000,-3.3593196e-05)  
(-0.0000000,-7.9455442e-06)  (0.0000000,6.9035848e-05)  (0.35166073,0.0000000)  (0.0000000,-0.00018720058)  (0.0000000,-0.0021899242)  (0.0000000,-0.00031356034)  (0.0000000,0.00031525919)  (0.0000000,0.00033878663)  (0.0000000,0.00037531689)  (0.0000000,-0.00058766676)  (0.0000000,0.0015581507)  
(-0.0000000,-5.6991009e-05)  (0.0000000,2.2997797e-05)  (0.0000000,0.00018720058)  (0.37290195,0.0000000)  (0.0000000,-0.0086280619)  (0.0000000,0.00038233322)  (0.0000000,0.00024486148)  (0.0000000,-0.00010734062)  (0.0000000,-0.00012359668)  (0.0000000,0.00019286057)  (0.0000000,-0.00046435664)  
(0.0000000,5.2618527e-05)  (0.0000000,0.00013938422)  (0.0000000,0.0021899242)  (0.0000000,0.0086280619)  (0.39056466,0.0000000)  (0.0000000,0.00058792878)  (0.0000000,-0.0014461792)  (0.0000000,-6.3750057e-06)  (0.0000000,0.0025266295)  (0.0000000,-0.00011441650)  (0.0000000,-0.0012656432)  
(-0.0000000,-0.00018291549)  (-0.0000000,-0.00025473069)  (0.0000000,0.00031356034)  (-0.0000000,-0.00038233322)  (-0.0000000,-0.00058792878)  (0.40440631,0.0000000)  (0.0000000,-0.0033089931)  (0.0000000,0.0011891027)  (0.0000000,-0.00018899507)  (0.0000000,-8.9096608e-05)  (0.0000000,0.00014938573)  
(-0.0000000,-0.00065327677)  (0.0000000,4.6439629e-05)  (-0.0000000,-0.00031525919)  (-0.0000000,-0.00024486148)  (0.0000000,0.0014461792)  (0.0000000,0.0033089931)  (0.41142902,0.0000000)  (0.0000000,0.00044654733)  (0.0000000,-6.8887546e-05)  (0.0000000,-0.00029821929)  (0.0000000,1.9611128e-06)  
(0.0000000,0.00014857574)  (-0.0000000,-0.00059860561)  (-0.0000000,-0.00033878663)  (0.0000000,0.00010734062)  (0.0000000,6.3750057e-06)  (-0.0000000,-0.0011891027)  (-0.0000000,-0.00044654733)  (0.41750616,0.0000000)  (0.0000000,6.4683536e-05)  (0.0000000,-5.3331536e-05)  (0.0000000,0.00037181751)  
(-0.0000000,-8.7930435e-05)  (0.0000000,3.1377419e-05)  (-0.0000000,-0.00037531689)  (0.0000000,0.00012359668)  (-0.0000000,-0.0025266295)  (0.0000000,0.00018899507)  (0.0000000,6.8887546e-05)  (-0.0000000,-6.4683536e-05)  (0.44908750,0.0000000)  (0.0000000,0.0042449371)  (0.0000000,0.0014249658)  
(-0.0000000,-1.9512656e-05)  (-0.0000000,-2.8410144e-05)  (0.0000000,0.00058766676)  (-0.0000000,-0.00019286057)  (0.0000000,0.00011441650)  (0.0000000,8.9096608e-05)  (0.0000000,0.00029821929)  (0.0000000,5.3331536e-05)  (-0.0000000,-0.0042449371)  (0.45583036,0.0000000)  (0.0000000,0.0016840731)  
(0.0000000,2.0328615e-05)  (0.0000000,3.3593196e-05)  (-0.0000000,-0.0015581507)  (0.0000000,0.00046435664)  (0.0000000,0.0012656432)  (-0.0000000,-0.00014938573)  (-0.0000000,-1.9611128e-06)  (-0.0000000,-0.00037181751)  (-0.0000000,-0.0014249658)  (-0.0000000,-0.0016840731)  (0.45728400,0.0000000)  
