(0.0000000,0.0000000)  (0.0000000,5.7970707e-06)  (0.0000000,-0.00012373104)  (0.0000000,0.00029129562)  (0.0000000,0.00058415532)  (0.0000000,6.3193056e-05)  (0.0000000,-0.00011759974)  (0.0000000,0.00070371699)  (0.0000000,4.5534352e-05)  (0.0000000,6.5066167e-05)  (0.0000000,8.1045140e-05)  
(-0.0000000,-5.7970707e-06)  (0.20799291,0.0000000)  (0.0000000,2.8193111e-05)  (0.0000000,9.3162888e-05)  (0.0000000,2.3951943e-05)  (0.0000000,-0.00013807484)  (0.0000000,-0.00064911001)  (0.0000000,-8.8525330e-05)  (0.0000000,7.5075527e-05)  (0.0000000,4.5385942e-05)  (0.0000000,0.00010449129)  
(0.0000000,0.00012373104)  (-0.0000000,-2.8193111e-05)  (0.35663261,0.0000000)  (0.0000000,0.0012191074)  (0.0000000,-0.0021629420)  (0.0000000,-0.00050512083)  (0.0000000,0.00033463600)  (0.0000000,-3.0525335e-05)  (0.0000000,0.00017416910)  (0.0000000,2.6164940e-05)  (0.0000000,0.0013742417)  
(-0.0000000,-0.00029129562)  (-0.0000000,-9.3162888e-05)  (-0.0000000,-0.0012191074)  (0.38671640,0.0000000)  (0.0000000,0.010418650)  (0.0000000,0.0010974774)  (0.0000000,-0.00013429835)  (0.0000000,-9.1840310e-05)  (0.0000000,-2.3930373e-05)  (0.0000000,-0.00033348635)  (0.0000000,0.00021451393)  
(-0.0000000,-0.00058415532)  (-0.0000000,-2.3951943e-05)  (0.0000000,0.0021629420)  (-0.0000000,-0.010418650)  (0.39630186,0.0000000)  (0.0000000,0.00059622598)  (0.0000000,0.00016012110)  (0.0000000,-0.0011703061)  (0.0000000,-0.00050237463)  (0.0000000,0.00043328931)  (0.0000000,0.00023920947)  
(-0.0000000,-6.3193056e-05)  (0.0000000,0.00013807484)  (0.0000000,0.00050512083)  (-0.0000000,-0.0010974774)  (-0.0000000,-0.00059622598)  (0.39981166,0.0000000)  (0.0000000,-0.00023162933)  (0.0000000,-0.00010202214)  (0.0000000,-0.00031656498)  (0.0000000,-6.8642109e-05)  (0.0000000,-0.00034592211)  
(0.0000000,0.00011759974)  (0.0000000,0.00064911001)  (-0.0000000,-0.00033463600)  (0.0000000,0.00013429835)  (-0.0000000,-0.00016012110)  (0.0000000,0.00023162933)  (0.41741226,0.0000000)  (0.0000000,0.00013221777)  (0.0000000,-0.00084899210)  (0.0000000,-0.00064548332)  (0.0000000,0.00030524808)  
(-0.0000000,-0.00070371699)  (0.0000000,8.8525330e-05)  (0.0000000,3.0525335e-05)  (0.0000000,9.1840310e-05)  (0.0000000,0.0011703061)  (0.0000000,0.00010202214)  (-0.0000000,-0.00013221777)  (0.42416615,0.0000000)  (0.0000000,-0.00025425980)  (0.0000000,-0.00022349333)  (0.0000000,-0.00098723733)  
(-0.0000000,-4.5534352e-05)  (-0.0000000,-7.5075527e-05)  (-0.0000000,-0.00017416910)  (0.0000000,2.3930373e-05)  (0.0000000,0.00050237463)  (0.0000000,0.00031656498)  (0.0000000,0.00084899210)  (0.0000000,0.00025425980)  (0.44786355,0.0000000)  (0.0000000,8.5373670e-05)  (0.0000000,-0.00067972200)  
(-0.0000000,-6.5066167e-05)  (-0.0000000,-4.5385942e-05)  (-0.0000000,-2.6164940e-05)  (0.0000000,0.00033348635)  (-0.0000000,-0.00043328931)  (0.0000000,6.8642109e-05)  (0.0000000,0.00064548332)  (0.0000000,0.00022349333)  (-0.0000000,-8.5373670e-05)  (0.45455459,0.0000000)  (0.0000000,0.00092519461)  
(-0.0000000,-8.1045140e-05)  (-0.0000000,-0.00010449129)  (-0.0000000,-0.0013742417)  (-0.0000000,-0.00021451393)  (-0.0000000,-0.00023920947)  (0.0000000,0.00034592211)  (-0.0000000,-0.00030524808)  (0.0000000,0.00098723733)  (0.0000000,0.00067972200)  (-0.0000000,-0.00092519461)  (0.46048216,0.0000000)  
