(0.0000000,0.0000000)  (0.0000000,6.1896481e-06)  (0.0000000,-7.7620874e-05)  (0.0000000,-7.7033670e-05)  (0.0000000,-0.00064613363)  (0.0000000,-0.00020621635)  (0.0000000,0.00018474991)  (0.0000000,-0.00036437889)  (0.0000000,-2.7106438e-05)  (0.0000000,-1.4737483e-05)  (0.0000000,1.3453848e-05)  
(-0.0000000,-6.1896481e-06)  (0.20849068,0.0000000)  (0.0000000,-3.4416304e-05)  (0.0000000,-6.7218223e-06)  (0.0000000,-2.2279637e-05)  (0.0000000,-0.00010096872)  (0.0000000,5.1735469e-05)  (0.0000000,-0.00011629951)  (0.0000000,-7.4360928e-05)  (0.0000000,0.00013203322)  (0.0000000,2.5567783e-07)  
(0.0000000,7.7620874e-05)  (0.0000000,3.4416304e-05)  (0.36627595,0.0000000)  (0.0000000,-0.0014648981)  (0.0000000,-5.0970271e-06)  (0.0000000,-1.8641852e-05)  (0.0000000,-9.6138535e-05)  (0.0000000,-6.3831705e-05)  (0.0000000,0.0011697059)  (0.0000000,7.1451261e-05)  (0.0000000,1.2268472e-05)  
(0.0000000,7.7033670e-05)  (0.0000000,6.7218223e-06)  (0.0000000,0.0014648981)  (0.39818217,0.0000000)  (0.0000000,0.00094060837)  (0.0000000,-0.0014246561)  (0.0000000,0.00060836951)  (0.0000000,0.00061715192)  (0.0000000,-2.6386602e-05)  (0.0000000,-0.00039963181)  (0.0000000,-1.3333649e-05)  
(0.0000000,0.00064613363)  (0.0000000,2.2279637e-05)  (0.0000000,5.0970271e-06)  (-0.0000000,-0.00094060837)  (0.40268494,0.0000000)  (0.0000000,-0.0013165419)  (0.0000000,0.0020915856)  (0.0000000,0.00058077963)  (0.0000000,-0.00030105083)  (0.0000000,-9.1700161e-05)  (0.0000000,1.1268252e-05)  
(0.0000000,0.00020621635)  (0.0000000,0.00010096872)  (0.0000000,1.8641852e-05)  (0.0000000,0.0014246561)  (0.0000000,0.0013165419)  (0.42029492,0.0000000)  (0.0000000,0.016683871)  (0.0000000,0.0066177838)  (0.0000000,-0.010677695)  (0.0000000,-0.0029260518)  (0.0000000,-2.5371966e-05)  
(-0.0000000,-0.00018474991)  (-0.0000000,-5.1735469e-05)  (0.0000000,9.6138535e-05)  (-0.0000000,-0.00060836951)  (-0.0000000,-0.0020915856)  (-0.0000000,-0.016683871)  (0.42481827,0.0000000)  (0.0000000,-0.0057502039)  (0.0000000,-0.011759016)  (0.0000000,0.0028353234)  (0.0000000,0.00026772832)  
(0.0000000,0.00036437889)  (0.0000000,0.00011629951)  (0.0000000,6.3831705e-05)  (-0.0000000,-0.00061715192)  (-0.0000000,-0.00058077963)  (-0.0000000,-0.0066177838)  (0.0000000,0.0057502039)  (0.43272188,0.0000000)  (0.0000000,0.0046251638)  (0.0000000,0.0017413510)  (0.0000000,1.4420863e-07)  
(0.0000000,2.7106438e-05)  (0.0000000,7.4360928e-05)  (-0.0000000,-0.0011697059)  (0.0000000,2.6386602e-05)  (0.0000000,0.00030105083)  (0.0000000,0.010677695)  (0.0000000,0.011759016)  (-0.0000000,-0.0046251638)  (0.44907115,0.0000000)  (0.0000000,0.00048729391)  (0.0000000,5.6980605e-05)  
(0.0000000,1.4737483e-05)  (-0.0000000,-0.00013203322)  (-0.0000000,-7.1451261e-05)  (0.0000000,0.00039963181)  (0.0000000,9.1700161e-05)  (0.0000000,0.0029260518)  (-0.0000000,-0.0028353234)  (-0.0000000,-0.0017413510)  (-0.0000000,-0.00048729391)  (0.46347672,0.0000000)  (0.0000000,2.4587280e-06)  
(-0.0000000,-1.3453848e-05)  (-0.0000000,-2.5567783e-07)  (-0.0000000,-1.2268472e-05)  (0.0000000,1.3333649e-05)  (-0.0000000,-1.1268252e-05)  (0.0000000,2.5371966e-05)  (-0.0000000,-0.00026772832)  (-0.0000000,-1.4420863e-07)  (-0.0000000,-5.6980605e-05)  (-0.0000000,-2.4587280e-06)  (0.46894620,0.0000000)  
