(0.0000000,0.0000000)  (0.0000000,-3.3894537e-05)  (0.0000000,-2.6569706e-05)  (0.0000000,8.8116154e-06)  (0.0000000,0.00042529462)  (0.0000000,-1.7029913e-05)  (0.0000000,-0.00010401382)  (0.0000000,1.1070620e-05)  (0.0000000,7.3669795e-05)  (0.0000000,1.3393681e-06)  (0.0000000,3.3957783e-05)  
(0.0000000,3.3894537e-05)  (0.21963232,0.0000000)  (0.0000000,8.6862547e-06)  (0.0000000,3.5155959e-06)  (0.0000000,-6.5284205e-05)  (0.0000000,-0.00017199918)  (0.0000000,-0.00014977278)  (0.0000000,0.00021225833)  (0.0000000,0.00026821352)  (0.0000000,1.2426993e-05)  (0.0000000,4.6125991e-05)  
(0.0000000,2.6569706e-05)  (-0.0000000,-8.6862547e-06)  (0.35583643,0.0000000)  (0.0000000,3.0416964e-05)  (0.0000000,0.0025948432)  (0.0000000,0.011172814)  (0.0000000,0.00051488195)  (0.0000000,0.00080554083)  (0.0000000,-8.7655356e-05)  (0.0000000,0.00019490115)  (0.0000000,-2.7835435e-05)  
(-0.0000000,-8.8116154e-06)  (-0.0000000,-3.5155959e-06)  (-0.0000000,-3.0416964e-05)  (0.39173570,0.0000000)  (0.0000000,-0.00011728952)  (0.0000000,-2.6931920e-05)  (0.0000000,-0.00037052880)  (0.0000000,-0.00056488441)  (0.0000000,0.00030487461)  (0.0000000,-0.00052510537)  (0.0000000,-0.00079697902)  
(-0.0000000,-0.00042529462)  (0.0000000,6.5284205e-05)  (-0.0000000,-0.0025948432)  (0.0000000,0.00011728952)  (0.41382235,0.0000000)  (0.0000000,0.0046830161)  (0.0000000,0.0045198747)  (0.0000000,-0.0033733193)  (0.0000000,-0.0029883135)  (0.0000000,-0.00018850951)  (0.0000000,-0.0011724449)  
(0.0000000,1.7029913e-05)  (0.0000000,0.00017199918)  (-0.0000000,-0.011172814)  (0.0000000,2.6931920e-05)  (-0.0000000,-0.0046830161)  (0.41762578,0.0000000)  (0.0000000,0.0013370391)  (0.0000000,-0.0010522734)  (0.0000000,-0.0024262111)  (0.0000000,-0.00015308771)  (0.0000000,-0.00030692192)  
(0.0000000,0.00010401382)  (0.0000000,0.00014977278)  (-0.0000000,-0.00051488195)  (0.0000000,0.00037052880)  (-0.0000000,-0.0045198747)  (-0.0000000,-0.0013370391)  (0.43515931,0.0000000)  (0.0000000,-0.010348819)  (0.0000000,0.010007785)  (0.0000000,-0.00088384150)  (0.0000000,-0.0032562331)  
(-0.0000000,-1.1070620e-05)  (-0.0000000,-0.00021225833)  (-0.0000000,-0.00080554083)  (0.0000000,0.00056488441)  (0.0000000,0.0033733193)  (0.0000000,0.0010522734)  (0.0000000,0.010348819)  (0.44020653,0.0000000)  (0.0000000,0.010913768)  (0.0000000,0.0010271252)  (0.0000000,-0.0030847265)  
(-0.0000000,-7.3669795e-05)  (-0.0000000,-0.00026821352)  (0.0000000,8.7655356e-05)  (-0.0000000,-0.00030487461)  (0.0000000,0.0029883135)  (0.0000000,0.0024262111)  (-0.0000000,-0.010007785)  (-0.0000000,-0.010913768)  (0.44357429,0.0000000)  (0.0000000,-0.0010371785)  (0.0000000,-0.00012317435)  
(-0.0000000,-1.3393681e-06)  (-0.0000000,-1.2426993e-05)  (-0.0000000,-0.00019490115)  (0.0000000,0.00052510537)  (0.0000000,0.00018850951)  (0.0000000,0.00015308771)  (0.0000000,0.00088384150)  (-0.0000000,-0.0010271252)  (0.0000000,0.0010371785)  (0.45160983,0.0000000)  (0.0000000,0.0024084432)  
(-0.0000000,-3.3957783e-05)  (-0.0000000,-4.6125991e-05)  (0.0000000,2.7835435e-05)  (0.0000000,0.00079697902)  (0.0000000,0.0011724449)  (0.0000000,0.00030692192)  (0.0000000,0.0032562331)  (0.0000000,0.0030847265)  (0.0000000,0.00012317435)  (-0.0000000,-0.0024084432)  (0.45711128,0.0000000)  
