(0.0000000,0.0000000)  (0.0000000,-3.6999188e-05)  (0.0000000,-0.00014585766)  (0.0000000,5.2040169e-05)  (0.0000000,-0.00018390314)  (0.0000000,0.00069673763)  (0.0000000,-0.00015358068)  (0.0000000,5.1092856e-06)  (0.0000000,3.4623875e-05)  (0.0000000,4.6333824e-05)  (0.0000000,-8.2350203e-06)  
(0.0000000,3.6999188e-05)  (0.20036327,0.0000000)  (0.0000000,1.2376146e-05)  (0.0000000,2.5943608e-05)  (0.0000000,5.1331947e-06)  (0.0000000,-8.2735666e-05)  (0.0000000,-0.00052037693)  (0.0000000,6.7977969e-06)  (0.0000000,-2.4357381e-05)  (0.0000000,-4.7540455e-05)  (0.0000000,1.0872822e-05)  
(0.0000000,0.00014585766)  (-0.0000000,-1.2376146e-05)  (0.35285528,0.0000000)  (0.0000000,0.0029941006)  (0.0000000,-0.0034368859)  (0.0000000,-0.0012230405)  (0.0000000,-0.00010549090)  (0.0000000,6.5032391e-05)  (0.0000000,0.0011154869)  (0.0000000,-3.4242009e-05)  (0.0000000,0.00010896845)  
(-0.0000000,-5.2040169e-05)  (-0.0000000,-2.5943608e-05)  (-0.0000000,-0.0029941006)  (0.36891588,0.0000000)  (0.0000000,0.0062003747)  (0.0000000,0.0016741108)  (0.0000000,-0.00016582819)  (0.0000000,6.2041574e-05)  (0.0000000,-0.00033231635)  (0.0000000,3.3029444e-05)  (0.0000000,-0.00048960813)  
(0.0000000,0.00018390314)  (-0.0000000,-5.1331947e-06)  (0.0000000,0.0034368859)  (-0.0000000,-0.0062003747)  (0.39204329,0.0000000)  (0.0000000,0.00059403407)  (0.0000000,-0.0013428289)  (0.0000000,-0.00040018094)  (0.0000000,-0.0019521618)  (0.0000000,-8.2458281e-05)  (0.0000000,0.00081246413)  
(-0.0000000,-0.00069673763)  (0.0000000,8.2735666e-05)  (0.0000000,0.0012230405)  (-0.0000000,-0.0016741108)  (-0.0000000,-0.00059403407)  (0.39671144,0.0000000)  (0.0000000,0.0048095511)  (0.0000000,-5.8050302e-05)  (0.0000000,-0.00051571410)  (0.0000000,0.00020571321)  (0.0000000,0.00025782305)  
(0.0000000,0.00015358068)  (0.0000000,0.00052037693)  (0.0000000,0.00010549090)  (0.0000000,0.00016582819)  (0.0000000,0.0013428289)  (-0.0000000,-0.0048095511)  (0.40626162,0.0000000)  (0.0000000,-1.8557228e-06)  (0.0000000,1.0304954e-05)  (0.0000000,0.00053869910)  (0.0000000,-3.8740353e-05)  
(-0.0000000,-5.1092856e-06)  (-0.0000000,-6.7977969e-06)  (-0.0000000,-6.5032391e-05)  (-0.0000000,-6.2041574e-05)  (0.0000000,0.00040018094)  (0.0000000,5.8050302e-05)  (0.0000000,1.8557228e-06)  (0.42327717,0.0000000)  (0.0000000,0.0028237853)  (0.0000000,0.00022985073)  (0.0000000,-7.7486573e-05)  
(-0.0000000,-3.4623875e-05)  (0.0000000,2.4357381e-05)  (-0.0000000,-0.0011154869)  (0.0000000,0.00033231635)  (0.0000000,0.0019521618)  (0.0000000,0.00051571410)  (-0.0000000,-1.0304954e-05)  (-0.0000000,-0.0028237853)  (0.44663794,0.0000000)  (0.0000000,-5.2215804e-05)  (0.0000000,0.00072666675)  
(-0.0000000,-4.6333824e-05)  (0.0000000,4.7540455e-05)  (0.0000000,3.4242009e-05)  (-0.0000000,-3.3029444e-05)  (0.0000000,8.2458281e-05)  (-0.0000000,-0.00020571321)  (-0.0000000,-0.00053869910)  (-0.0000000,-0.00022985073)  (0.0000000,5.2215804e-05)  (0.45370310,0.0000000)  (0.0000000,4.2961664e-06)  
(0.0000000,8.2350203e-06)  (-0.0000000,-1.0872822e-05)  (-0.0000000,-0.00010896845)  (0.0000000,0.00048960813)  (-0.0000000,-0.00081246413)  (-0.0000000,-0.00025782305)  (0.0000000,3.8740353e-05)  (0.0000000,7.7486573e-05)  (-0.0000000,-0.00072666675)  (-0.0000000,-4.2961664e-06)  (0.45737312,0.0000000)  
