(0.0000000,0.0000000)  (0.0000000,1.6397868e-06)  (0.0000000,4.1964320e-05)  (0.0000000,-2.1868950e-05)  (0.0000000,-0.00027926056)  (0.0000000,-0.00028141023)  (0.0000000,-8.5304061e-05)  (0.0000000,-7.5047919e-06)  (0.0000000,-2.8976339e-05)  (0.0000000,0.00033375401)  (0.0000000,2.2412690e-05)  
(-0.0000000,-1.6397868e-06)  (0.21208647,0.0000000)  (0.0000000,-0.0024926320)  (0.0000000,-0.00038944994)  (0.0000000,-3.6632544e-05)  (0.0000000,0.00012353078)  (0.0000000,-0.00014373322)  (0.0000000,0.00033783040)  (0.0000000,0.00022273160)  (0.0000000,4.3483695e-05)  (0.0000000,7.1241704e-06)  
(-0.0000000,-4.1964320e-05)  (0.0000000,0.0024926320)  (0.33313256,0.0000000)  (0.0000000,-0.0068844619)  (0.0000000,-1.7687463e-05)  (0.0000000,0.0025345920)  (0.0000000,-0.012731386)  (0.0000000,-0.0017017703)  (0.0000000,-0.00047842351)  (0.0000000,0.00059886673)  (0.0000000,0.00058318752)  
(0.0000000,2.1868950e-05)  (0.0000000,0.00038944994)  (0.0000000,0.0068844619)  (0.37637941,0.0000000)  (0.0000000,0.00015143470)  (0.0000000,-2.3011261e-05)  (0.0000000,0.00017808416)  (0.0000000,-0.00079869988)  (0.0000000,-0.00021473590)  (0.0000000,0.00028545167)  (0.0000000,-7.9260562e-05)  
(0.0000000,0.00027926056)  (0.0000000,3.6632544e-05)  (0.0000000,1.7687463e-05)  (-0.0000000,-0.00015143470)  (0.38409669,0.0000000)  (0.0000000,-0.00039882157)  (0.0000000,-9.6561691e-05)  (0.0000000,-0.00056007589)  (0.0000000,-9.4975251e-05)  (0.0000000,-0.00015112853)  (0.0000000,-0.00039069097)  
(0.0000000,0.00028141023)  (-0.0000000,-0.00012353078)  (-0.0000000,-0.0025345920)  (0.0000000,2.3011261e-05)  (0.0000000,0.00039882157)  (0.39559277,0.0000000)  (0.0000000,-0.00023503316)  (0.0000000,-0.00027342288)  (0.0000000,3.2799434e-05)  (0.0000000,-0.00026324092)  (0.0000000,0.00089426228)  
(0.0000000,8.5304061e-05)  (0.0000000,0.00014373322)  (0.0000000,0.012731386)  (-0.0000000,-0.00017808416)  (0.0000000,9.6561691e-05)  (0.0000000,0.00023503316)  (0.40825824,0.0000000)  (0.0000000,0.0090146469)  (0.0000000,0.0018367178)  (0.0000000,0.00041121738)  (0.0000000,-3.9346170e-05)  
(0.0000000,7.5047919e-06)  (-0.0000000,-0.00033783040)  (0.0000000,0.0017017703)  (0.0000000,0.00079869988)  (0.0000000,0.00056007589)  (0.0000000,0.00027342288)  (-0.0000000,-0.0090146469)  (0.41782570,0.0000000)  (0.0000000,0.00020893846)  (0.0000000,7.9559314e-05)  (0.0000000,6.2914288e-05)  
(0.0000000,2.8976339e-05)  (-0.0000000,-0.00022273160)  (0.0000000,0.00047842351)  (0.0000000,0.00021473590)  (0.0000000,9.4975251e-05)  (-0.0000000,-3.2799434e-05)  (-0.0000000,-0.0018367178)  (-0.0000000,-0.00020893846)  (0.44092701,0.0000000)  (0.0000000,1.1936242e-05)  (0.0000000,0.00032027256)  
(-0.0000000,-0.00033375401)  (-0.0000000,-4.3483695e-05)  (-0.0000000,-0.00059886673)  (-0.0000000,-0.00028545167)  (0.0000000,0.00015112853)  (0.0000000,0.00026324092)  (-0.0000000,-0.00041121738)  (-0.0000000,-7.9559314e-05)  (-0.0000000,-1.1936242e-05)  (0.44958859,0.0000000)  (0.0000000,-0.0049319627)  
(-0.0000000,-2.2412690e-05)  (-0.0000000,-7.1241704e-06)  (-0.0000000,-0.00058318752)  (0.0000000,7.9260562e-05)  (0.0000000,0.00039069097)  (-0.0000000,-0.00089426228)  (0.0000000,3.9346170e-05)  (-0.0000000,-6.2914288e-05)  (-0.0000000,-0.00032027256)  (0.0000000,0.0049319627)  (0.45229962,0.0000000)  
