(0.0000000,0.0000000)  (0.0000000,-0.00011101812)  (0.0000000,-8.3278607e-06)  (0.0000000,-0.00053353166)  (0.0000000,7.7330416e-05)  (0.0000000,9.7065227e-06)  (0.0000000,-1.4835113e-05)  (0.0000000,-3.7930236e-05)  (0.0000000,3.1220217e-05)  (0.0000000,0.00024282677)  (0.0000000,1.5334436e-05)  
(0.0000000,0.00011101812)  (0.16089651,0.0000000)  (0.0000000,0.00083212596)  (0.0000000,0.00054388790)  (0.0000000,-0.00075418307)  (0.0000000,-2.2964524e-05)  (0.0000000,0.00014669197)  (0.0000000,-1.0531522e-05)  (0.0000000,4.0925053e-05)  (0.0000000,-3.8867868e-05)  (0.0000000,1.9835482e-06)  
(0.0000000,8.3278607e-06)  (-0.0000000,-0.00083212596)  (0.26333211,0.0000000)  (0.0000000,-1.6635678e-05)  (0.0000000,-0.0011713379)  (0.0000000,0.00033729976)  (0.0000000,0.00051563826)  (0.0000000,-0.00086650013)  (0.0000000,0.0010003670)  (0.0000000,-0.00075757295)  (0.0000000,-0.00022932210)  
(0.0000000,0.00053353166)  (-0.0000000,-0.00054388790)  (0.0000000,1.6635678e-05)  (0.28257966,0.0000000)  (0.0000000,-4.7304301e-06)  (0.0000000,2.4262178e-05)  (0.0000000,-1.1895116e-05)  (0.0000000,-5.8410638e-05)  (0.0000000,-0.00019508081)  (0.0000000,-0.0010304722)  (0.0000000,-6.9510629e-05)  
(-0.0000000,-7.7330416e-05)  (0.0000000,0.00075418307)  (0.0000000,0.0011713379)  (0.0000000,4.7304301e-06)  (0.34260575,0.0000000)  (0.0000000,-2.1829600e-05)  (0.0000000,-0.00090763165)  (0.0000000,0.0016048001)  (0.0000000,1.9973841e-06)  (0.0000000,0.00017675150)  (0.0000000,2.9068953e-05)  
(-0.0000000,-9.7065227e-06)  (0.0000000,2.2964524e-05)  (-0.0000000,-0.00033729976)  (-0.0000000,-2.4262178e-05)  (0.0000000,2.1829600e-05)  (0.36311179,0.0000000)  (0.0000000,0.00061602416)  (0.0000000,0.0015116339)  (0.0000000,0.0020388856)  (0.0000000,-0.00066739396)  (0.0000000,-0.00051281796)  
(0.0000000,1.4835113e-05)  (-0.0000000,-0.00014669197)  (-0.0000000,-0.00051563826)  (0.0000000,1.1895116e-05)  (0.0000000,0.00090763165)  (-0.0000000,-0.00061602416)  (0.37841847,0.0000000)  (0.0000000,-0.0021093219)  (0.0000000,-0.0037790330)  (0.0000000,-0.00029448170)  (0.0000000,0.00063238595)  
(0.0000000,3.7930236e-05)  (0.0000000,1.0531522e-05)  (0.0000000,0.00086650013)  (0.0000000,5.8410638e-05)  (-0.0000000,-0.0016048001)  (-0.0000000,-0.0015116339)  (0.0000000,0.0021093219)  (0.38140568,0.0000000)  (0.0000000,-0.0024257407)  (0.0000000,0.0016378531)  (0.0000000,0.00048384320)  
(-0.0000000,-3.1220217e-05)  (-0.0000000,-4.0925053e-05)  (-0.0000000,-0.0010003670)  (0.0000000,0.00019508081)  (-0.0000000,-1.9973841e-06)  (-0.0000000,-0.0020388856)  (0.0000000,0.0037790330)  (0.0000000,0.0024257407)  (0.40557771,0.0000000)  (0.0000000,-0.0010781486)  (0.0000000,0.0016188723)  
(-0.0000000,-0.00024282677)  (0.0000000,3.8867868e-05)  (0.0000000,0.00075757295)  (0.0000000,0.0010304722)  (-0.0000000,-0.00017675150)  (0.0000000,0.00066739396)  (0.0000000,0.00029448170)  (-0.0000000,-0.0016378531)  (0.0000000,0.0010781486)  (0.40851347,0.0000000)  (0.0000000,-0.00061079008)  
(-0.0000000,-1.5334436e-05)  (-0.0000000,-1.9835482e-06)  (0.0000000,0.00022932210)  (0.0000000,6.9510629e-05)  (-0.0000000,-2.9068953e-05)  (0.0000000,0.00051281796)  (-0.0000000,-0.00063238595)  (-0.0000000,-0.00048384320)  (-0.0000000,-0.0016188723)  (0.0000000,0.00061079008)  (0.41933483,0.0000000)  
