(0.0000000,0.0000000)  (0.0000000,-7.7501429e-06)  (0.0000000,-1.4550554e-05)  (0.0000000,0.00020499080)  (0.0000000,2.7178064e-05)  (0.0000000,-0.00075929334)  (0.0000000,-5.5314567e-06)  (0.0000000,-1.8608146e-05)  (0.0000000,-3.0019185e-05)  (0.0000000,-6.0352822e-05)  (0.0000000,-9.7199494e-06)  
(0.0000000,7.7501429e-06)  (0.20543953,0.0000000)  (0.0000000,-5.4372040e-05)  (0.0000000,-1.8921256e-05)  (0.0000000,-0.00024727308)  (0.0000000,-1.5402364e-06)  (0.0000000,0.00032859299)  (0.0000000,-1.5639039e-05)  (0.0000000,-4.8297945e-06)  (0.0000000,1.7303805e-05)  (0.0000000,3.0879893e-05)  
(0.0000000,1.4550554e-05)  (0.0000000,5.4372040e-05)  (0.36632097,0.0000000)  (0.0000000,-0.0057881416)  (0.0000000,-0.00067875601)  (0.0000000,8.0885153e-06)  (0.0000000,-3.6035313e-05)  (0.0000000,0.00043972149)  (0.0000000,0.00023629424)  (0.0000000,-0.00010001603)  (0.0000000,-6.0766915e-05)  
(-0.0000000,-0.00020499080)  (0.0000000,1.8921256e-05)  (0.0000000,0.0057881416)  (0.38531164,0.0000000)  (0.0000000,-0.00012499577)  (0.0000000,1.8436305e-05)  (0.0000000,-0.00013449284)  (0.0000000,2.2671235e-05)  (0.0000000,-0.00019277712)  (0.0000000,-3.1594329e-05)  (0.0000000,0.00016151668)  
(-0.0000000,-2.7178064e-05)  (0.0000000,0.00024727308)  (0.0000000,0.00067875601)  (0.0000000,0.00012499577)  (0.39386204,0.0000000)  (0.0000000,4.8080898e-06)  (0.0000000,-9.6383615e-05)  (0.0000000,-3.3620946e-05)  (0.0000000,0.00044721649)  (0.0000000,-0.00053588090)  (0.0000000,-0.00020641716)  
(0.0000000,0.00075929334)  (0.0000000,1.5402364e-06)  (-0.0000000,-8.0885153e-06)  (-0.0000000,-1.8436305e-05)  (-0.0000000,-4.8080898e-06)  (0.39913766,0.0000000)  (0.0000000,2.2415084e-05)  (0.0000000,4.1788668e-06)  (0.0000000,-0.00025196894)  (0.0000000,0.00028667461)  (0.0000000,-6.4873953e-06)  
(0.0000000,5.5314567e-06)  (-0.0000000,-0.00032859299)  (0.0000000,3.6035313e-05)  (0.0000000,0.00013449284)  (0.0000000,9.6383615e-05)  (-0.0000000,-2.2415084e-05)  (0.41318382,0.0000000)  (0.0000000,-3.0623908e-05)  (0.0000000,0.00089321477)  (0.0000000,0.00073734793)  (0.0000000,-0.00022928711)  
(0.0000000,1.8608146e-05)  (0.0000000,1.5639039e-05)  (-0.0000000,-0.00043972149)  (-0.0000000,-2.2671235e-05)  (0.0000000,3.3620946e-05)  (-0.0000000,-4.1788668e-06)  (0.0000000,3.0623908e-05)  (0.43303958,0.0000000)  (0.0000000,1.1002228e-06)  (0.0000000,1.0645635e-06)  (0.0000000,0.0014015206)  
(0.0000000,3.0019185e-05)  (0.0000000,4.8297945e-06)  (-0.0000000,-0.00023629424)  (0.0000000,0.00019277712)  (-0.0000000,-0.00044721649)  (0.0000000,0.00025196894)  (-0.0000000,-0.00089321477)  (-0.0000000,-1.1002228e-06)  (0.45528922,0.0000000)  (0.0000000,-0.023502775)  (0.0000000,-7.8082828e-05)  
(0.0000000,6.0352822e-05)  (-0.0000000,-1.7303805e-05)  (0.0000000,0.00010001603)  (0.0000000,3.1594329e-05)  (0.0000000,0.00053588090)  (-0.0000000,-0.00028667461)  (-0.0000000,-0.00073734793)  (-0.0000000,-1.0645635e-06)  (0.0000000,0.023502775)  (0.45639558,0.0000000)  (0.0000000,9.2060835e-05)  
(0.0000000,9.7199494e-06)  (-0.0000000,-3.0879893e-05)  (0.0000000,6.0766915e-05)  (-0.0000000,-0.00016151668)  (0.0000000,0.00020641716)  (0.0000000,6.4873953e-06)  (0.0000000,0.00022928711)  (-0.0000000,-0.0014015206)  (0.0000000,7.8082828e-05)  (-0.0000000,-9.2060835e-05)  (0.46191283,0.0000000)  
