(0.0000000,0.0000000)  (0.0000000,-6.0108062e-06)  (0.0000000,2.1062914e-05)  (0.0000000,-2.9101884e-05)  (0.0000000,0.00063874267)  (0.0000000,-0.00037745289)  (0.0000000,-1.2948168e-05)  (0.0000000,0.00055255274)  (0.0000000,-1.4387387e-06)  (0.0000000,1.0864233e-05)  (0.0000000,-0.00015632230)  
(0.0000000,6.0108062e-06)  (0.20425288,0.0000000)  (0.0000000,-2.3342809e-05)  (0.0000000,0.00020706828)  (0.0000000,0.00010763054)  (0.0000000,0.00010156717)  (0.0000000,-0.00046138757)  (0.0000000,-1.6696753e-05)  (0.0000000,-6.8903176e-05)  (0.0000000,1.0028613e-05)  (0.0000000,-1.7742993e-05)  
(-0.0000000,-2.1062914e-05)  (0.0000000,2.3342809e-05)  (0.36371578,0.0000000)  (0.0000000,-0.00013258177)  (0.0000000,0.00038245509)  (0.0000000,-0.00023521006)  (0.0000000,-0.00015774897)  (0.0000000,9.7738486e-05)  (0.0000000,-0.00024713793)  (0.0000000,1.4310076e-05)  (0.0000000,-0.00048165519)  
(0.0000000,2.9101884e-05)  (-0.0000000,-0.00020706828)  (0.0000000,0.00013258177)  (0.38717357,0.0000000)  (0.0000000,-0.0034902951)  (0.0000000,-0.0062745389)  (0.0000000,-8.6587638e-05)  (0.0000000,0.00045548247)  (0.0000000,3.8460820e-05)  (0.0000000,0.00056424518)  (0.0000000,0.00056177199)  
(-0.0000000,-0.00063874267)  (-0.0000000,-0.00010763054)  (-0.0000000,-0.00038245509)  (0.0000000,0.0034902951)  (0.39776230,0.0000000)  (0.0000000,-0.0017353957)  (0.0000000,-0.00036878919)  (0.0000000,-0.0015400230)  (0.0000000,-0.00021082189)  (0.0000000,-0.0012777567)  (0.0000000,-0.0015690822)  
(0.0000000,0.00037745289)  (-0.0000000,-0.00010156717)  (0.0000000,0.00023521006)  (0.0000000,0.0062745389)  (0.0000000,0.0017353957)  (0.40026589,0.0000000)  (0.0000000,-0.00060858639)  (0.0000000,0.00046035178)  (0.0000000,-0.00025285276)  (0.0000000,0.00057729688)  (0.0000000,0.0010159269)  
(0.0000000,1.2948168e-05)  (0.0000000,0.00046138757)  (0.0000000,0.00015774897)  (0.0000000,8.6587638e-05)  (0.0000000,0.00036878919)  (0.0000000,0.00060858639)  (0.41515729,0.0000000)  (0.0000000,-5.5237307e-06)  (0.0000000,0.0015650963)  (0.0000000,-7.9276670e-05)  (0.0000000,-4.7812617e-06)  
(-0.0000000,-0.00055255274)  (0.0000000,1.6696753e-05)  (-0.0000000,-9.7738486e-05)  (-0.0000000,-0.00045548247)  (0.0000000,0.0015400230)  (-0.0000000,-0.00046035178)  (0.0000000,5.5237307e-06)  (0.42882180,0.0000000)  (0.0000000,-2.5272872e-05)  (0.0000000,0.00012156873)  (0.0000000,-0.0010788607)  
(0.0000000,1.4387387e-06)  (0.0000000,6.8903176e-05)  (0.0000000,0.00024713793)  (-0.0000000,-3.8460820e-05)  (0.0000000,0.00021082189)  (0.0000000,0.00025285276)  (-0.0000000,-0.0015650963)  (0.0000000,2.5272872e-05)  (0.45008893,0.0000000)  (0.0000000,-3.7839223e-05)  (0.0000000,0.00030175808)  
(-0.0000000,-1.0864233e-05)  (-0.0000000,-1.0028613e-05)  (-0.0000000,-1.4310076e-05)  (-0.0000000,-0.00056424518)  (0.0000000,0.0012777567)  (-0.0000000,-0.00057729688)  (0.0000000,7.9276670e-05)  (-0.0000000,-0.00012156873)  (0.0000000,3.7839223e-05)  (0.45951931,0.0000000)  (0.0000000,0.0057108398)  
(0.0000000,0.00015632230)  (0.0000000,1.7742993e-05)  (0.0000000,0.00048165519)  (-0.0000000,-0.00056177199)  (0.0000000,0.0015690822)  (-0.0000000,-0.0010159269)  (0.0000000,4.7812617e-06)  (0.0000000,0.0010788607)  (-0.0000000,-0.00030175808)  (-0.0000000,-0.0057108398)  (0.46153669,0.0000000)  
