(0.0000000,0.0000000)  (0.0000000,2.0222487e-05)  (0.0000000,-1.2024967e-05)  (0.0000000,-6.3620308e-07)  (0.0000000,2.2655762e-05)  (0.0000000,8.3140101e-05)  (0.0000000,0.00014912442)  (0.0000000,-0.00011202896)  (0.0000000,-0.00020017459)  (0.0000000,7.1422060e-05)  (0.0000000,-5.6984401e-05)  
(-0.0000000,-2.0222487e-05)  (0.20571037,0.0000000)  (0.0000000,1.8008730e-06)  (0.0000000,-1.4264567e-05)  (0.0000000,5.3448234e-06)  (0.0000000,0.00027204802)  (0.0000000,-9.1630031e-05)  (0.0000000,0.00017853846)  (0.0000000,6.4125998e-06)  (0.0000000,5.1013888e-05)  (0.0000000,-3.4141466e-05)  
(0.0000000,1.2024967e-05)  (-0.0000000,-1.8008730e-06)  (0.36734813,0.0000000)  (0.0000000,-1.0450498e-05)  (0.0000000,-0.00042578194)  (0.0000000,-0.00046327005)  (0.0000000,3.7840611e-05)  (0.0000000,-0.00017372353)  (0.0000000,2.8604348e-05)  (0.0000000,3.2688287e-05)  (0.0000000,-4.5773849e-05)  
(0.0000000,6.3620308e-07)  (0.0000000,1.4264567e-05)  (0.0000000,1.0450498e-05)  (0.39846551,0.0000000)  (0.0000000,2.5023727e-05)  (0.0000000,4.2563093e-05)  (0.0000000,-7.1309048e-05)  (0.0000000,-7.1630927e-05)  (0.0000000,-4.1272905e-05)  (0.0000000,1.3624431e-05)  (0.0000000,-7.4606952e-05)  
(-0.0000000,-2.2655762e-05)  (-0.0000000,-5.3448234e-06)  (0.0000000,0.00042578194)  (-0.0000000,-2.5023727e-05)  (0.40212322,0.0000000)  (0.0000000,0.00029921770)  (0.0000000,6.9334290e-05)  (0.0000000,0.00015624982)  (0.0000000,-0.00017306444)  (0.0000000,-3.4249267e-05)  (0.0000000,3.9665625e-06)  
(-0.0000000,-8.3140101e-05)  (-0.0000000,-0.00027204802)  (0.0000000,0.00046327005)  (-0.0000000,-4.2563093e-05)  (-0.0000000,-0.00029921770)  (0.41890559,0.0000000)  (0.0000000,-0.00018388729)  (0.0000000,0.00032685997)  (0.0000000,-0.00029711526)  (0.0000000,-0.00042477301)  (0.0000000,0.00043520525)  
(-0.0000000,-0.00014912442)  (0.0000000,9.1630031e-05)  (-0.0000000,-3.7840611e-05)  (0.0000000,7.1309048e-05)  (-0.0000000,-6.9334290e-05)  (0.0000000,0.00018388729)  (0.43407997,0.0000000)  (0.0000000,-0.00026028224)  (0.0000000,0.00086233781)  (0.0000000,-0.00052393039)  (0.0000000,-0.00034129743)  
(0.0000000,0.00011202896)  (-0.0000000,-0.00017853846)  (0.0000000,0.00017372353)  (0.0000000,7.1630927e-05)  (-0.0000000,-0.00015624982)  (-0.0000000,-0.00032685997)  (0.0000000,0.00026028224)  (0.43509187,0.0000000)  (0.0000000,-0.00078357476)  (0.0000000,-4.0556504e-06)  (0.0000000,-0.00059168137)  
(0.0000000,0.00020017459)  (-0.0000000,-6.4125998e-06)  (-0.0000000,-2.8604348e-05)  (0.0000000,4.1272905e-05)  (0.0000000,0.00017306444)  (0.0000000,0.00029711526)  (-0.0000000,-0.00086233781)  (0.0000000,0.00078357476)  (0.43770277,0.0000000)  (0.0000000,-0.00043181224)  (0.0000000,-5.4920410e-05)  
(-0.0000000,-7.1422060e-05)  (-0.0000000,-5.1013888e-05)  (-0.0000000,-3.2688287e-05)  (-0.0000000,-1.3624431e-05)  (0.0000000,3.4249267e-05)  (0.0000000,0.00042477301)  (0.0000000,0.00052393039)  (0.0000000,4.0556504e-06)  (0.0000000,0.00043181224)  (0.45930433,0.0000000)  (0.0000000,9.3151915e-05)  
(0.0000000,5.6984401e-05)  (0.0000000,3.4141466e-05)  (0.0000000,4.5773849e-05)  (0.0000000,7.4606952e-05)  (-0.0000000,-3.9665625e-06)  (-0.0000000,-0.00043520525)  (0.0000000,0.00034129743)  (0.0000000,0.00059168137)  (0.0000000,5.4920410e-05)  (-0.0000000,-9.3151915e-05)  (0.46191577,0.0000000)  
