(0.0000000,0.0000000)  (0.0000000,-3.3705496e-06)  (0.0000000,7.2540503e-05)  (0.0000000,-7.9682017e-05)  (0.0000000,0.00094422718)  (0.0000000,-0.00042467427)  (0.0000000,-0.00047299522)  (0.0000000,-0.00066192964)  (0.0000000,9.1471665e-05)  (0.0000000,5.4370093e-06)  (0.0000000,3.2982641e-06)  
(0.0000000,3.3705496e-06)  (0.20533332,0.0000000)  (0.0000000,-0.00032267579)  (0.0000000,2.9995918e-05)  (0.0000000,-8.6070478e-05)  (0.0000000,-1.8756420e-05)  (0.0000000,-0.00012371211)  (0.0000000,-3.7235200e-05)  (0.0000000,-0.00056467017)  (0.0000000,0.00020512328)  (0.0000000,-3.5604740e-05)  
(-0.0000000,-7.2540503e-05)  (0.0000000,0.00032267579)  (0.36223163,0.0000000)  (0.0000000,0.00018566020)  (0.0000000,-0.00022265949)  (0.0000000,0.00021721622)  (0.0000000,0.00041089845)  (0.0000000,-0.00065279530)  (0.0000000,-0.00093750491)  (0.0000000,-0.00078835793)  (0.0000000,-0.00011485371)  
(0.0000000,7.9682017e-05)  (-0.0000000,-2.9995918e-05)  (-0.0000000,-0.00018566020)  (0.39347433,0.0000000)  (0.0000000,-0.012760618)  (0.0000000,0.0012299523)  (0.0000000,0.00049718238)  (0.0000000,0.00012757822)  (0.0000000,0.00015889699)  (0.0000000,-5.6661696e-05)  (0.0000000,-2.0379906e-05)  
(-0.0000000,-0.00094422718)  (0.0000000,8.6070478e-05)  (0.0000000,0.00022265949)  (0.0000000,0.012760618)  (0.39704439,0.0000000)  (0.0000000,-0.00026590845)  (0.0000000,0.0014423010)  (0.0000000,0.0014705727)  (0.0000000,-0.00016141885)  (0.0000000,0.00045967621)  (0.0000000,4.6310388e-05)  
(0.0000000,0.00042467427)  (0.0000000,1.8756420e-05)  (-0.0000000,-0.00021721622)  (-0.0000000,-0.0012299523)  (0.0000000,0.00026590845)  (0.41642167,0.0000000)  (0.0000000,-8.1578632e-05)  (0.0000000,0.012163340)  (0.0000000,-0.00019335677)  (0.0000000,-8.6448880e-05)  (0.0000000,-5.7258501e-06)  
(0.0000000,0.00047299522)  (0.0000000,0.00012371211)  (-0.0000000,-0.00041089845)  (-0.0000000,-0.00049718238)  (-0.0000000,-0.0014423010)  (0.0000000,8.1578632e-05)  (0.42125464,0.0000000)  (0.0000000,0.0047265133)  (0.0000000,4.6853904e-05)  (0.0000000,0.00042783724)  (0.0000000,0.00025097004)  
(0.0000000,0.00066192964)  (0.0000000,3.7235200e-05)  (0.0000000,0.00065279530)  (-0.0000000,-0.00012757822)  (-0.0000000,-0.0014705727)  (-0.0000000,-0.012163340)  (-0.0000000,-0.0047265133)  (0.42867149,0.0000000)  (0.0000000,0.00066364400)  (0.0000000,-0.00045328435)  (0.0000000,0.0012197854)  
(-0.0000000,-9.1471665e-05)  (0.0000000,0.00056467017)  (0.0000000,0.00093750491)  (-0.0000000,-0.00015889699)  (0.0000000,0.00016141885)  (0.0000000,0.00019335677)  (-0.0000000,-4.6853904e-05)  (-0.0000000,-0.00066364400)  (0.44497097,0.0000000)  (0.0000000,0.0024404149)  (0.0000000,-2.1797155e-05)  
(-0.0000000,-5.4370093e-06)  (-0.0000000,-0.00020512328)  (0.0000000,0.00078835793)  (0.0000000,5.6661696e-05)  (-0.0000000,-0.00045967621)  (0.0000000,8.6448880e-05)  (-0.0000000,-0.00042783724)  (0.0000000,0.00045328435)  (-0.0000000,-0.0024404149)  (0.45637371,0.0000000)  (0.0000000,-0.00027709468)  
(-0.0000000,-3.2982641e-06)  (0.0000000,3.5604740e-05)  (0.0000000,0.00011485371)  (0.0000000,2.0379906e-05)  (-0.0000000,-4.6310388e-05)  (0.0000000,5.7258501e-06)  (-0.0000000,-0.00025097004)  (-0.0000000,-0.0012197854)  (0.0000000,2.1797155e-05)  (0.0000000,0.00027709468)  (0.46667543,0.0000000)  
