(0.0000000,0.0000000)  (0.0000000,4.6728164e-06)  (0.0000000,3.9811410e-05)  (0.0000000,0.0011800993)  (0.0000000,0.00021330174)  (0.0000000,0.00010197278)  (0.0000000,0.00012826801)  (0.0000000,-2.7295927e-05)  (0.0000000,-4.0839698e-05)  (0.0000000,-6.7520645e-05)  (0.0000000,9.2653102e-06)  
(-0.0000000,-4.6728164e-06)  (0.21595605,0.0000000)  (0.0000000,0.00095676349)  (0.0000000,-5.9360482e-05)  (0.0000000,-1.6263069e-05)  (0.0000000,0.00041632275)  (0.0000000,-5.9099690e-06)  (0.0000000,-0.00065885453)  (0.0000000,-0.00010840390)  (0.0000000,8.7086537e-05)  (0.0000000,-0.00021483629)  
(-0.0000000,-3.9811410e-05)  (-0.0000000,-0.00095676349)  (0.33471004,0.0000000)  (0.0000000,-0.0016613048)  (0.0000000,-0.0014409499)  (0.0000000,0.0032474134)  (0.0000000,-0.0092963989)  (0.0000000,0.0010013220)  (0.0000000,0.00029425043)  (0.0000000,0.00050975413)  (0.0000000,-0.00019209046)  
(-0.0000000,-0.0011800993)  (0.0000000,5.9360482e-05)  (0.0000000,0.0016613048)  (0.38626328,0.0000000)  (0.0000000,-0.0078531976)  (0.0000000,-0.0025979430)  (0.0000000,0.0016904888)  (0.0000000,-0.00030967562)  (0.0000000,0.00027157966)  (0.0000000,0.00012313766)  (0.0000000,-3.4906667e-05)  
(-0.0000000,-0.00021330174)  (0.0000000,1.6263069e-05)  (0.0000000,0.0014409499)  (0.0000000,0.0078531976)  (0.39570707,0.0000000)  (0.0000000,-0.0030805745)  (0.0000000,0.00038366997)  (0.0000000,-0.00028219231)  (0.0000000,7.5672880e-05)  (0.0000000,-0.00028742416)  (0.0000000,-0.00020559414)  
(-0.0000000,-0.00010197278)  (-0.0000000,-0.00041632275)  (-0.0000000,-0.0032474134)  (0.0000000,0.0025979430)  (0.0000000,0.0030805745)  (0.39918158,0.0000000)  (0.0000000,0.016704238)  (0.0000000,0.00044557768)  (0.0000000,-8.1012753e-05)  (0.0000000,-0.0020263611)  (0.0000000,-0.00020352076)  
(-0.0000000,-0.00012826801)  (0.0000000,5.9099690e-06)  (0.0000000,0.0092963989)  (-0.0000000,-0.0016904888)  (-0.0000000,-0.00038366997)  (-0.0000000,-0.016704238)  (0.41043953,0.0000000)  (0.0000000,-0.00021226360)  (0.0000000,-0.00058994907)  (0.0000000,2.1049881e-05)  (0.0000000,0.00047163584)  
(0.0000000,2.7295927e-05)  (0.0000000,0.00065885453)  (-0.0000000,-0.0010013220)  (0.0000000,0.00030967562)  (0.0000000,0.00028219231)  (-0.0000000,-0.00044557768)  (0.0000000,0.00021226360)  (0.42839936,0.0000000)  (0.0000000,8.6219275e-05)  (0.0000000,-0.0012641657)  (0.0000000,-0.00061875625)  
(0.0000000,4.0839698e-05)  (0.0000000,0.00010840390)  (-0.0000000,-0.00029425043)  (-0.0000000,-0.00027157966)  (-0.0000000,-7.5672880e-05)  (0.0000000,8.1012753e-05)  (0.0000000,0.00058994907)  (-0.0000000,-8.6219275e-05)  (0.43138400,0.0000000)  (0.0000000,-0.0015799635)  (0.0000000,3.3777748e-06)  
(0.0000000,6.7520645e-05)  (-0.0000000,-8.7086537e-05)  (-0.0000000,-0.00050975413)  (-0.0000000,-0.00012313766)  (0.0000000,0.00028742416)  (0.0000000,0.0020263611)  (-0.0000000,-2.1049881e-05)  (0.0000000,0.0012641657)  (0.0000000,0.0015799635)  (0.44499927,0.0000000)  (0.0000000,-0.0091114888)  
(-0.0000000,-9.2653102e-06)  (0.0000000,0.00021483629)  (0.0000000,0.00019209046)  (0.0000000,3.4906667e-05)  (0.0000000,0.00020559414)  (0.0000000,0.00020352076)  (-0.0000000,-0.00047163584)  (0.0000000,0.00061875625)  (-0.0000000,-3.3777748e-06)  (0.0000000,0.0091114888)  (0.44954706,0.0000000)  
