(0.0000000,0.0000000)  (0.0000000,2.5569958e-05)  (0.0000000,-2.1393824e-05)  (0.0000000,-0.00013498534)  (0.0000000,0.00015702899)  (0.0000000,-0.00021100462)  (0.0000000,-5.7917688e-05)  (0.0000000,-4.5677130e-05)  (0.0000000,-5.7093023e-05)  (0.0000000,1.3659600e-05)  (0.0000000,-0.00019572037)  
(-0.0000000,-2.5569958e-05)  (0.20460145,0.0000000)  (0.0000000,8.5470865e-05)  (0.0000000,0.00022811802)  (0.0000000,-0.00022904331)  (0.0000000,-0.00031014811)  (0.0000000,0.00034299409)  (0.0000000,-3.1226774e-05)  (0.0000000,0.00011590724)  (0.0000000,0.00020055487)  (0.0000000,2.5635083e-05)  
(0.0000000,2.1393824e-05)  (-0.0000000,-8.5470865e-05)  (0.36518283,0.0000000)  (0.0000000,-0.00084255489)  (0.0000000,0.00065874288)  (0.0000000,-0.00060837499)  (0.0000000,0.00035446896)  (0.0000000,-4.3742416e-05)  (0.0000000,0.00011086932)  (0.0000000,-1.1673925e-06)  (0.0000000,0.00013956365)  
(0.0000000,0.00013498534)  (-0.0000000,-0.00022811802)  (0.0000000,0.00084255489)  (0.39742972,0.0000000)  (0.0000000,-0.00010485273)  (0.0000000,0.00099505999)  (0.0000000,-0.00072280428)  (0.0000000,0.00029827183)  (0.0000000,-0.00049322247)  (0.0000000,-0.00018824419)  (0.0000000,-2.0891654e-06)  
(-0.0000000,-0.00015702899)  (0.0000000,0.00022904331)  (-0.0000000,-0.00065874288)  (0.0000000,0.00010485273)  (0.40088255,0.0000000)  (0.0000000,-0.00095544379)  (0.0000000,0.00047620179)  (0.0000000,7.8180908e-05)  (0.0000000,-0.00012214885)  (0.0000000,0.00051673248)  (0.0000000,0.00022530349)  
(0.0000000,0.00021100462)  (0.0000000,0.00031014811)  (0.0000000,0.00060837499)  (-0.0000000,-0.00099505999)  (0.0000000,0.00095544379)  (0.41904597,0.0000000)  (0.0000000,0.0057623359)  (0.0000000,0.0013579597)  (0.0000000,0.0014306243)  (0.0000000,-0.0083187214)  (0.0000000,0.00011125883)  
(0.0000000,5.7917688e-05)  (-0.0000000,-0.00034299409)  (-0.0000000,-0.00035446896)  (0.0000000,0.00072280428)  (-0.0000000,-0.00047620179)  (-0.0000000,-0.0057623359)  (0.42189721,0.0000000)  (0.0000000,-0.0019924092)  (0.0000000,0.0010453700)  (0.0000000,0.0054121542)  (0.0000000,3.3695861e-05)  
(0.0000000,4.5677130e-05)  (0.0000000,3.1226774e-05)  (0.0000000,4.3742416e-05)  (-0.0000000,-0.00029827183)  (-0.0000000,-7.8180908e-05)  (-0.0000000,-0.0013579597)  (0.0000000,0.0019924092)  (0.43597718,0.0000000)  (0.0000000,-0.0043397531)  (0.0000000,-0.00028049814)  (0.0000000,-7.0891035e-05)  
(0.0000000,5.7093023e-05)  (-0.0000000,-0.00011590724)  (-0.0000000,-0.00011086932)  (0.0000000,0.00049322247)  (0.0000000,0.00012214885)  (-0.0000000,-0.0014306243)  (-0.0000000,-0.0010453700)  (0.0000000,0.0043397531)  (0.44094943,0.0000000)  (0.0000000,0.0018959556)  (0.0000000,-5.6312143e-05)  
(-0.0000000,-1.3659600e-05)  (-0.0000000,-0.00020055487)  (0.0000000,1.1673925e-06)  (0.0000000,0.00018824419)  (-0.0000000,-0.00051673248)  (0.0000000,0.0083187214)  (-0.0000000,-0.0054121542)  (0.0000000,0.00028049814)  (-0.0000000,-0.0018959556)  (0.44592260,0.0000000)  (0.0000000,7.5706083e-05)  
(0.0000000,0.00019572037)  (-0.0000000,-2.5635083e-05)  (-0.0000000,-0.00013956365)  (0.0000000,2.0891654e-06)  (-0.0000000,-0.00022530349)  (-0.0000000,-0.00011125883)  (-0.0000000,-3.3695861e-05)  (0.0000000,7.0891035e-05)  (0.0000000,5.6312143e-05)  (-0.0000000,-7.5706083e-05)  (0.46986090,0.0000000)  
