(0.0000000,0.0000000)  (0.0000000,-0.00011694704)  (0.0000000,0.00010930610)  (0.0000000,0.00016136602)  (0.0000000,-6.9213178e-05)  (0.0000000,-0.00039129040)  (0.0000000,9.3438467e-06)  (0.0000000,2.3187559e-05)  (0.0000000,0.00014826209)  (0.0000000,1.7043252e-05)  (0.0000000,-0.00017863775)  
(0.0000000,0.00011694704)  (0.22750854,0.0000000)  (0.0000000,0.00054424181)  (0.0000000,0.00039165231)  (0.0000000,-3.8426624e-06)  (0.0000000,0.00032503480)  (0.0000000,-7.5283501e-05)  (0.0000000,-4.0914538e-06)  (0.0000000,0.00012125867)  (0.0000000,-0.00039218607)  (0.0000000,-4.7776539e-05)  
(-0.0000000,-0.00010930610)  (-0.0000000,-0.00054424181)  (0.33798611,0.0000000)  (0.0000000,7.6337757e-05)  (0.0000000,-3.0491195e-05)  (0.0000000,0.00019106271)  (0.0000000,0.0011766135)  (0.0000000,0.00026750009)  (0.0000000,-0.00015109737)  (0.0000000,0.00027905084)  (0.0000000,8.6227067e-05)  
(-0.0000000,-0.00016136602)  (-0.0000000,-0.00039165231)  (-0.0000000,-7.6337757e-05)  (0.36242053,0.0000000)  (0.0000000,-0.0060741221)  (0.0000000,-0.0040143581)  (0.0000000,-0.00010145360)  (0.0000000,7.8249487e-05)  (0.0000000,-0.00044713642)  (0.0000000,3.4594410e-06)  (0.0000000,0.00016167861)  
(0.0000000,6.9213178e-05)  (0.0000000,3.8426624e-06)  (0.0000000,3.0491195e-05)  (0.0000000,0.0060741221)  (0.37230569,0.0000000)  (0.0000000,-0.0068134167)  (0.0000000,0.00043996049)  (0.0000000,0.00012089316)  (0.0000000,0.0010604813)  (0.0000000,-0.00082978199)  (0.0000000,-0.00039385320)  
(0.0000000,0.00039129040)  (-0.0000000,-0.00032503480)  (-0.0000000,-0.00019106271)  (0.0000000,0.0040143581)  (0.0000000,0.0068134167)  (0.37618445,0.0000000)  (0.0000000,2.4441529e-05)  (0.0000000,-8.5658727e-05)  (0.0000000,6.9697729e-05)  (0.0000000,-0.00073986060)  (0.0000000,-0.00020518789)  
(-0.0000000,-9.3438467e-06)  (0.0000000,7.5283501e-05)  (-0.0000000,-0.0011766135)  (0.0000000,0.00010145360)  (-0.0000000,-0.00043996049)  (-0.0000000,-2.4441529e-05)  (0.42691356,0.0000000)  (0.0000000,-0.00019576764)  (0.0000000,0.0010869195)  (0.0000000,-0.0034592307)  (0.0000000,0.0013982719)  
(-0.0000000,-2.3187559e-05)  (0.0000000,4.0914538e-06)  (-0.0000000,-0.00026750009)  (-0.0000000,-7.8249487e-05)  (-0.0000000,-0.00012089316)  (0.0000000,8.5658727e-05)  (0.0000000,0.00019576764)  (0.43045956,0.0000000)  (0.0000000,0.00029300643)  (0.0000000,-0.00080538965)  (0.0000000,0.00024715633)  
(-0.0000000,-0.00014826209)  (-0.0000000,-0.00012125867)  (0.0000000,0.00015109737)  (0.0000000,0.00044713642)  (-0.0000000,-0.0010604813)  (-0.0000000,-6.9697729e-05)  (-0.0000000,-0.0010869195)  (-0.0000000,-0.00029300643)  (0.43766712,0.0000000)  (0.0000000,-0.0074912860)  (0.0000000,-9.3488482e-05)  
(-0.0000000,-1.7043252e-05)  (0.0000000,0.00039218607)  (-0.0000000,-0.00027905084)  (-0.0000000,-3.4594410e-06)  (0.0000000,0.00082978199)  (0.0000000,0.00073986060)  (0.0000000,0.0034592307)  (0.0000000,0.00080538965)  (0.0000000,0.0074912860)  (0.44169950,0.0000000)  (0.0000000,-0.0032993027)  
(0.0000000,0.00017863775)  (0.0000000,4.7776539e-05)  (-0.0000000,-8.6227067e-05)  (-0.0000000,-0.00016167861)  (0.0000000,0.00039385320)  (0.0000000,0.00020518789)  (-0.0000000,-0.0013982719)  (-0.0000000,-0.00024715633)  (0.0000000,9.3488482e-05)  (0.0000000,0.0032993027)  (0.44953089,0.0000000)  
