(0.0000000,0.0000000)  (0.0000000,-1.7278609e-05)  (0.0000000,9.3403772e-05)  (0.0000000,0.00015403985)  (0.0000000,-0.00036120558)  (0.0000000,-8.5243157e-05)  (0.0000000,8.5271924e-05)  (0.0000000,0.00051047215)  (0.0000000,0.00010025273)  (0.0000000,0.00019623448)  (0.0000000,2.1371966e-05)  
(0.0000000,1.7278609e-05)  (0.20363456,0.0000000)  (0.0000000,-0.00056332432)  (0.0000000,-6.4107932e-05)  (0.0000000,5.1665964e-05)  (0.0000000,-0.00016640412)  (0.0000000,0.00042394872)  (0.0000000,-4.0506172e-06)  (0.0000000,-2.7681398e-05)  (0.0000000,-0.00017572353)  (0.0000000,3.4875499e-05)  
(-0.0000000,-9.3403772e-05)  (0.0000000,0.00056332432)  (0.35515839,0.0000000)  (0.0000000,0.0024289597)  (0.0000000,-0.00033650726)  (0.0000000,0.00019516867)  (0.0000000,-0.00097330627)  (0.0000000,0.00024490836)  (0.0000000,3.3092911e-05)  (0.0000000,0.00015823212)  (0.0000000,0.00040218547)  
(-0.0000000,-0.00015403985)  (0.0000000,6.4107932e-05)  (-0.0000000,-0.0024289597)  (0.36283690,0.0000000)  (0.0000000,-0.00029264553)  (0.0000000,-0.0010492835)  (0.0000000,0.00090499931)  (0.0000000,0.00012810539)  (0.0000000,8.1038273e-06)  (0.0000000,-3.8306458e-05)  (0.0000000,-0.00018382325)  
(0.0000000,0.00036120558)  (-0.0000000,-5.1665964e-05)  (0.0000000,0.00033650726)  (0.0000000,0.00029264553)  (0.39234097,0.0000000)  (0.0000000,-0.0081699908)  (0.0000000,0.00091031437)  (0.0000000,0.00020235226)  (0.0000000,0.00010676994)  (0.0000000,0.00023341706)  (0.0000000,8.3920883e-05)  
(0.0000000,8.5243157e-05)  (0.0000000,0.00016640412)  (-0.0000000,-0.00019516867)  (0.0000000,0.0010492835)  (0.0000000,0.0081699908)  (0.39607916,0.0000000)  (0.0000000,-0.00069851846)  (0.0000000,0.00029127055)  (0.0000000,4.2166917e-05)  (0.0000000,-0.00021403654)  (0.0000000,9.6868484e-05)  
(-0.0000000,-8.5271924e-05)  (-0.0000000,-0.00042394872)  (0.0000000,0.00097330627)  (-0.0000000,-0.00090499931)  (-0.0000000,-0.00091031437)  (0.0000000,0.00069851846)  (0.41281890,0.0000000)  (0.0000000,-0.0018800899)  (0.0000000,-0.00015218577)  (0.0000000,-0.00013924713)  (0.0000000,0.00042144755)  
(-0.0000000,-0.00051047215)  (0.0000000,4.0506172e-06)  (-0.0000000,-0.00024490836)  (-0.0000000,-0.00012810539)  (-0.0000000,-0.00020235226)  (-0.0000000,-0.00029127055)  (0.0000000,0.0018800899)  (0.42040756,0.0000000)  (0.0000000,3.0528001e-05)  (0.0000000,9.4977658e-05)  (0.0000000,-0.00074530399)  
(-0.0000000,-0.00010025273)  (0.0000000,2.7681398e-05)  (-0.0000000,-3.3092911e-05)  (-0.0000000,-8.1038273e-06)  (-0.0000000,-0.00010676994)  (-0.0000000,-4.2166917e-05)  (0.0000000,0.00015218577)  (-0.0000000,-3.0528001e-05)  (0.42787421,0.0000000)  (0.0000000,2.8465685e-05)  (0.0000000,0.00016601245)  
(-0.0000000,-0.00019623448)  (0.0000000,0.00017572353)  (-0.0000000,-0.00015823212)  (0.0000000,3.8306458e-05)  (-0.0000000,-0.00023341706)  (0.0000000,0.00021403654)  (0.0000000,0.00013924713)  (-0.0000000,-9.4977658e-05)  (-0.0000000,-2.8465685e-05)  (0.44849252,0.0000000)  (0.0000000,0.0015647397)  
(-0.0000000,-2.1371966e-05)  (-0.0000000,-3.4875499e-05)  (-0.0000000,-0.00040218547)  (0.0000000,0.00018382325)  (-0.0000000,-8.3920883e-05)  (-0.0000000,-9.6868484e-05)  (-0.0000000,-0.00042144755)  (0.0000000,0.00074530399)  (-0.0000000,-0.00016601245)  (-0.0000000,-0.0015647397)  (0.45534784,0.0000000)  
