(0.0000000,0.0000000)  (0.0000000,-4.0315365e-05)  (0.0000000,1.2439714e-05)  (0.0000000,-0.00030518995)  (0.0000000,1.7307314e-06)  (0.0000000,-1.8080918e-06)  (0.0000000,0.00027777235)  (0.0000000,0.00013541385)  (0.0000000,-9.7892577e-05)  (0.0000000,7.0673671e-05)  (0.0000000,-1.2357185e-05)  
(0.0000000,4.0315365e-05)  (0.21184521,0.0000000)  (0.0000000,5.7568086e-06)  (0.0000000,-0.00011908710)  (0.0000000,-0.00021375348)  (0.0000000,-0.00010301799)  (0.0000000,9.3550130e-05)  (0.0000000,-4.1776977e-05)  (0.0000000,0.00022450269)  (0.0000000,-1.3764772e-05)  (0.0000000,-5.8339731e-06)  
(-0.0000000,-1.2439714e-05)  (-0.0000000,-5.7568086e-06)  (0.35232241,0.0000000)  (0.0000000,-1.0113963e-05)  (0.0000000,1.6619523e-05)  (0.0000000,-0.00030136355)  (0.0000000,-7.3741464e-06)  (0.0000000,-7.0410865e-05)  (0.0000000,1.4912760e-05)  (0.0000000,8.4875850e-05)  (0.0000000,-3.4609555e-06)  
(0.0000000,0.00030518995)  (0.0000000,0.00011908710)  (0.0000000,1.0113963e-05)  (0.38766161,0.0000000)  (0.0000000,-0.00068291208)  (0.0000000,0.00080819209)  (0.0000000,0.00076046116)  (0.0000000,-0.00056800024)  (0.0000000,-1.6330241e-05)  (0.0000000,-0.00023069752)  (0.0000000,-2.4470965e-05)  
(-0.0000000,-1.7307314e-06)  (0.0000000,0.00021375348)  (-0.0000000,-1.6619523e-05)  (0.0000000,0.00068291208)  (0.40855996,0.0000000)  (0.0000000,0.013398656)  (0.0000000,0.0015731425)  (0.0000000,0.0015797470)  (0.0000000,0.00068008183)  (0.0000000,-0.0043226483)  (0.0000000,-0.00057516131)  
(0.0000000,1.8080918e-06)  (0.0000000,0.00010301799)  (0.0000000,0.00030136355)  (-0.0000000,-0.00080819209)  (-0.0000000,-0.013398656)  (0.41327809,0.0000000)  (0.0000000,-0.00015712244)  (0.0000000,0.00030282931)  (0.0000000,-0.00051004209)  (0.0000000,-0.00042620904)  (0.0000000,-9.3167828e-05)  
(-0.0000000,-0.00027777235)  (-0.0000000,-9.3550130e-05)  (0.0000000,7.3741464e-06)  (-0.0000000,-0.00076046116)  (-0.0000000,-0.0015731425)  (0.0000000,0.00015712244)  (0.41682941,0.0000000)  (0.0000000,-0.00056632325)  (0.0000000,-0.00030114546)  (0.0000000,0.0011352098)  (0.0000000,0.00077870442)  
(-0.0000000,-0.00013541385)  (0.0000000,4.1776977e-05)  (0.0000000,7.0410865e-05)  (0.0000000,0.00056800024)  (-0.0000000,-0.0015797470)  (-0.0000000,-0.00030282931)  (0.0000000,0.00056632325)  (0.43038183,0.0000000)  (0.0000000,0.0019149665)  (0.0000000,-0.0019559553)  (0.0000000,-0.00080053492)  
(0.0000000,9.7892577e-05)  (-0.0000000,-0.00022450269)  (-0.0000000,-1.4912760e-05)  (0.0000000,1.6330241e-05)  (-0.0000000,-0.00068008183)  (0.0000000,0.00051004209)  (0.0000000,0.00030114546)  (-0.0000000,-0.0019149665)  (0.43767612,0.0000000)  (0.0000000,0.00074583662)  (0.0000000,0.00014805115)  
(-0.0000000,-7.0673671e-05)  (0.0000000,1.3764772e-05)  (-0.0000000,-8.4875850e-05)  (0.0000000,0.00023069752)  (0.0000000,0.0043226483)  (0.0000000,0.00042620904)  (-0.0000000,-0.0011352098)  (0.0000000,0.0019559553)  (-0.0000000,-0.00074583662)  (0.44368233,0.0000000)  (0.0000000,0.00099542023)  
(0.0000000,1.2357185e-05)  (0.0000000,5.8339731e-06)  (0.0000000,3.4609555e-06)  (0.0000000,2.4470965e-05)  (0.0000000,0.00057516131)  (0.0000000,9.3167828e-05)  (-0.0000000,-0.00077870442)  (0.0000000,0.00080053492)  (-0.0000000,-0.00014805115)  (-0.0000000,-0.00099542023)  (0.45081732,0.0000000)  
