(0.0000000,0.0000000)  (0.0000000,3.8094239e-05)  (0.0000000,-2.2820174e-05)  (0.0000000,0.00058461701)  (0.0000000,-0.00013030756)  (0.0000000,-8.7534816e-05)  (0.0000000,0.00010515157)  (0.0000000,-0.00020362620)  (0.0000000,-6.3646572e-05)  (0.0000000,8.2415978e-06)  (0.0000000,0.00021965641)  
(-0.0000000,-3.8094239e-05)  (0.21068061,0.0000000)  (0.0000000,-9.8492717e-06)  (0.0000000,2.6936576e-05)  (0.0000000,-0.00043970953)  (0.0000000,0.00012643227)  (0.0000000,-0.00012470976)  (0.0000000,0.00019800522)  (0.0000000,0.00010861537)  (0.0000000,-2.9759996e-05)  (0.0000000,5.6738588e-05)  
(0.0000000,2.2820174e-05)  (0.0000000,9.8492717e-06)  (0.34904855,0.0000000)  (0.0000000,-0.00011771341)  (0.0000000,-0.0015071609)  (0.0000000,0.00016895455)  (0.0000000,0.0032848353)  (0.0000000,0.00026817637)  (0.0000000,0.00065931607)  (0.0000000,0.0016147156)  (0.0000000,-0.00071609188)  
(-0.0000000,-0.00058461701)  (-0.0000000,-2.6936576e-05)  (0.0000000,0.00011771341)  (0.39525817,0.0000000)  (0.0000000,-0.0023044775)  (0.0000000,-5.0805369e-05)  (0.0000000,-0.0010057581)  (0.0000000,-0.00041260991)  (0.0000000,-0.00058328381)  (0.0000000,7.9353909e-05)  (0.0000000,0.00010069217)  
(0.0000000,0.00013030756)  (0.0000000,0.00043970953)  (0.0000000,0.0015071609)  (0.0000000,0.0023044775)  (0.40218404,0.0000000)  (0.0000000,-0.0042648080)  (0.0000000,-0.00095912258)  (0.0000000,-0.0010996434)  (0.0000000,-0.00081217533)  (0.0000000,-8.6258441e-05)  (0.0000000,-0.00018439763)  
(0.0000000,8.7534816e-05)  (-0.0000000,-0.00012643227)  (-0.0000000,-0.00016895455)  (0.0000000,5.0805369e-05)  (0.0000000,0.0042648080)  (0.41413564,0.0000000)  (0.0000000,-0.015222911)  (0.0000000,0.0010570306)  (0.0000000,-0.0061586140)  (0.0000000,-0.0011562976)  (0.0000000,0.00072967503)  
(-0.0000000,-0.00010515157)  (0.0000000,0.00012470976)  (-0.0000000,-0.0032848353)  (0.0000000,0.0010057581)  (0.0000000,0.00095912258)  (0.0000000,0.015222911)  (0.42340689,0.0000000)  (0.0000000,-0.00041866670)  (0.0000000,-0.0021179317)  (0.0000000,0.0016510959)  (0.0000000,-0.00086062256)  
(0.0000000,0.00020362620)  (-0.0000000,-0.00019800522)  (-0.0000000,-0.00026817637)  (0.0000000,0.00041260991)  (0.0000000,0.0010996434)  (-0.0000000,-0.0010570306)  (0.0000000,0.00041866670)  (0.42691485,0.0000000)  (0.0000000,0.00023634755)  (0.0000000,0.00080801595)  (0.0000000,0.0021256377)  
(0.0000000,6.3646572e-05)  (-0.0000000,-0.00010861537)  (-0.0000000,-0.00065931607)  (0.0000000,0.00058328381)  (0.0000000,0.00081217533)  (0.0000000,0.0061586140)  (0.0000000,0.0021179317)  (-0.0000000,-0.00023634755)  (0.44710724,0.0000000)  (0.0000000,0.0015525169)  (0.0000000,0.0010643510)  
(-0.0000000,-8.2415978e-06)  (0.0000000,2.9759996e-05)  (-0.0000000,-0.0016147156)  (-0.0000000,-7.9353909e-05)  (0.0000000,8.6258441e-05)  (0.0000000,0.0011562976)  (-0.0000000,-0.0016510959)  (-0.0000000,-0.00080801595)  (-0.0000000,-0.0015525169)  (0.45762063,0.0000000)  (0.0000000,-0.0013465358)  
(-0.0000000,-0.00021965641)  (-0.0000000,-5.6738588e-05)  (0.0000000,0.00071609188)  (-0.0000000,-0.00010069217)  (0.0000000,0.00018439763)  (-0.0000000,-0.00072967503)  (0.0000000,0.00086062256)  (-0.0000000,-0.0021256377)  (-0.0000000,-0.0010643510)  (0.0000000,0.0013465358)  (0.46040241,0.0000000)  
