(0.0000000,0.0000000)  (0.0000000,-4.2021285e-05)  (0.0000000,-1.2324863e-05)  (0.0000000,4.3925020e-05)  (0.0000000,-6.9967113e-05)  (0.0000000,-0.00018992962)  (0.0000000,-6.6847913e-05)  (0.0000000,6.5387279e-05)  (0.0000000,-0.00011231249)  (0.0000000,0.00010893598)  (0.0000000,-9.2867373e-05)  
(0.0000000,4.2021285e-05)  (0.21041435,0.0000000)  (0.0000000,-0.00013173788)  (0.0000000,2.6301080e-05)  (0.0000000,1.8254512e-05)  (0.0000000,7.4443495e-05)  (0.0000000,3.6744306e-05)  (0.0000000,0.00034299893)  (0.0000000,-0.00018662439)  (0.0000000,-0.00019668042)  (0.0000000,-1.3708898e-05)  
(0.0000000,1.2324863e-05)  (0.0000000,0.00013173788)  (0.34838337,0.0000000)  (0.0000000,-0.00015281736)  (0.0000000,-0.00019107943)  (0.0000000,-9.4349795e-06)  (0.0000000,0.00012464177)  (0.0000000,0.00019289993)  (0.0000000,-5.3322672e-05)  (0.0000000,-1.9877999e-05)  (0.0000000,-9.8338976e-05)  
(-0.0000000,-4.3925020e-05)  (-0.0000000,-2.6301080e-05)  (0.0000000,0.00015281736)  (0.38169398,0.0000000)  (0.0000000,0.010588817)  (0.0000000,-0.00025755370)  (0.0000000,-0.00061562099)  (0.0000000,0.0029536896)  (0.0000000,0.0050299396)  (0.0000000,7.6234366e-05)  (0.0000000,6.0574026e-05)  
(0.0000000,6.9967113e-05)  (-0.0000000,-1.8254512e-05)  (0.0000000,0.00019107943)  (-0.0000000,-0.010588817)  (0.38592481,0.0000000)  (0.0000000,-7.6764993e-05)  (0.0000000,-0.00055366315)  (0.0000000,0.0031951667)  (0.0000000,0.0054556059)  (0.0000000,5.2086943e-05)  (0.0000000,-0.00035578542)  
(0.0000000,0.00018992962)  (-0.0000000,-7.4443495e-05)  (0.0000000,9.4349795e-06)  (0.0000000,0.00025755370)  (0.0000000,7.6764993e-05)  (0.40224376,0.0000000)  (0.0000000,-0.0050553501)  (0.0000000,0.00055861002)  (0.0000000,-0.0011272118)  (0.0000000,3.7758266e-05)  (0.0000000,0.00069799363)  
(0.0000000,6.6847913e-05)  (-0.0000000,-3.6744306e-05)  (-0.0000000,-0.00012464177)  (0.0000000,0.00061562099)  (0.0000000,0.00055366315)  (0.0000000,0.0050553501)  (0.40623865,0.0000000)  (0.0000000,0.00036025504)  (0.0000000,2.0374062e-05)  (0.0000000,0.00072948894)  (0.0000000,-0.00030879479)  
(-0.0000000,-6.5387279e-05)  (-0.0000000,-0.00034299893)  (-0.0000000,-0.00019289993)  (-0.0000000,-0.0029536896)  (-0.0000000,-0.0031951667)  (-0.0000000,-0.00055861002)  (-0.0000000,-0.00036025504)  (0.42069200,0.0000000)  (0.0000000,-9.6688012e-05)  (0.0000000,4.3657583e-05)  (0.0000000,0.00058691102)  
(0.0000000,0.00011231249)  (0.0000000,0.00018662439)  (0.0000000,5.3322672e-05)  (-0.0000000,-0.0050299396)  (-0.0000000,-0.0054556059)  (0.0000000,0.0011272118)  (-0.0000000,-2.0374062e-05)  (0.0000000,9.6688012e-05)  (0.43050880,0.0000000)  (0.0000000,4.2855697e-05)  (0.0000000,-0.00096264305)  
(-0.0000000,-0.00010893598)  (0.0000000,0.00019668042)  (0.0000000,1.9877999e-05)  (-0.0000000,-7.6234366e-05)  (-0.0000000,-5.2086943e-05)  (-0.0000000,-3.7758266e-05)  (-0.0000000,-0.00072948894)  (-0.0000000,-4.3657583e-05)  (-0.0000000,-4.2855697e-05)  (0.44015288,0.0000000)  (0.0000000,0.00074755807)  
(0.0000000,9.2867373e-05)  (0.0000000,1.3708898e-05)  (0.0000000,9.8338976e-05)  (-0.0000000,-6.0574026e-05)  (0.0000000,0.00035578542)  (-0.0000000,-0.00069799363)  (0.0000000,0.00030879479)  (-0.0000000,-0.00058691102)  (0.0000000,0.00096264305)  (-0.0000000,-0.00074755807)  (0.45146779,0.0000000)  
