(0.0000000,0.0000000)  (0.0000000,9.8735087e-05)  (0.0000000,0.00010735000)  (0.0000000,8.7622368e-07)  (0.0000000,0.00016573655)  (0.0000000,3.2181068e-06)  (0.0000000,5.9851334e-05)  (0.0000000,-0.00012743431)  (0.0000000,6.6041617e-05)  (0.0000000,0.00031304628)  (0.0000000,-0.00013583770)  
(-0.0000000,-9.8735087e-05)  (0.15044504,0.0000000)  (0.0000000,0.00083552846)  (0.0000000,9.3691604e-05)  (0.0000000,0.00036594781)  (0.0000000,-8.0069418e-05)  (0.0000000,3.7120855e-05)  (0.0000000,1.9757206e-06)  (0.0000000,-0.00012688269)  (0.0000000,-0.00011667594)  (0.0000000,-3.4794873e-07)  
(-0.0000000,-0.00010735000)  (-0.0000000,-0.00083552846)  (0.28421962,0.0000000)  (0.0000000,1.9416475e-05)  (0.0000000,0.0022613403)  (0.0000000,0.0010900932)  (0.0000000,-0.00032504556)  (0.0000000,-0.00081553043)  (0.0000000,5.2269221e-06)  (0.0000000,1.8881560e-05)  (0.0000000,8.4915490e-07)  
(-0.0000000,-8.7622368e-07)  (-0.0000000,-9.3691604e-05)  (-0.0000000,-1.9416475e-05)  (0.28754823,0.0000000)  (0.0000000,0.00026156240)  (0.0000000,-6.3543873e-06)  (0.0000000,-0.00025887623)  (0.0000000,-0.00023781471)  (0.0000000,0.00011871472)  (0.0000000,-0.00011437098)  (0.0000000,1.6150820e-07)  
(-0.0000000,-0.00016573655)  (-0.0000000,-0.00036594781)  (-0.0000000,-0.0022613403)  (-0.0000000,-0.00026156240)  (0.32542869,0.0000000)  (0.0000000,0.00015063915)  (0.0000000,5.4183473e-05)  (0.0000000,0.00017112926)  (0.0000000,0.00081698667)  (0.0000000,4.8661780e-05)  (0.0000000,3.4820931e-05)  
(-0.0000000,-3.2181068e-06)  (0.0000000,8.0069418e-05)  (-0.0000000,-0.0010900932)  (0.0000000,6.3543873e-06)  (-0.0000000,-0.00015063915)  (0.35497097,0.0000000)  (0.0000000,-0.00016131050)  (0.0000000,0.00047369370)  (0.0000000,0.00082601410)  (0.0000000,-0.00016004532)  (0.0000000,-1.3646559e-05)  
(-0.0000000,-5.9851334e-05)  (-0.0000000,-3.7120855e-05)  (0.0000000,0.00032504556)  (0.0000000,0.00025887623)  (-0.0000000,-5.4183473e-05)  (0.0000000,0.00016131050)  (0.37640660,0.0000000)  (0.0000000,-0.00034845810)  (0.0000000,-0.00032756455)  (0.0000000,0.00048615538)  (0.0000000,0.00019413084)  
(0.0000000,0.00012743431)  (-0.0000000,-1.9757206e-06)  (0.0000000,0.00081553043)  (0.0000000,0.00023781471)  (-0.0000000,-0.00017112926)  (-0.0000000,-0.00047369370)  (0.0000000,0.00034845810)  (0.37900279,0.0000000)  (0.0000000,-0.00052489462)  (0.0000000,-0.00059649754)  (0.0000000,-0.00025127455)  
(-0.0000000,-6.6041617e-05)  (0.0000000,0.00012688269)  (-0.0000000,-5.2269221e-06)  (-0.0000000,-0.00011871472)  (-0.0000000,-0.00081698667)  (-0.0000000,-0.00082601410)  (0.0000000,0.00032756455)  (0.0000000,0.00052489462)  (0.39380361,0.0000000)  (0.0000000,-2.8254564e-06)  (0.0000000,4.5403655e-05)  
(-0.0000000,-0.00031304628)  (0.0000000,0.00011667594)  (-0.0000000,-1.8881560e-05)  (0.0000000,0.00011437098)  (-0.0000000,-4.8661780e-05)  (0.0000000,0.00016004532)  (-0.0000000,-0.00048615538)  (0.0000000,0.00059649754)  (0.0000000,2.8254564e-06)  (0.41872809,0.0000000)  (0.0000000,-9.7679694e-05)  
(0.0000000,0.00013583770)  (0.0000000,3.4794873e-07)  (-0.0000000,-8.4915490e-07)  (-0.0000000,-1.6150820e-07)  (-0.0000000,-3.4820931e-05)  (0.0000000,1.3646559e-05)  (-0.0000000,-0.00019413084)  (0.0000000,0.00025127455)  (-0.0000000,-4.5403655e-05)  (0.0000000,9.7679694e-05)  (0.43505494,0.0000000)  
