(0.0000000,0.0000000)  (0.0000000,0.00024673046)  (0.0000000,0.00043081244)  (0.0000000,0.00069666626)  (0.0000000,-1.4176517e-05)  (0.0000000,-0.00032093257)  (0.0000000,-0.00030598577)  (0.0000000,-6.5121760e-05)  (0.0000000,1.0552077e-05)  (0.0000000,-5.5593332e-06)  (0.0000000,7.9242830e-05)  
(-0.0000000,-0.00024673046)  (0.24457003,0.0000000)  (0.0000000,0.00033371356)  (0.0000000,6.0617662e-05)  (0.0000000,-2.3674419e-05)  (0.0000000,0.00098471245)  (0.0000000,-0.0010009057)  (0.0000000,-4.1139638e-05)  (0.0000000,-1.8363229e-05)  (0.0000000,7.2703526e-05)  (0.0000000,0.00020443327)  
(-0.0000000,-0.00043081244)  (-0.0000000,-0.00033371356)  (0.32328580,0.0000000)  (0.0000000,-0.0028322481)  (0.0000000,-9.7133715e-05)  (0.0000000,0.00043104611)  (0.0000000,0.0057551907)  (0.0000000,9.0338280e-05)  (0.0000000,0.00014790662)  (0.0000000,-0.00032336500)  (0.0000000,0.00066742111)  
(-0.0000000,-0.00069666626)  (-0.0000000,-6.0617662e-05)  (0.0000000,0.0028322481)  (0.33950516,0.0000000)  (0.0000000,3.3833103e-05)  (0.0000000,0.00069972547)  (0.0000000,-0.0043368980)  (0.0000000,-0.00017621979)  (0.0000000,-0.00063653128)  (0.0000000,0.00031609485)  (0.0000000,-4.2382236e-05)  
(0.0000000,1.4176517e-05)  (0.0000000,2.3674419e-05)  (0.0000000,9.7133715e-05)  (-0.0000000,-3.3833103e-05)  (0.36670905,0.0000000)  (0.0000000,1.4953179e-05)  (0.0000000,-6.6256686e-05)  (0.0000000,0.0039263874)  (0.0000000,0.00039418345)  (0.0000000,0.00026041721)  (0.0000000,0.00026112000)  
(0.0000000,0.00032093257)  (-0.0000000,-0.00098471245)  (-0.0000000,-0.00043104611)  (-0.0000000,-0.00069972547)  (-0.0000000,-1.4953179e-05)  (0.37243523,0.0000000)  (0.0000000,0.00027371578)  (0.0000000,-6.0727203e-05)  (0.0000000,0.00068775987)  (0.0000000,7.4056966e-05)  (0.0000000,0.0015304788)  
(0.0000000,0.00030598577)  (0.0000000,0.0010009057)  (-0.0000000,-0.0057551907)  (0.0000000,0.0043368980)  (0.0000000,6.6256686e-05)  (-0.0000000,-0.00027371578)  (0.41009904,0.0000000)  (0.0000000,3.1485526e-06)  (0.0000000,0.0011276052)  (0.0000000,-7.1443317e-05)  (0.0000000,-0.0011742289)  
(0.0000000,6.5121760e-05)  (0.0000000,4.1139638e-05)  (-0.0000000,-9.0338280e-05)  (0.0000000,0.00017621979)  (-0.0000000,-0.0039263874)  (0.0000000,6.0727203e-05)  (-0.0000000,-3.1485526e-06)  (0.41923505,0.0000000)  (0.0000000,-0.0015496838)  (0.0000000,0.00035167956)  (0.0000000,0.00077558176)  
(-0.0000000,-1.0552077e-05)  (0.0000000,1.8363229e-05)  (-0.0000000,-0.00014790662)  (0.0000000,0.00063653128)  (-0.0000000,-0.00039418345)  (-0.0000000,-0.00068775987)  (-0.0000000,-0.0011276052)  (0.0000000,0.0015496838)  (0.43560527,0.0000000)  (0.0000000,-0.0030826188)  (0.0000000,0.00029095281)  
(0.0000000,5.5593332e-06)  (-0.0000000,-7.2703526e-05)  (0.0000000,0.00032336500)  (-0.0000000,-0.00031609485)  (-0.0000000,-0.00026041721)  (-0.0000000,-7.4056966e-05)  (0.0000000,7.1443317e-05)  (-0.0000000,-0.00035167956)  (0.0000000,0.0030826188)  (0.44011833,0.0000000)  (0.0000000,-0.0012188667)  
(-0.0000000,-7.9242830e-05)  (-0.0000000,-0.00020443327)  (-0.0000000,-0.00066742111)  (0.0000000,4.2382236e-05)  (-0.0000000,-0.00026112000)  (-0.0000000,-0.0015304788)  (0.0000000,0.0011742289)  (-0.0000000,-0.00077558176)  (-0.0000000,-0.00029095281)  (0.0000000,0.0012188667)  (0.44747088,0.0000000)  
