(0.0000000,0.0000000)  (0.0000000,-2.9274423e-06)  (0.0000000,-3.4981295e-05)  (0.0000000,8.8552084e-06)  (0.0000000,4.2670129e-05)  (0.0000000,1.6673358e-05)  (0.0000000,-8.5789784e-05)  (0.0000000,0.00034321359)  (0.0000000,-6.2220856e-05)  (0.0000000,-0.00012636417)  (0.0000000,-5.7791408e-05)  
(0.0000000,2.9274423e-06)  (0.20258829,0.0000000)  (0.0000000,1.8674683e-05)  (0.0000000,0.00024579755)  (0.0000000,0.00011867327)  (0.0000000,-4.0567250e-05)  (0.0000000,6.6052271e-05)  (0.0000000,-1.4903467e-05)  (0.0000000,-1.0553323e-05)  (0.0000000,7.6321816e-06)  (0.0000000,3.1749615e-05)  
(0.0000000,3.4981295e-05)  (-0.0000000,-1.8674683e-05)  (0.36174617,0.0000000)  (0.0000000,0.0013704170)  (0.0000000,-0.00012186686)  (0.0000000,0.00014726938)  (0.0000000,0.00079651776)  (0.0000000,-0.00013486094)  (0.0000000,1.2545950e-05)  (0.0000000,0.00089248124)  (0.0000000,0.00013071850)  
(-0.0000000,-8.8552084e-06)  (-0.0000000,-0.00024579755)  (-0.0000000,-0.0013704170)  (0.36545019,0.0000000)  (0.0000000,-7.4054285e-05)  (0.0000000,-7.9272690e-05)  (0.0000000,-0.00050045247)  (0.0000000,-1.0989293e-06)  (0.0000000,-8.5991910e-06)  (0.0000000,-2.4573319e-05)  (0.0000000,-5.9610266e-06)  
(-0.0000000,-4.2670129e-05)  (-0.0000000,-0.00011867327)  (0.0000000,0.00012186686)  (0.0000000,7.4054285e-05)  (0.39185072,0.0000000)  (0.0000000,-0.0016803744)  (0.0000000,0.00020241325)  (0.0000000,1.8248340e-05)  (0.0000000,0.00017161453)  (0.0000000,0.00020259984)  (0.0000000,-5.3952449e-05)  
(-0.0000000,-1.6673358e-05)  (0.0000000,4.0567250e-05)  (-0.0000000,-0.00014726938)  (0.0000000,7.9272690e-05)  (0.0000000,0.0016803744)  (0.39741263,0.0000000)  (0.0000000,0.00069510906)  (0.0000000,8.3221358e-06)  (0.0000000,-4.8136690e-05)  (0.0000000,1.5635455e-05)  (0.0000000,-2.7480856e-05)  
(0.0000000,8.5789784e-05)  (-0.0000000,-6.6052271e-05)  (-0.0000000,-0.00079651776)  (0.0000000,0.00050045247)  (-0.0000000,-0.00020241325)  (-0.0000000,-0.00069510906)  (0.40216677,0.0000000)  (0.0000000,-3.3619371e-05)  (0.0000000,-0.00034617620)  (0.0000000,-0.00044333254)  (0.0000000,-5.7327374e-05)  
(-0.0000000,-0.00034321359)  (0.0000000,1.4903467e-05)  (0.0000000,0.00013486094)  (0.0000000,1.0989293e-06)  (-0.0000000,-1.8248340e-05)  (-0.0000000,-8.3221358e-06)  (0.0000000,3.3619371e-05)  (0.42680442,0.0000000)  (0.0000000,-0.00026086482)  (0.0000000,-0.0013255930)  (0.0000000,3.9920148e-05)  
(0.0000000,6.2220856e-05)  (0.0000000,1.0553323e-05)  (-0.0000000,-1.2545950e-05)  (0.0000000,8.5991910e-06)  (-0.0000000,-0.00017161453)  (0.0000000,4.8136690e-05)  (0.0000000,0.00034617620)  (0.0000000,0.00026086482)  (0.45089761,0.0000000)  (0.0000000,7.2079005e-05)  (0.0000000,9.6679569e-05)  
(0.0000000,0.00012636417)  (-0.0000000,-7.6321816e-06)  (-0.0000000,-0.00089248124)  (0.0000000,2.4573319e-05)  (-0.0000000,-0.00020259984)  (-0.0000000,-1.5635455e-05)  (0.0000000,0.00044333254)  (0.0000000,0.0013255930)  (-0.0000000,-7.2079005e-05)  (0.45519863,0.0000000)  (0.0000000,0.0037366599)  
(0.0000000,5.7791408e-05)  (-0.0000000,-3.1749615e-05)  (-0.0000000,-0.00013071850)  (0.0000000,5.9610266e-06)  (0.0000000,5.3952449e-05)  (0.0000000,2.7480856e-05)  (0.0000000,5.7327374e-05)  (-0.0000000,-3.9920148e-05)  (-0.0000000,-9.6679569e-05)  (-0.0000000,-0.0037366599)  (0.46521480,0.0000000)  
