(0.0000000,0.0000000)  (0.0000000,6.8740546e-06)  (0.0000000,7.6658258e-05)  (0.0000000,0.00012748560)  (0.0000000,1.0708494e-06)  (0.0000000,-0.00027218860)  (0.0000000,-2.4503557e-05)  (0.0000000,-3.4293115e-05)  (0.0000000,0.00017529514)  (0.0000000,-1.7372772e-05)  (0.0000000,1.1258108e-05)  
(-0.0000000,-6.8740546e-06)  (0.22110305,0.0000000)  (0.0000000,0.00049639072)  (0.0000000,-2.1468693e-05)  (0.0000000,8.5868421e-06)  (0.0000000,-0.00046397918)  (0.0000000,0.00028329991)  (0.0000000,0.00023263133)  (0.0000000,0.00011433158)  (0.0000000,-7.6739167e-05)  (0.0000000,0.00035631004)  
(-0.0000000,-7.6658258e-05)  (-0.0000000,-0.00049639072)  (0.33874830,0.0000000)  (0.0000000,0.0033625626)  (0.0000000,0.0012924928)  (0.0000000,-0.0063552899)  (0.0000000,-8.7073141e-05)  (0.0000000,-0.0012996980)  (0.0000000,-0.00033869100)  (0.0000000,-0.00070136437)  (0.0000000,0.00033949367)  
(-0.0000000,-0.00012748560)  (0.0000000,2.1468693e-05)  (-0.0000000,-0.0033625626)  (0.38083790,0.0000000)  (0.0000000,-0.00012683983)  (0.0000000,0.0062465849)  (0.0000000,0.0039196984)  (0.0000000,-0.0021615080)  (0.0000000,-0.00056968842)  (0.0000000,-0.00088978830)  (0.0000000,-0.00065864036)  
(-0.0000000,-1.0708494e-06)  (-0.0000000,-8.5868421e-06)  (-0.0000000,-0.0012924928)  (0.0000000,0.00012683983)  (0.38373838,0.0000000)  (0.0000000,0.0015401296)  (0.0000000,0.0012703914)  (0.0000000,-0.00047083649)  (0.0000000,-0.0014308066)  (0.0000000,0.00047550047)  (0.0000000,0.00030321533)  
(0.0000000,0.00027218860)  (0.0000000,0.00046397918)  (0.0000000,0.0063552899)  (-0.0000000,-0.0062465849)  (-0.0000000,-0.0015401296)  (0.39602532,0.0000000)  (0.0000000,-0.0076480140)  (0.0000000,-0.0014870577)  (0.0000000,0.00032414646)  (0.0000000,-0.00083061209)  (0.0000000,-0.0018333663)  
(0.0000000,2.4503557e-05)  (-0.0000000,-0.00028329991)  (0.0000000,8.7073141e-05)  (-0.0000000,-0.0039196984)  (-0.0000000,-0.0012703914)  (0.0000000,0.0076480140)  (0.41378909,0.0000000)  (0.0000000,-0.00089241287)  (0.0000000,-0.00094180508)  (0.0000000,-0.00070851189)  (0.0000000,-0.0010911475)  
(0.0000000,3.4293115e-05)  (-0.0000000,-0.00023263133)  (0.0000000,0.0012996980)  (0.0000000,0.0021615080)  (0.0000000,0.00047083649)  (0.0000000,0.0014870577)  (0.0000000,0.00089241287)  (0.43574180,0.0000000)  (0.0000000,-0.0022923494)  (0.0000000,0.0032618306)  (0.0000000,-0.0069177695)  
(-0.0000000,-0.00017529514)  (-0.0000000,-0.00011433158)  (0.0000000,0.00033869100)  (0.0000000,0.00056968842)  (0.0000000,0.0014308066)  (-0.0000000,-0.00032414646)  (0.0000000,0.00094180508)  (0.0000000,0.0022923494)  (0.44011907,0.0000000)  (0.0000000,-0.011975191)  (0.0000000,-0.0019629003)  
(0.0000000,1.7372772e-05)  (0.0000000,7.6739167e-05)  (0.0000000,0.00070136437)  (0.0000000,0.00088978830)  (-0.0000000,-0.00047550047)  (0.0000000,0.00083061209)  (0.0000000,0.00070851189)  (-0.0000000,-0.0032618306)  (0.0000000,0.011975191)  (0.44807486,0.0000000)  (0.0000000,-0.0013422643)  
(-0.0000000,-1.1258108e-05)  (-0.0000000,-0.00035631004)  (-0.0000000,-0.00033949367)  (0.0000000,0.00065864036)  (-0.0000000,-0.00030321533)  (0.0000000,0.0018333663)  (0.0000000,0.0010911475)  (0.0000000,0.0069177695)  (0.0000000,0.0019629003)  (0.0000000,0.0013422643)  (0.45411249,0.0000000)  
