(0.0000000,0.0000000)  (0.0000000,-1.1365320e-05)  (0.0000000,-1.5052584e-05)  (0.0000000,0.00033997528)  (0.0000000,-3.2585056e-05)  (0.0000000,2.6016523e-05)  (0.0000000,3.3666816e-06)  (0.0000000,2.4998714e-05)  (0.0000000,9.5821591e-05)  (0.0000000,0.00017433204)  (0.0000000,0.00011244865)  
(0.0000000,1.1365320e-05)  (0.21228915,0.0000000)  (0.0000000,-0.00069764808)  (0.0000000,0.00014294215)  (0.0000000,6.1820405e-05)  (0.0000000,1.7368505e-05)  (0.0000000,-4.7910394e-05)  (0.0000000,-6.7015921e-05)  (0.0000000,7.6843582e-06)  (0.0000000,-1.6462625e-05)  (0.0000000,3.9487634e-05)  
(0.0000000,1.5052584e-05)  (0.0000000,0.00069764808)  (0.35510602,0.0000000)  (0.0000000,0.00032256797)  (0.0000000,0.00055697673)  (0.0000000,0.0012711007)  (0.0000000,-0.00090614972)  (0.0000000,-0.00096629263)  (0.0000000,-0.00052503629)  (0.0000000,0.00024967530)  (0.0000000,-6.9940168e-05)  
(-0.0000000,-0.00033997528)  (-0.0000000,-0.00014294215)  (-0.0000000,-0.00032256797)  (0.39291518,0.0000000)  (0.0000000,-0.00019306153)  (0.0000000,-0.00031371658)  (0.0000000,-0.0016431581)  (0.0000000,-0.00087691767)  (0.0000000,-0.00050340776)  (0.0000000,-0.0054504922)  (0.0000000,-0.00057790493)  
(0.0000000,3.2585056e-05)  (-0.0000000,-6.1820405e-05)  (-0.0000000,-0.00055697673)  (0.0000000,0.00019306153)  (0.40453603,0.0000000)  (0.0000000,0.0014929118)  (0.0000000,0.0020257523)  (0.0000000,-0.0052391301)  (0.0000000,-0.0031224045)  (0.0000000,5.2991123e-06)  (0.0000000,-9.2461492e-06)  
(-0.0000000,-2.6016523e-05)  (-0.0000000,-1.7368505e-05)  (-0.0000000,-0.0012711007)  (0.0000000,0.00031371658)  (-0.0000000,-0.0014929118)  (0.41330785,0.0000000)  (0.0000000,-0.00095388348)  (0.0000000,0.0018118871)  (0.0000000,-0.0024539953)  (0.0000000,-0.00022795448)  (0.0000000,-0.00024427682)  
(-0.0000000,-3.3666816e-06)  (0.0000000,4.7910394e-05)  (0.0000000,0.00090614972)  (0.0000000,0.0016431581)  (-0.0000000,-0.0020257523)  (0.0000000,0.00095388348)  (0.41933170,0.0000000)  (0.0000000,-0.00076858465)  (0.0000000,-0.0026059959)  (0.0000000,0.00077795288)  (0.0000000,-0.00013772964)  
(-0.0000000,-2.4998714e-05)  (0.0000000,6.7015921e-05)  (0.0000000,0.00096629263)  (0.0000000,0.00087691767)  (0.0000000,0.0052391301)  (-0.0000000,-0.0018118871)  (0.0000000,0.00076858465)  (0.42797380,0.0000000)  (0.0000000,-0.0044047363)  (0.0000000,0.00026830156)  (0.0000000,-3.0270101e-05)  
(-0.0000000,-9.5821591e-05)  (-0.0000000,-7.6843582e-06)  (0.0000000,0.00052503629)  (0.0000000,0.00050340776)  (0.0000000,0.0031224045)  (0.0000000,0.0024539953)  (0.0000000,0.0026059959)  (0.0000000,0.0044047363)  (0.43471978,0.0000000)  (0.0000000,-0.0016665760)  (0.0000000,-0.00025065009)  
(-0.0000000,-0.00017433204)  (0.0000000,1.6462625e-05)  (-0.0000000,-0.00024967530)  (0.0000000,0.0054504922)  (-0.0000000,-5.2991123e-06)  (0.0000000,0.00022795448)  (-0.0000000,-0.00077795288)  (-0.0000000,-0.00026830156)  (0.0000000,0.0016665760)  (0.44013303,0.0000000)  (0.0000000,-0.0015035450)  
(-0.0000000,-0.00011244865)  (-0.0000000,-3.9487634e-05)  (0.0000000,6.9940168e-05)  (0.0000000,0.00057790493)  (0.0000000,9.2461492e-06)  (0.0000000,0.00024427682)  (0.0000000,0.00013772964)  (0.0000000,3.0270101e-05)  (0.0000000,0.00025065009)  (0.0000000,0.0015035450)  (0.45000147,0.0000000)  
