(0.0000000,0.0000000)  (0.0000000,3.4014809e-05)  (0.0000000,8.7348317e-05)  (0.0000000,-0.00022875047)  (0.0000000,0.00045713187)  (0.0000000,-0.00025481796)  (0.0000000,-0.00015037891)  (0.0000000,3.0298672e-06)  (0.0000000,3.8325325e-05)  (0.0000000,3.3236855e-05)  (0.0000000,7.2791156e-06)  
(-0.0000000,-3.4014809e-05)  (0.20460090,0.0000000)  (0.0000000,0.00019812242)  (0.0000000,0.00043519791)  (0.0000000,-0.00038500122)  (0.0000000,0.00021646657)  (0.0000000,-0.00034343604)  (0.0000000,1.1151181e-05)  (0.0000000,-6.2465575e-05)  (0.0000000,-0.00022560520)  (0.0000000,-8.8671791e-05)  
(-0.0000000,-8.7348317e-05)  (-0.0000000,-0.00019812242)  (0.36303664,0.0000000)  (0.0000000,-0.0020592498)  (0.0000000,0.0015180422)  (0.0000000,-0.00082972842)  (0.0000000,0.00087063227)  (0.0000000,-3.5449028e-05)  (0.0000000,-0.00040410296)  (0.0000000,0.00041338920)  (0.0000000,-0.00019086915)  
(0.0000000,0.00022875047)  (-0.0000000,-0.00043519791)  (0.0000000,0.0020592498)  (0.38356547,0.0000000)  (0.0000000,0.0010728372)  (0.0000000,-0.00064658153)  (0.0000000,0.00026995188)  (0.0000000,-2.1619665e-05)  (0.0000000,0.00072123881)  (0.0000000,-2.0737023e-05)  (0.0000000,5.3346758e-05)  
(-0.0000000,-0.00045713187)  (0.0000000,0.00038500122)  (-0.0000000,-0.0015180422)  (-0.0000000,-0.0010728372)  (0.39700636,0.0000000)  (0.0000000,-6.0447335e-05)  (0.0000000,0.0012409609)  (0.0000000,-6.9083567e-05)  (0.0000000,-0.00054742110)  (0.0000000,-0.00096393084)  (0.0000000,-0.00045323107)  
(0.0000000,0.00025481796)  (-0.0000000,-0.00021646657)  (0.0000000,0.00082972842)  (0.0000000,0.00064658153)  (0.0000000,6.0447335e-05)  (0.40017585,0.0000000)  (0.0000000,-0.00078673433)  (0.0000000,-1.7733443e-05)  (0.0000000,0.00028664439)  (0.0000000,0.00066058450)  (0.0000000,0.00020260875)  
(0.0000000,0.00015037891)  (0.0000000,0.00034343604)  (-0.0000000,-0.00087063227)  (-0.0000000,-0.00026995188)  (-0.0000000,-0.0012409609)  (0.0000000,0.00078673433)  (0.41885708,0.0000000)  (0.0000000,-0.00012637428)  (0.0000000,0.0052312382)  (0.0000000,-0.00051070251)  (0.0000000,-2.4572543e-05)  
(-0.0000000,-3.0298672e-06)  (-0.0000000,-1.1151181e-05)  (0.0000000,3.5449028e-05)  (0.0000000,2.1619665e-05)  (0.0000000,6.9083567e-05)  (0.0000000,1.7733443e-05)  (0.0000000,0.00012637428)  (0.43115964,0.0000000)  (0.0000000,-0.00012966922)  (0.0000000,6.9898207e-05)  (0.0000000,-2.7384795e-05)  
(-0.0000000,-3.8325325e-05)  (0.0000000,6.2465575e-05)  (0.0000000,0.00040410296)  (-0.0000000,-0.00072123881)  (0.0000000,0.00054742110)  (-0.0000000,-0.00028664439)  (-0.0000000,-0.0052312382)  (0.0000000,0.00012966922)  (0.44694737,0.0000000)  (0.0000000,-0.00015035334)  (0.0000000,-0.00024219504)  
(-0.0000000,-3.3236855e-05)  (0.0000000,0.00022560520)  (-0.0000000,-0.00041338920)  (0.0000000,2.0737023e-05)  (0.0000000,0.00096393084)  (-0.0000000,-0.00066058450)  (0.0000000,0.00051070251)  (-0.0000000,-6.9898207e-05)  (0.0000000,0.00015035334)  (0.46069402,0.0000000)  (0.0000000,-0.0011246854)  
(-0.0000000,-7.2791156e-06)  (0.0000000,8.8671791e-05)  (0.0000000,0.00019086915)  (-0.0000000,-5.3346758e-05)  (0.0000000,0.00045323107)  (-0.0000000,-0.00020260875)  (0.0000000,2.4572543e-05)  (0.0000000,2.7384795e-05)  (0.0000000,0.00024219504)  (0.0000000,0.0011246854)  (0.46763202,0.0000000)  
