(0.0000000,0.0000000)  (0.0000000,-2.6132672e-05)  (0.0000000,1.2231420e-05)  (0.0000000,-7.0853617e-05)  (0.0000000,-0.00027406199)  (0.0000000,5.5642149e-06)  (0.0000000,0.00035102433)  (0.0000000,9.5008958e-05)  (0.0000000,1.6147802e-05)  (0.0000000,-2.6239507e-05)  (0.0000000,-7.2353545e-06)  
(0.0000000,2.6132672e-05)  (0.21036640,0.0000000)  (0.0000000,1.4115896e-05)  (0.0000000,1.4245513e-05)  (0.0000000,5.4601810e-05)  (0.0000000,-5.8297458e-05)  (0.0000000,0.00013666874)  (0.0000000,-0.00028137559)  (0.0000000,0.00016373372)  (0.0000000,0.00012381668)  (0.0000000,-8.8397643e-07)  
(-0.0000000,-1.2231420e-05)  (-0.0000000,-1.4115896e-05)  (0.36292804,0.0000000)  (0.0000000,9.0191387e-05)  (0.0000000,3.6949361e-05)  (0.0000000,-0.00021311850)  (0.0000000,0.00059183543)  (0.0000000,-0.00016660836)  (0.0000000,-0.00014930335)  (0.0000000,-0.00026046720)  (0.0000000,-0.00035363037)  
(0.0000000,7.0853617e-05)  (-0.0000000,-1.4245513e-05)  (-0.0000000,-9.0191387e-05)  (0.38945482,0.0000000)  (0.0000000,-3.4278578e-05)  (0.0000000,-0.00014681698)  (0.0000000,-3.8034687e-05)  (0.0000000,-0.00070845897)  (0.0000000,-0.00083273170)  (0.0000000,0.0014552066)  (0.0000000,0.00021025855)  
(0.0000000,0.00027406199)  (-0.0000000,-5.4601810e-05)  (-0.0000000,-3.6949361e-05)  (0.0000000,3.4278578e-05)  (0.39653816,0.0000000)  (0.0000000,-0.00011032806)  (0.0000000,0.00049063755)  (0.0000000,-0.00090993437)  (0.0000000,0.00053392857)  (0.0000000,0.00020593748)  (0.0000000,-1.8943450e-05)  
(-0.0000000,-5.5642149e-06)  (0.0000000,5.8297458e-05)  (0.0000000,0.00021311850)  (0.0000000,0.00014681698)  (0.0000000,0.00011032806)  (0.40625574,0.0000000)  (0.0000000,0.0019040290)  (0.0000000,0.00088138792)  (0.0000000,-0.00061907795)  (0.0000000,-0.00011400856)  (0.0000000,-0.00025580515)  
(-0.0000000,-0.00035102433)  (-0.0000000,-0.00013666874)  (-0.0000000,-0.00059183543)  (0.0000000,3.8034687e-05)  (-0.0000000,-0.00049063755)  (-0.0000000,-0.0019040290)  (0.42312980,0.0000000)  (0.0000000,-0.018554122)  (0.0000000,0.0077657748)  (0.0000000,0.0061262567)  (0.0000000,0.00088125158)  
(-0.0000000,-9.5008958e-05)  (0.0000000,0.00028137559)  (0.0000000,0.00016660836)  (0.0000000,0.00070845897)  (0.0000000,0.00090993437)  (-0.0000000,-0.00088138792)  (0.0000000,0.018554122)  (0.42714417,0.0000000)  (0.0000000,0.0053468962)  (0.0000000,-2.2978908e-05)  (0.0000000,-0.00032764099)  
(-0.0000000,-1.6147802e-05)  (-0.0000000,-0.00016373372)  (0.0000000,0.00014930335)  (0.0000000,0.00083273170)  (-0.0000000,-0.00053392857)  (0.0000000,0.00061907795)  (-0.0000000,-0.0077657748)  (-0.0000000,-0.0053468962)  (0.45014663,0.0000000)  (0.0000000,-0.0084359522)  (0.0000000,-0.0014481019)  
(0.0000000,2.6239507e-05)  (-0.0000000,-0.00012381668)  (0.0000000,0.00026046720)  (-0.0000000,-0.0014552066)  (-0.0000000,-0.00020593748)  (0.0000000,0.00011400856)  (-0.0000000,-0.0061262567)  (0.0000000,2.2978908e-05)  (0.0000000,0.0084359522)  (0.45782367,0.0000000)  (0.0000000,0.0016600020)  
(0.0000000,7.2353545e-06)  (0.0000000,8.8397643e-07)  (0.0000000,0.00035363037)  (-0.0000000,-0.00021025855)  (0.0000000,1.8943450e-05)  (0.0000000,0.00025580515)  (-0.0000000,-0.00088125158)  (0.0000000,0.00032764099)  (0.0000000,0.0014481019)  (-0.0000000,-0.0016600020)  (0.46502701,0.0000000)  
