(0.0000000,0.0000000)  (0.0000000,-9.7640081e-06)  (0.0000000,-7.7981234e-05)  (0.0000000,0.0011198348)  (0.0000000,0.00037803410)  (0.0000000,-5.1221470e-05)  (0.0000000,-0.00017234058)  (0.0000000,-0.00011426968)  (0.0000000,0.00010198511)  (0.0000000,-6.9836477e-05)  (0.0000000,-7.5413582e-05)  
(0.0000000,9.7640081e-06)  (0.22877127,0.0000000)  (0.0000000,0.0011875171)  (0.0000000,0.00030167169)  (0.0000000,0.00012621257)  (0.0000000,8.2846894e-05)  (0.0000000,0.00011522268)  (0.0000000,8.4622674e-05)  (0.0000000,-0.00049282155)  (0.0000000,6.9311721e-05)  (0.0000000,-0.00012184997)  
(0.0000000,7.7981234e-05)  (-0.0000000,-0.0011875171)  (0.32397505,0.0000000)  (0.0000000,-0.0050236337)  (0.0000000,-0.0024042219)  (0.0000000,-0.00024220132)  (0.0000000,-0.0045955537)  (0.0000000,-0.00031759799)  (0.0000000,0.00082528113)  (0.0000000,-0.00050248141)  (0.0000000,0.00010061302)  
(-0.0000000,-0.0011198348)  (-0.0000000,-0.00030167169)  (0.0000000,0.0050236337)  (0.35493385,0.0000000)  (0.0000000,-0.00022665338)  (0.0000000,0.0035754032)  (0.0000000,0.00036819819)  (0.0000000,1.0406316e-05)  (0.0000000,0.00071877173)  (0.0000000,-2.6864234e-06)  (0.0000000,0.00086228766)  
(-0.0000000,-0.00037803410)  (-0.0000000,-0.00012621257)  (0.0000000,0.0024042219)  (0.0000000,0.00022665338)  (0.37193800,0.0000000)  (0.0000000,-0.0065485239)  (0.0000000,0.00019164237)  (0.0000000,-0.00046774254)  (0.0000000,0.00059132341)  (0.0000000,0.00056813026)  (0.0000000,-0.00092868695)  
(0.0000000,5.1221470e-05)  (-0.0000000,-8.2846894e-05)  (0.0000000,0.00024220132)  (-0.0000000,-0.0035754032)  (0.0000000,0.0065485239)  (0.37666091,0.0000000)  (0.0000000,-0.00022652293)  (0.0000000,0.0044072957)  (0.0000000,0.00024961548)  (0.0000000,-0.00014901965)  (0.0000000,0.00046738840)  
(0.0000000,0.00017234058)  (-0.0000000,-0.00011522268)  (0.0000000,0.0045955537)  (-0.0000000,-0.00036819819)  (-0.0000000,-0.00019164237)  (0.0000000,0.00022652293)  (0.41680846,0.0000000)  (0.0000000,-0.0010865259)  (0.0000000,0.0092276914)  (0.0000000,-0.0010769079)  (0.0000000,-0.00035990608)  
(0.0000000,0.00011426968)  (-0.0000000,-8.4622674e-05)  (0.0000000,0.00031759799)  (-0.0000000,-1.0406316e-05)  (0.0000000,0.00046774254)  (-0.0000000,-0.0044072957)  (0.0000000,0.0010865259)  (0.42302157,0.0000000)  (0.0000000,-0.00017914332)  (0.0000000,-0.0052247918)  (0.0000000,-0.00077172688)  
(-0.0000000,-0.00010198511)  (0.0000000,0.00049282155)  (-0.0000000,-0.00082528113)  (-0.0000000,-0.00071877173)  (-0.0000000,-0.00059132341)  (-0.0000000,-0.00024961548)  (-0.0000000,-0.0092276914)  (0.0000000,0.00017914332)  (0.42812484,0.0000000)  (0.0000000,-0.00094215112)  (0.0000000,-0.0011220015)  
(0.0000000,6.9836477e-05)  (-0.0000000,-6.9311721e-05)  (0.0000000,0.00050248141)  (0.0000000,2.6864234e-06)  (-0.0000000,-0.00056813026)  (0.0000000,0.00014901965)  (0.0000000,0.0010769079)  (0.0000000,0.0052247918)  (0.0000000,0.00094215112)  (0.43485116,0.0000000)  (0.0000000,-0.0053710500)  
(0.0000000,7.5413582e-05)  (0.0000000,0.00012184997)  (-0.0000000,-0.00010061302)  (-0.0000000,-0.00086228766)  (0.0000000,0.00092868695)  (-0.0000000,-0.00046738840)  (0.0000000,0.00035990608)  (0.0000000,0.00077172688)  (0.0000000,0.0011220015)  (0.0000000,0.0053710500)  (0.45190658,0.0000000)  
