(0.0000000,0.0000000)  (0.0000000,-5.4652268e-06)  (0.0000000,-4.5241482e-06)  (0.0000000,-6.6465731e-05)  (0.0000000,2.2160812e-07)  (0.0000000,-4.1745293e-05)  (0.0000000,-7.7213397e-05)  (0.0000000,9.9004444e-06)  (0.0000000,7.9875212e-06)  (0.0000000,0.00025455982)  (0.0000000,-0.00012890649)  
(0.0000000,5.4652268e-06)  (0.15946143,0.0000000)  (0.0000000,2.5104931e-06)  (0.0000000,0.00053371833)  (0.0000000,-1.5095417e-05)  (0.0000000,-1.3596784e-05)  (0.0000000,-3.3305665e-05)  (0.0000000,0.00013108247)  (0.0000000,3.6354326e-06)  (0.0000000,-4.8339994e-05)  (0.0000000,1.4489949e-05)  
(0.0000000,4.5241482e-06)  (-0.0000000,-2.5104931e-06)  (0.27116497,0.0000000)  (0.0000000,1.4001762e-05)  (0.0000000,0.00082579102)  (0.0000000,8.5634912e-05)  (0.0000000,-9.5943628e-05)  (0.0000000,2.6498357e-05)  (0.0000000,7.0888474e-07)  (0.0000000,0.00030156646)  (0.0000000,0.00054509169)  
(0.0000000,6.6465731e-05)  (-0.0000000,-0.00053371833)  (-0.0000000,-1.4001762e-05)  (0.29251387,0.0000000)  (0.0000000,-2.5303522e-06)  (0.0000000,8.9832740e-05)  (0.0000000,-1.2286445e-05)  (0.0000000,1.8136625e-07)  (0.0000000,5.0119167e-07)  (0.0000000,0.00068037466)  (0.0000000,-0.00035688078)  
(-0.0000000,-2.2160812e-07)  (0.0000000,1.5095417e-05)  (-0.0000000,-0.00082579102)  (0.0000000,2.5303522e-06)  (0.34646320,0.0000000)  (0.0000000,3.5030007e-05)  (0.0000000,1.1047623e-05)  (0.0000000,-3.0963176e-06)  (0.0000000,1.0101495e-05)  (0.0000000,-6.8590581e-05)  (0.0000000,6.4246912e-05)  
(0.0000000,4.1745293e-05)  (0.0000000,1.3596784e-05)  (-0.0000000,-8.5634912e-05)  (-0.0000000,-8.9832740e-05)  (-0.0000000,-3.5030007e-05)  (0.37109239,0.0000000)  (0.0000000,0.010192651)  (0.0000000,-0.00011981921)  (0.0000000,-1.2783470e-08)  (0.0000000,0.00063331561)  (0.0000000,-0.00011731804)  
(0.0000000,7.7213397e-05)  (0.0000000,3.3305665e-05)  (0.0000000,9.5943628e-05)  (0.0000000,1.2286445e-05)  (-0.0000000,-1.1047623e-05)  (-0.0000000,-0.010192651)  (0.37390228,0.0000000)  (0.0000000,0.00060774745)  (0.0000000,7.0427295e-06)  (0.0000000,0.00027611653)  (0.0000000,0.00018489051)  
(-0.0000000,-9.9004444e-06)  (-0.0000000,-0.00013108247)  (-0.0000000,-2.6498357e-05)  (-0.0000000,-1.8136625e-07)  (0.0000000,3.0963176e-06)  (0.0000000,0.00011981921)  (-0.0000000,-0.00060774745)  (0.38372111,0.0000000)  (0.0000000,-7.3716708e-07)  (0.0000000,-1.7609347e-05)  (0.0000000,-5.2681639e-06)  
(-0.0000000,-7.9875212e-06)  (-0.0000000,-3.6354326e-06)  (-0.0000000,-7.0888474e-07)  (-0.0000000,-5.0119167e-07)  (-0.0000000,-1.0101495e-05)  (0.0000000,1.2783470e-08)  (-0.0000000,-7.0427295e-06)  (0.0000000,7.3716708e-07)  (0.40302212,0.0000000)  (0.0000000,-6.0209624e-05)  (0.0000000,-0.00033069374)  
(-0.0000000,-0.00025455982)  (0.0000000,4.8339994e-05)  (-0.0000000,-0.00030156646)  (-0.0000000,-0.00068037466)  (0.0000000,6.8590581e-05)  (-0.0000000,-0.00063331561)  (-0.0000000,-0.00027611653)  (0.0000000,1.7609347e-05)  (0.0000000,6.0209624e-05)  (0.42347929,0.0000000)  (0.0000000,-0.00054182968)  
(0.0000000,0.00012890649)  (-0.0000000,-1.4489949e-05)  (-0.0000000,-0.00054509169)  (0.0000000,0.00035688078)  (-0.0000000,-6.4246912e-05)  (0.0000000,0.00011731804)  (-0.0000000,-0.00018489051)  (0.0000000,5.2681639e-06)  (0.0000000,0.00033069374)  (0.0000000,0.00054182968)  (0.42607163,0.0000000)  
