(0.0000000,0.0000000)  (0.0000000,-3.2370789e-06)  (0.0000000,-1.4900624e-06)  (0.0000000,0.00010574433)  (0.0000000,-0.00012130556)  (0.0000000,0.00010836218)  (0.0000000,3.3167770e-05)  (0.0000000,2.0504514e-05)  (0.0000000,-2.3664295e-05)  (0.0000000,2.7805566e-05)  (0.0000000,-8.1742392e-06)  
(0.0000000,3.2370789e-06)  (0.21292749,0.0000000)  (0.0000000,-0.00020926491)  (0.0000000,6.2364544e-07)  (0.0000000,1.8957824e-05)  (0.0000000,-1.4972020e-05)  (0.0000000,-5.8867971e-05)  (0.0000000,-0.00016486442)  (0.0000000,-1.4693640e-05)  (0.0000000,1.1791445e-05)  (0.0000000,-0.00010432789)  
(0.0000000,1.4900624e-06)  (0.0000000,0.00020926491)  (0.34660964,0.0000000)  (0.0000000,0.00012064416)  (0.0000000,1.3421940e-06)  (0.0000000,-5.7728845e-05)  (0.0000000,0.0021438147)  (0.0000000,2.8021262e-05)  (0.0000000,-3.3135056e-06)  (0.0000000,-0.00049300614)  (0.0000000,-0.00088378043)  
(-0.0000000,-0.00010574433)  (-0.0000000,-6.2364544e-07)  (-0.0000000,-0.00012064416)  (0.37819889,0.0000000)  (0.0000000,-0.0091237159)  (0.0000000,0.0074134241)  (0.0000000,0.00080684317)  (0.0000000,0.00017859282)  (0.0000000,0.00069762466)  (0.0000000,8.5364960e-06)  (0.0000000,-0.00025067866)  
(0.0000000,0.00012130556)  (-0.0000000,-1.8957824e-05)  (-0.0000000,-1.3421940e-06)  (0.0000000,0.0091237159)  (0.39090699,0.0000000)  (0.0000000,0.0012842996)  (0.0000000,0.00030560804)  (0.0000000,8.6729389e-05)  (0.0000000,-0.00017074069)  (0.0000000,-0.00021264600)  (0.0000000,-1.0739028e-06)  
(-0.0000000,-0.00010836218)  (0.0000000,1.4972020e-05)  (0.0000000,5.7728845e-05)  (-0.0000000,-0.0074134241)  (-0.0000000,-0.0012842996)  (0.40494488,0.0000000)  (0.0000000,0.0055957323)  (0.0000000,6.6798940e-05)  (0.0000000,-9.4739066e-05)  (0.0000000,0.00021478558)  (0.0000000,-0.00024575018)  
(-0.0000000,-3.3167770e-05)  (0.0000000,5.8867971e-05)  (-0.0000000,-0.0021438147)  (-0.0000000,-0.00080684317)  (-0.0000000,-0.00030560804)  (-0.0000000,-0.0055957323)  (0.40931168,0.0000000)  (0.0000000,2.5509782e-05)  (0.0000000,0.00082574247)  (0.0000000,-3.6236563e-05)  (0.0000000,0.00040469074)  
(-0.0000000,-2.0504514e-05)  (0.0000000,0.00016486442)  (-0.0000000,-2.8021262e-05)  (-0.0000000,-0.00017859282)  (-0.0000000,-8.6729389e-05)  (-0.0000000,-6.6798940e-05)  (-0.0000000,-2.5509782e-05)  (0.42845412,0.0000000)  (0.0000000,0.00085745132)  (0.0000000,0.014750932)  (0.0000000,-0.0030841716)  
(0.0000000,2.3664295e-05)  (0.0000000,1.4693640e-05)  (0.0000000,3.3135056e-06)  (-0.0000000,-0.00069762466)  (0.0000000,0.00017074069)  (0.0000000,9.4739066e-05)  (-0.0000000,-0.00082574247)  (-0.0000000,-0.00085745132)  (0.43691724,0.0000000)  (0.0000000,0.0021731874)  (0.0000000,-0.00067654281)  
(-0.0000000,-2.7805566e-05)  (-0.0000000,-1.1791445e-05)  (0.0000000,0.00049300614)  (-0.0000000,-8.5364960e-06)  (0.0000000,0.00021264600)  (-0.0000000,-0.00021478558)  (0.0000000,3.6236563e-05)  (-0.0000000,-0.014750932)  (-0.0000000,-0.0021731874)  (0.44743743,0.0000000)  (0.0000000,0.0036413527)  
(0.0000000,8.1742392e-06)  (0.0000000,0.00010432789)  (0.0000000,0.00088378043)  (0.0000000,0.00025067866)  (0.0000000,1.0739028e-06)  (0.0000000,0.00024575018)  (-0.0000000,-0.00040469074)  (0.0000000,0.0030841716)  (0.0000000,0.00067654281)  (-0.0000000,-0.0036413527)  (0.45636195,0.0000000)  
