(0.0000000,0.0000000)  (0.0000000,-0.00016362500)  (0.0000000,1.4641022e-05)  (0.0000000,2.2226423e-05)  (0.0000000,1.3468269e-05)  (0.0000000,-0.00011303516)  (0.0000000,8.2502500e-05)  (0.0000000,-2.1465295e-05)  (0.0000000,-4.0867301e-08)  (0.0000000,5.6685542e-06)  (0.0000000,-2.5651044e-05)  
(0.0000000,0.00016362500)  (0.23226765,0.0000000)  (0.0000000,0.00056166839)  (0.0000000,0.00036202693)  (0.0000000,-5.5845191e-05)  (0.0000000,0.00060200424)  (0.0000000,7.1860823e-06)  (0.0000000,-1.8421608e-05)  (0.0000000,4.2440694e-05)  (0.0000000,-0.00029605616)  (0.0000000,4.1402068e-05)  
(-0.0000000,-1.4641022e-05)  (-0.0000000,-0.00056166839)  (0.33631454,0.0000000)  (0.0000000,-0.00030477671)  (0.0000000,0.00013498772)  (0.0000000,-0.00035329780)  (0.0000000,-0.00043280129)  (0.0000000,-0.00034831859)  (0.0000000,-0.00038206672)  (0.0000000,0.00099752157)  (0.0000000,0.0027573727)  
(-0.0000000,-2.2226423e-05)  (-0.0000000,-0.00036202693)  (0.0000000,0.00030477671)  (0.36250450,0.0000000)  (0.0000000,0.00013835851)  (0.0000000,-0.0017337565)  (0.0000000,-0.00018354245)  (0.0000000,0.00017591039)  (0.0000000,0.00013042378)  (0.0000000,-0.00042057705)  (0.0000000,0.00027129029)  
(-0.0000000,-1.3468269e-05)  (0.0000000,5.5845191e-05)  (-0.0000000,-0.00013498772)  (-0.0000000,-0.00013835851)  (0.37326688,0.0000000)  (0.0000000,-6.5529506e-06)  (0.0000000,-9.3217898e-05)  (0.0000000,-0.00045380925)  (0.0000000,5.4129556e-05)  (0.0000000,0.00012655279)  (0.0000000,0.00029127840)  
(0.0000000,0.00011303516)  (-0.0000000,-0.00060200424)  (0.0000000,0.00035329780)  (0.0000000,0.0017337565)  (0.0000000,6.5529506e-06)  (0.37861086,0.0000000)  (0.0000000,0.00041483979)  (0.0000000,-4.9387723e-05)  (0.0000000,0.00044857840)  (0.0000000,-0.00056558559)  (0.0000000,0.00013404904)  
(-0.0000000,-8.2502500e-05)  (-0.0000000,-7.1860823e-06)  (0.0000000,0.00043280129)  (0.0000000,0.00018354245)  (0.0000000,9.3217898e-05)  (-0.0000000,-0.00041483979)  (0.42737624,0.0000000)  (0.0000000,-0.00045665228)  (0.0000000,-0.00078547463)  (0.0000000,0.0011602700)  (0.0000000,-0.0020125504)  
(0.0000000,2.1465295e-05)  (0.0000000,1.8421608e-05)  (0.0000000,0.00034831859)  (-0.0000000,-0.00017591039)  (0.0000000,0.00045380925)  (0.0000000,4.9387723e-05)  (0.0000000,0.00045665228)  (0.43425967,0.0000000)  (0.0000000,0.0010447472)  (0.0000000,-0.00035140626)  (0.0000000,-0.0048711762)  
(0.0000000,4.0867301e-08)  (-0.0000000,-4.2440694e-05)  (0.0000000,0.00038206672)  (-0.0000000,-0.00013042378)  (-0.0000000,-5.4129556e-05)  (-0.0000000,-0.00044857840)  (0.0000000,0.00078547463)  (-0.0000000,-0.0010447472)  (0.44140899,0.0000000)  (0.0000000,0.00032905275)  (0.0000000,0.0076050779)  
(-0.0000000,-5.6685542e-06)  (0.0000000,0.00029605616)  (-0.0000000,-0.00099752157)  (0.0000000,0.00042057705)  (-0.0000000,-0.00012655279)  (0.0000000,0.00056558559)  (-0.0000000,-0.0011602700)  (0.0000000,0.00035140626)  (-0.0000000,-0.00032905275)  (0.44767043,0.0000000)  (0.0000000,0.0010677487)  
(0.0000000,2.5651044e-05)  (-0.0000000,-4.1402068e-05)  (-0.0000000,-0.0027573727)  (-0.0000000,-0.00027129029)  (-0.0000000,-0.00029127840)  (-0.0000000,-0.00013404904)  (0.0000000,0.0020125504)  (0.0000000,0.0048711762)  (-0.0000000,-0.0076050779)  (-0.0000000,-0.0010677487)  (0.45011686,0.0000000)  
