(0.0000000,0.0000000)  (0.0000000,8.7003169e-06)  (0.0000000,3.3514235e-05)  (0.0000000,0.00011260867)  (0.0000000,-0.00011520315)  (0.0000000,-1.6135778e-05)  (0.0000000,0.00046438533)  (0.0000000,-5.1668641e-05)  (0.0000000,4.3397506e-05)  (0.0000000,-3.5907336e-05)  (0.0000000,-2.2467475e-05)  
(-0.0000000,-8.7003169e-06)  (0.21118077,0.0000000)  (0.0000000,-5.7145710e-06)  (0.0000000,-0.00021767319)  (0.0000000,0.00012362750)  (0.0000000,2.0725727e-05)  (0.0000000,9.9624608e-05)  (0.0000000,0.00012726615)  (0.0000000,1.2246351e-05)  (0.0000000,-0.00013532447)  (0.0000000,9.2966672e-07)  
(-0.0000000,-3.3514235e-05)  (0.0000000,5.7145710e-06)  (0.36214840,0.0000000)  (0.0000000,-0.00013633216)  (0.0000000,0.00057480276)  (0.0000000,8.3277375e-05)  (0.0000000,-3.5936434e-05)  (0.0000000,-3.7232973e-05)  (0.0000000,5.3031941e-05)  (0.0000000,4.1735996e-05)  (0.0000000,-0.0011222202)  
(-0.0000000,-0.00011260867)  (0.0000000,0.00021767319)  (0.0000000,0.00013633216)  (0.39325659,0.0000000)  (0.0000000,0.010848262)  (0.0000000,5.3450421e-05)  (0.0000000,0.00068699788)  (0.0000000,0.0010061723)  (0.0000000,0.00021712493)  (0.0000000,0.0015304342)  (0.0000000,-3.7959721e-05)  
(0.0000000,0.00011520315)  (-0.0000000,-0.00012362750)  (-0.0000000,-0.00057480276)  (-0.0000000,-0.010848262)  (0.39739223,0.0000000)  (0.0000000,0.00058807050)  (0.0000000,0.0017417995)  (0.0000000,-0.00013567541)  (0.0000000,0.00051832368)  (0.0000000,-0.0014738233)  (0.0000000,-4.3007461e-05)  
(0.0000000,1.6135778e-05)  (-0.0000000,-2.0725727e-05)  (-0.0000000,-8.3277375e-05)  (-0.0000000,-5.3450421e-05)  (-0.0000000,-0.00058807050)  (0.40813256,0.0000000)  (0.0000000,-2.7839166e-05)  (0.0000000,0.00088958753)  (0.0000000,-1.9027582e-05)  (0.0000000,0.00023353573)  (0.0000000,0.00021085902)  
(-0.0000000,-0.00046438533)  (-0.0000000,-9.9624608e-05)  (0.0000000,3.5936434e-05)  (-0.0000000,-0.00068699788)  (-0.0000000,-0.0017417995)  (0.0000000,2.7839166e-05)  (0.42348627,0.0000000)  (0.0000000,0.0059309109)  (0.0000000,-0.0020966481)  (0.0000000,0.0026056845)  (0.0000000,-0.00069196915)  
(0.0000000,5.1668641e-05)  (-0.0000000,-0.00012726615)  (0.0000000,3.7232973e-05)  (-0.0000000,-0.0010061723)  (0.0000000,0.00013567541)  (-0.0000000,-0.00088958753)  (-0.0000000,-0.0059309109)  (0.43178402,0.0000000)  (0.0000000,-0.0063566751)  (0.0000000,0.00013175632)  (0.0000000,0.00080193589)  
(-0.0000000,-4.3397506e-05)  (-0.0000000,-1.2246351e-05)  (-0.0000000,-5.3031941e-05)  (-0.0000000,-0.00021712493)  (-0.0000000,-0.00051832368)  (0.0000000,1.9027582e-05)  (0.0000000,0.0020966481)  (0.0000000,0.0063566751)  (0.44247731,0.0000000)  (0.0000000,0.0032207250)  (0.0000000,-0.0018182602)  
(0.0000000,3.5907336e-05)  (0.0000000,0.00013532447)  (-0.0000000,-4.1735996e-05)  (-0.0000000,-0.0015304342)  (0.0000000,0.0014738233)  (-0.0000000,-0.00023353573)  (-0.0000000,-0.0026056845)  (-0.0000000,-0.00013175632)  (-0.0000000,-0.0032207250)  (0.45058432,0.0000000)  (0.0000000,0.00057683895)  
(0.0000000,2.2467475e-05)  (-0.0000000,-9.2966672e-07)  (0.0000000,0.0011222202)  (0.0000000,3.7959721e-05)  (0.0000000,4.3007461e-05)  (-0.0000000,-0.00021085902)  (0.0000000,0.00069196915)  (-0.0000000,-0.00080193589)  (0.0000000,0.0018182602)  (-0.0000000,-0.00057683895)  (0.46459924,0.0000000)  
