(0.0000000,0.0000000)  (0.0000000,2.3137809e-05)  (0.0000000,1.6751958e-05)  (0.0000000,-5.5175894e-06)  (0.0000000,4.1132028e-05)  (0.0000000,-4.7444093e-05)  (0.0000000,5.0177181e-05)  (0.0000000,-0.00015614525)  (0.0000000,6.2237731e-05)  (0.0000000,4.4258738e-05)  (0.0000000,-5.2290365e-05)  
(-0.0000000,-2.3137809e-05)  (0.20947411,0.0000000)  (0.0000000,9.5006638e-05)  (0.0000000,2.1731575e-06)  (0.0000000,0.00026054280)  (0.0000000,0.00012529399)  (0.0000000,1.7798847e-05)  (0.0000000,0.00028612546)  (0.0000000,0.00020816217)  (0.0000000,1.6141330e-05)  (0.0000000,2.3465881e-06)  
(-0.0000000,-1.6751958e-05)  (-0.0000000,-9.5006638e-05)  (0.35066205,0.0000000)  (0.0000000,-0.00030784491)  (0.0000000,-0.00024685544)  (0.0000000,-0.0026513638)  (0.0000000,-0.00087662549)  (0.0000000,-0.00018810274)  (0.0000000,0.00032457668)  (0.0000000,-0.00086759102)  (0.0000000,0.0011352560)  
(0.0000000,5.5175894e-06)  (-0.0000000,-2.1731575e-06)  (0.0000000,0.00030784491)  (0.39794789,0.0000000)  (0.0000000,-0.00016558096)  (0.0000000,-0.00030901063)  (0.0000000,-0.00019607421)  (0.0000000,0.00013295368)  (0.0000000,-7.6733110e-05)  (0.0000000,0.00074378522)  (0.0000000,0.00023543535)  
(-0.0000000,-4.1132028e-05)  (-0.0000000,-0.00026054280)  (0.0000000,0.00024685544)  (0.0000000,0.00016558096)  (0.40528077,0.0000000)  (0.0000000,-0.011008283)  (0.0000000,-0.0011878771)  (0.0000000,0.0011066773)  (0.0000000,-0.00074021338)  (0.0000000,0.00020893942)  (0.0000000,-0.00029471735)  
(0.0000000,4.7444093e-05)  (-0.0000000,-0.00012529399)  (0.0000000,0.0026513638)  (0.0000000,0.00030901063)  (0.0000000,0.011008283)  (0.41450902,0.0000000)  (0.0000000,-0.0012729844)  (0.0000000,-0.00035998894)  (0.0000000,0.00093427928)  (0.0000000,-0.0023195468)  (0.0000000,-0.0012030262)  
(-0.0000000,-5.0177181e-05)  (-0.0000000,-1.7798847e-05)  (0.0000000,0.00087662549)  (0.0000000,0.00019607421)  (0.0000000,0.0011878771)  (0.0000000,0.0012729844)  (0.42176381,0.0000000)  (0.0000000,0.0076015205)  (0.0000000,-0.010930917)  (0.0000000,0.0024092851)  (0.0000000,0.00060497102)  
(0.0000000,0.00015614525)  (-0.0000000,-0.00028612546)  (0.0000000,0.00018810274)  (-0.0000000,-0.00013295368)  (-0.0000000,-0.0011066773)  (0.0000000,0.00035998894)  (-0.0000000,-0.0076015205)  (0.42889953,0.0000000)  (0.0000000,-0.00090111448)  (0.0000000,-0.0016699880)  (0.0000000,0.00092831998)  
(-0.0000000,-6.2237731e-05)  (-0.0000000,-0.00020816217)  (-0.0000000,-0.00032457668)  (0.0000000,7.6733110e-05)  (0.0000000,0.00074021338)  (-0.0000000,-0.00093427928)  (0.0000000,0.010930917)  (0.0000000,0.00090111448)  (0.44294826,0.0000000)  (0.0000000,-0.00054349621)  (0.0000000,-0.0027951222)  
(-0.0000000,-4.4258738e-05)  (-0.0000000,-1.6141330e-05)  (0.0000000,0.00086759102)  (-0.0000000,-0.00074378522)  (-0.0000000,-0.00020893942)  (0.0000000,0.0023195468)  (-0.0000000,-0.0024092851)  (0.0000000,0.0016699880)  (0.0000000,0.00054349621)  (0.45279391,0.0000000)  (0.0000000,-0.011802394)  
(0.0000000,5.2290365e-05)  (-0.0000000,-2.3465881e-06)  (-0.0000000,-0.0011352560)  (-0.0000000,-0.00023543535)  (0.0000000,0.00029471735)  (0.0000000,0.0012030262)  (-0.0000000,-0.00060497102)  (-0.0000000,-0.00092831998)  (0.0000000,0.0027951222)  (0.0000000,0.011802394)  (0.45655525,0.0000000)  
