(0.0000000,0.0000000)  (0.0000000,-2.5024006e-05)  (0.0000000,-2.5357465e-05)  (0.0000000,-9.4535323e-07)  (0.0000000,1.6919181e-05)  (0.0000000,3.0272620e-05)  (0.0000000,0.00013533082)  (0.0000000,0.00010925434)  (0.0000000,-5.6076560e-05)  (0.0000000,-0.00013020027)  (0.0000000,-1.8660497e-05)  
(0.0000000,2.5024006e-05)  (0.21015086,0.0000000)  (0.0000000,0.00016194880)  (0.0000000,1.3033416e-05)  (0.0000000,-4.6351463e-05)  (0.0000000,0.00014007412)  (0.0000000,1.6882216e-05)  (0.0000000,0.00023341900)  (0.0000000,-1.8866627e-05)  (0.0000000,-4.7637492e-06)  (0.0000000,0.00019109781)  
(0.0000000,2.5357465e-05)  (-0.0000000,-0.00016194880)  (0.35218386,0.0000000)  (0.0000000,2.8078493e-06)  (0.0000000,-0.00019034411)  (0.0000000,0.00012179341)  (0.0000000,0.00033850313)  (0.0000000,6.9226818e-05)  (0.0000000,-0.00035971529)  (0.0000000,-3.9776265e-05)  (0.0000000,0.00023844004)  
(0.0000000,9.4535323e-07)  (-0.0000000,-1.3033416e-05)  (-0.0000000,-2.8078493e-06)  (0.37694462,0.0000000)  (0.0000000,0.0047237965)  (0.0000000,0.00027902930)  (0.0000000,8.7410591e-05)  (0.0000000,0.00021925430)  (0.0000000,-0.00011936445)  (0.0000000,0.00074019618)  (0.0000000,-0.00013421360)  
(-0.0000000,-1.6919181e-05)  (0.0000000,4.6351463e-05)  (0.0000000,0.00019034411)  (-0.0000000,-0.0047237965)  (0.39379038,0.0000000)  (0.0000000,0.00013477970)  (0.0000000,-0.00083894310)  (0.0000000,-9.3318324e-05)  (0.0000000,0.00022335441)  (0.0000000,0.00010048529)  (0.0000000,4.2619290e-05)  
(-0.0000000,-3.0272620e-05)  (-0.0000000,-0.00014007412)  (-0.0000000,-0.00012179341)  (-0.0000000,-0.00027902930)  (-0.0000000,-0.00013477970)  (0.39767006,0.0000000)  (0.0000000,2.2169638e-05)  (0.0000000,0.00012304333)  (0.0000000,-0.00010489085)  (0.0000000,-0.00014672670)  (0.0000000,-0.00037099290)  
(-0.0000000,-0.00013533082)  (-0.0000000,-1.6882216e-05)  (-0.0000000,-0.00033850313)  (-0.0000000,-8.7410591e-05)  (0.0000000,0.00083894310)  (-0.0000000,-2.2169638e-05)  (0.40998438,0.0000000)  (0.0000000,-0.00075253808)  (0.0000000,0.00073736186)  (0.0000000,-0.0032504316)  (0.0000000,0.00060059957)  
(-0.0000000,-0.00010925434)  (-0.0000000,-0.00023341900)  (-0.0000000,-6.9226818e-05)  (-0.0000000,-0.00021925430)  (0.0000000,9.3318324e-05)  (-0.0000000,-0.00012304333)  (0.0000000,0.00075253808)  (0.41854636,0.0000000)  (0.0000000,-0.00016567973)  (0.0000000,-0.0010804166)  (0.0000000,0.00034624540)  
(0.0000000,5.6076560e-05)  (0.0000000,1.8866627e-05)  (0.0000000,0.00035971529)  (0.0000000,0.00011936445)  (-0.0000000,-0.00022335441)  (0.0000000,0.00010489085)  (-0.0000000,-0.00073736186)  (0.0000000,0.00016567973)  (0.45240693,0.0000000)  (0.0000000,0.0029145750)  (0.0000000,-0.0011264732)  
(0.0000000,0.00013020027)  (0.0000000,4.7637492e-06)  (0.0000000,3.9776265e-05)  (-0.0000000,-0.00074019618)  (-0.0000000,-0.00010048529)  (0.0000000,0.00014672670)  (0.0000000,0.0032504316)  (0.0000000,0.0010804166)  (-0.0000000,-0.0029145750)  (0.45795597,0.0000000)  (0.0000000,-0.0011138315)  
(0.0000000,1.8660497e-05)  (-0.0000000,-0.00019109781)  (-0.0000000,-0.00023844004)  (0.0000000,0.00013421360)  (-0.0000000,-4.2619290e-05)  (0.0000000,0.00037099290)  (-0.0000000,-0.00060059957)  (-0.0000000,-0.00034624540)  (0.0000000,0.0011264732)  (0.0000000,0.0011138315)  (0.46278196,0.0000000)  
