(0.0000000,0.0000000)  (0.0000000,6.7374807e-06)  (0.0000000,-4.3661433e-05)  (0.0000000,-8.2110530e-05)  (0.0000000,-3.3576327e-05)  (0.0000000,-1.9483323e-05)  (0.0000000,8.1670685e-06)  (0.0000000,-1.3791999e-05)  (0.0000000,-5.1351695e-06)  (0.0000000,6.3919222e-05)  (0.0000000,-1.6431740e-05)  
(-0.0000000,-6.7374807e-06)  (0.21815038,0.0000000)  (0.0000000,-0.0032795237)  (0.0000000,0.00083762540)  (0.0000000,-9.2159579e-05)  (0.0000000,-2.1418062e-05)  (0.0000000,0.00074580968)  (0.0000000,-3.7285208e-05)  (0.0000000,1.1910817e-05)  (0.0000000,-2.5528351e-05)  (0.0000000,2.0177925e-05)  
(0.0000000,4.3661433e-05)  (0.0000000,0.0032795237)  (0.34814909,0.0000000)  (0.0000000,5.9961031e-05)  (0.0000000,0.00017923353)  (0.0000000,-0.0013391126)  (0.0000000,0.00014000640)  (0.0000000,-0.0014603147)  (0.0000000,-0.0014274983)  (0.0000000,-0.00046999150)  (0.0000000,4.5403971e-05)  
(0.0000000,8.2110530e-05)  (-0.0000000,-0.00083762540)  (-0.0000000,-5.9961031e-05)  (0.36281669,0.0000000)  (0.0000000,0.00084779652)  (0.0000000,-0.0060242542)  (0.0000000,2.1480992e-05)  (0.0000000,0.00016455778)  (0.0000000,-0.00046446820)  (0.0000000,0.00020427483)  (0.0000000,-9.5665637e-05)  
(0.0000000,3.3576327e-05)  (0.0000000,9.2159579e-05)  (-0.0000000,-0.00017923353)  (-0.0000000,-0.00084779652)  (0.37669160,0.0000000)  (0.0000000,-0.012803969)  (0.0000000,-3.7541177e-05)  (0.0000000,-5.2848267e-05)  (0.0000000,0.00015488035)  (0.0000000,0.00055408275)  (0.0000000,0.00030597257)  
(0.0000000,1.9483323e-05)  (0.0000000,2.1418062e-05)  (0.0000000,0.0013391126)  (0.0000000,0.0060242542)  (0.0000000,0.012803969)  (0.38991198,0.0000000)  (0.0000000,0.00018521657)  (0.0000000,-2.4778018e-05)  (0.0000000,-9.0184975e-05)  (0.0000000,-1.9772229e-05)  (0.0000000,0.00039794033)  
(-0.0000000,-8.1670685e-06)  (-0.0000000,-0.00074580968)  (-0.0000000,-0.00014000640)  (-0.0000000,-2.1480992e-05)  (0.0000000,3.7541177e-05)  (-0.0000000,-0.00018521657)  (0.40789773,0.0000000)  (0.0000000,0.0079769026)  (0.0000000,0.00071839982)  (0.0000000,0.00015865570)  (0.0000000,-4.4949296e-05)  
(0.0000000,1.3791999e-05)  (0.0000000,3.7285208e-05)  (0.0000000,0.0014603147)  (-0.0000000,-0.00016455778)  (0.0000000,5.2848267e-05)  (0.0000000,2.4778018e-05)  (-0.0000000,-0.0079769026)  (0.42107071,0.0000000)  (0.0000000,2.1500093e-05)  (0.0000000,-0.00021425237)  (0.0000000,6.5335863e-05)  
(0.0000000,5.1351695e-06)  (-0.0000000,-1.1910817e-05)  (0.0000000,0.0014274983)  (0.0000000,0.00046446820)  (-0.0000000,-0.00015488035)  (0.0000000,9.0184975e-05)  (-0.0000000,-0.00071839982)  (-0.0000000,-2.1500093e-05)  (0.44996968,0.0000000)  (0.0000000,0.00012781797)  (0.0000000,0.00056736533)  
(-0.0000000,-6.3919222e-05)  (0.0000000,2.5528351e-05)  (0.0000000,0.00046999150)  (-0.0000000,-0.00020427483)  (-0.0000000,-0.00055408275)  (0.0000000,1.9772229e-05)  (-0.0000000,-0.00015865570)  (0.0000000,0.00021425237)  (-0.0000000,-0.00012781797)  (0.45799677,0.0000000)  (0.0000000,-0.00012537471)  
(0.0000000,1.6431740e-05)  (-0.0000000,-2.0177925e-05)  (-0.0000000,-4.5403971e-05)  (0.0000000,9.5665637e-05)  (-0.0000000,-0.00030597257)  (-0.0000000,-0.00039794033)  (0.0000000,4.4949296e-05)  (-0.0000000,-6.5335863e-05)  (-0.0000000,-0.00056736533)  (0.0000000,0.00012537471)  (0.47199405,0.0000000)  
