(0.0000000,0.0000000)  (0.0000000,-1.5464528e-05)  (0.0000000,6.7256689e-05)  (0.0000000,0.00043505170)  (0.0000000,-1.9292556e-05)  (0.0000000,-7.7832356e-06)  (0.0000000,7.0622140e-05)  (0.0000000,-9.2900471e-05)  (0.0000000,8.2127445e-06)  (0.0000000,8.9697802e-06)  (0.0000000,-1.5769326e-05)  
(0.0000000,1.5464528e-05)  (0.21054408,0.0000000)  (0.0000000,-1.2707828e-05)  (0.0000000,-3.0161356e-05)  (0.0000000,7.6126694e-06)  (0.0000000,8.3879907e-07)  (0.0000000,6.1270448e-05)  (0.0000000,-0.00011434542)  (0.0000000,-1.9700928e-05)  (0.0000000,1.9730160e-06)  (0.0000000,9.9507716e-07)  
(-0.0000000,-6.7256689e-05)  (0.0000000,1.2707828e-05)  (0.34914483,0.0000000)  (0.0000000,0.00039564083)  (0.0000000,0.00010372524)  (0.0000000,-0.00012045693)  (0.0000000,0.00081627198)  (0.0000000,-0.00094000766)  (0.0000000,-0.00032279480)  (0.0000000,-1.1160863e-05)  (0.0000000,5.7288868e-05)  
(-0.0000000,-0.00043505170)  (0.0000000,3.0161356e-05)  (-0.0000000,-0.00039564083)  (0.38587740,0.0000000)  (0.0000000,-0.00019848076)  (0.0000000,0.00026576826)  (0.0000000,-0.0024383768)  (0.0000000,0.0022505527)  (0.0000000,0.00028184692)  (0.0000000,4.5270004e-05)  (0.0000000,1.0198827e-05)  
(0.0000000,1.9292556e-05)  (-0.0000000,-7.6126694e-06)  (-0.0000000,-0.00010372524)  (0.0000000,0.00019848076)  (0.40504833,0.0000000)  (0.0000000,-0.0016683094)  (0.0000000,-0.00097740680)  (0.0000000,-0.0010399032)  (0.0000000,0.00046687005)  (0.0000000,-0.00022431636)  (0.0000000,0.00090986271)  
(0.0000000,7.7832356e-06)  (-0.0000000,-8.3879907e-07)  (0.0000000,0.00012045693)  (-0.0000000,-0.00026576826)  (0.0000000,0.0016683094)  (0.41232608,0.0000000)  (0.0000000,0.00030973834)  (0.0000000,0.00038569346)  (0.0000000,0.00071080959)  (0.0000000,-0.0011489499)  (0.0000000,-0.00018610337)  
(-0.0000000,-7.0622140e-05)  (-0.0000000,-6.1270448e-05)  (-0.0000000,-0.00081627198)  (0.0000000,0.0024383768)  (0.0000000,0.00097740680)  (-0.0000000,-0.00030973834)  (0.42901161,0.0000000)  (0.0000000,0.00096707279)  (0.0000000,-0.0046882909)  (0.0000000,-0.00075508406)  (0.0000000,0.0010079203)  
(0.0000000,9.2900471e-05)  (0.0000000,0.00011434542)  (0.0000000,0.00094000766)  (-0.0000000,-0.0022505527)  (0.0000000,0.0010399032)  (-0.0000000,-0.00038569346)  (-0.0000000,-0.00096707279)  (0.43199147,0.0000000)  (0.0000000,-0.0052068589)  (0.0000000,-0.00057203367)  (0.0000000,0.00087911995)  
(-0.0000000,-8.2127445e-06)  (0.0000000,1.9700928e-05)  (0.0000000,0.00032279480)  (-0.0000000,-0.00028184692)  (-0.0000000,-0.00046687005)  (-0.0000000,-0.00071080959)  (0.0000000,0.0046882909)  (0.0000000,0.0052068589)  (0.43759160,0.0000000)  (0.0000000,-0.00034450513)  (0.0000000,0.0011330557)  
(-0.0000000,-8.9697802e-06)  (-0.0000000,-1.9730160e-06)  (0.0000000,1.1160863e-05)  (-0.0000000,-4.5270004e-05)  (0.0000000,0.00022431636)  (0.0000000,0.0011489499)  (0.0000000,0.00075508406)  (0.0000000,0.00057203367)  (0.0000000,0.00034450513)  (0.45112712,0.0000000)  (0.0000000,-0.0021189222)  
(0.0000000,1.5769326e-05)  (-0.0000000,-9.9507716e-07)  (-0.0000000,-5.7288868e-05)  (-0.0000000,-1.0198827e-05)  (-0.0000000,-0.00090986271)  (0.0000000,0.00018610337)  (-0.0000000,-0.0010079203)  (-0.0000000,-0.00087911995)  (-0.0000000,-0.0011330557)  (0.0000000,0.0021189222)  (0.46809764,0.0000000)  
