(0.0000000,0.0000000)  (0.0000000,-8.9182731e-06)  (0.0000000,7.4457713e-06)  (0.0000000,-0.00014992389)  (0.0000000,0.00051602735)  (0.0000000,-6.9219034e-05)  (0.0000000,-5.1329077e-07)  (0.0000000,2.5451776e-05)  (0.0000000,-2.3663396e-05)  (0.0000000,-1.9288005e-07)  (0.0000000,-8.2705959e-05)  
(0.0000000,8.9182731e-06)  (0.21418415,0.0000000)  (0.0000000,-7.7347170e-05)  (0.0000000,0.00028653868)  (0.0000000,0.00010625322)  (0.0000000,9.9180858e-05)  (0.0000000,0.00011508991)  (0.0000000,9.8744458e-05)  (0.0000000,8.5232222e-05)  (0.0000000,4.5073077e-05)  (0.0000000,2.8070953e-05)  
(-0.0000000,-7.4457713e-06)  (0.0000000,7.7347170e-05)  (0.34595513,0.0000000)  (0.0000000,-0.0013894794)  (0.0000000,-0.0033059787)  (0.0000000,-0.0016407112)  (0.0000000,-0.0027983955)  (0.0000000,-0.00089408479)  (0.0000000,-0.0025428706)  (0.0000000,-0.00055146253)  (0.0000000,-0.00020798984)  
(0.0000000,0.00014992389)  (-0.0000000,-0.00028653868)  (0.0000000,0.0013894794)  (0.38313458,0.0000000)  (0.0000000,0.00025527640)  (0.0000000,-0.00018905651)  (0.0000000,0.00094113293)  (0.0000000,0.00065329716)  (0.0000000,-0.00093816074)  (0.0000000,0.0040067220)  (0.0000000,2.9372900e-05)  
(-0.0000000,-0.00051602735)  (-0.0000000,-0.00010625322)  (0.0000000,0.0033059787)  (-0.0000000,-0.00025527640)  (0.38906343,0.0000000)  (0.0000000,0.0018180085)  (0.0000000,-0.00051927755)  (0.0000000,0.00063176501)  (0.0000000,-0.00052444921)  (0.0000000,0.00057355611)  (0.0000000,-0.00010624425)  
(0.0000000,6.9219034e-05)  (-0.0000000,-9.9180858e-05)  (0.0000000,0.0016407112)  (0.0000000,0.00018905651)  (-0.0000000,-0.0018180085)  (0.40595164,0.0000000)  (0.0000000,-0.00070379735)  (0.0000000,0.00091956613)  (0.0000000,-0.00052166103)  (0.0000000,0.00031393512)  (0.0000000,0.0015220888)  
(0.0000000,5.1329077e-07)  (-0.0000000,-0.00011508991)  (0.0000000,0.0027983955)  (-0.0000000,-0.00094113293)  (0.0000000,0.00051927755)  (0.0000000,0.00070379735)  (0.41674268,0.0000000)  (0.0000000,-0.00010858637)  (0.0000000,0.00032036522)  (0.0000000,-0.00048605654)  (0.0000000,-4.7037000e-05)  
(-0.0000000,-2.5451776e-05)  (-0.0000000,-9.8744458e-05)  (0.0000000,0.00089408479)  (-0.0000000,-0.00065329716)  (-0.0000000,-0.00063176501)  (-0.0000000,-0.00091956613)  (0.0000000,0.00010858637)  (0.41992760,0.0000000)  (0.0000000,-0.00011359585)  (0.0000000,-0.00050611195)  (0.0000000,-0.00013585952)  
(0.0000000,2.3663396e-05)  (-0.0000000,-8.5232222e-05)  (0.0000000,0.0025428706)  (0.0000000,0.00093816074)  (0.0000000,0.00052444921)  (0.0000000,0.00052166103)  (-0.0000000,-0.00032036522)  (0.0000000,0.00011359585)  (0.45004189,0.0000000)  (0.0000000,-4.7899223e-05)  (0.0000000,0.00078467554)  
(0.0000000,1.9288005e-07)  (-0.0000000,-4.5073077e-05)  (0.0000000,0.00055146253)  (-0.0000000,-0.0040067220)  (-0.0000000,-0.00057355611)  (-0.0000000,-0.00031393512)  (0.0000000,0.00048605654)  (0.0000000,0.00050611195)  (0.0000000,4.7899223e-05)  (0.45418801,0.0000000)  (0.0000000,0.00016928036)  
(0.0000000,8.2705959e-05)  (-0.0000000,-2.8070953e-05)  (0.0000000,0.00020798984)  (-0.0000000,-2.9372900e-05)  (0.0000000,0.00010624425)  (-0.0000000,-0.0015220888)  (0.0000000,4.7037000e-05)  (0.0000000,0.00013585952)  (-0.0000000,-0.00078467554)  (-0.0000000,-0.00016928036)  (0.46365992,0.0000000)  
