(0.0000000,0.0000000)  (0.0000000,3.6742155e-05)  (0.0000000,-1.0545012e-05)  (0.0000000,-2.4214001e-05)  (0.0000000,-0.00026104287)  (0.0000000,-0.00015495876)  (0.0000000,-2.6795082e-05)  (0.0000000,0.00059991726)  (0.0000000,0.00010148481)  (0.0000000,3.7061056e-07)  (0.0000000,2.5541286e-05)  
(-0.0000000,-3.6742155e-05)  (0.20022142,0.0000000)  (0.0000000,-0.00039251526)  (0.0000000,-2.2010321e-05)  (0.0000000,-0.00026346581)  (0.0000000,-4.1991348e-05)  (0.0000000,-8.5398244e-05)  (0.0000000,1.6985943e-05)  (0.0000000,0.00014363797)  (0.0000000,-0.00012306631)  (0.0000000,-1.8006275e-06)  
(0.0000000,1.0545012e-05)  (0.0000000,0.00039251526)  (0.35715134,0.0000000)  (0.0000000,7.4219356e-05)  (0.0000000,0.00073653992)  (0.0000000,-0.00084364496)  (0.0000000,-5.2372198e-05)  (0.0000000,4.2151515e-05)  (0.0000000,2.7307069e-05)  (0.0000000,-0.00018876542)  (0.0000000,4.4692526e-05)  
(0.0000000,2.4214001e-05)  (0.0000000,2.2010321e-05)  (-0.0000000,-7.4219356e-05)  (0.38324556,0.0000000)  (0.0000000,0.00099956947)  (0.0000000,-0.0019520176)  (0.0000000,-3.0279889e-06)  (0.0000000,5.4687724e-05)  (0.0000000,6.7029107e-05)  (0.0000000,-0.00036389845)  (0.0000000,-0.00069614171)  
(0.0000000,0.00026104287)  (0.0000000,0.00026346581)  (-0.0000000,-0.00073653992)  (-0.0000000,-0.00099956947)  (0.39987762,0.0000000)  (0.0000000,-0.00023898561)  (0.0000000,0.0025927820)  (0.0000000,0.00029424409)  (0.0000000,0.00024853476)  (0.0000000,-0.0018979063)  (0.0000000,0.00021198682)  
(0.0000000,0.00015495876)  (0.0000000,4.1991348e-05)  (0.0000000,0.00084364496)  (0.0000000,0.0019520176)  (0.0000000,0.00023898561)  (0.40466760,0.0000000)  (0.0000000,-0.0054968873)  (0.0000000,0.00015929934)  (0.0000000,5.5944003e-05)  (0.0000000,-0.0010389327)  (0.0000000,0.00026020975)  
(0.0000000,2.6795082e-05)  (0.0000000,8.5398244e-05)  (0.0000000,5.2372198e-05)  (0.0000000,3.0279889e-06)  (-0.0000000,-0.0025927820)  (0.0000000,0.0054968873)  (0.41151354,0.0000000)  (0.0000000,-2.5797246e-05)  (0.0000000,-4.5424257e-05)  (0.0000000,2.7400867e-05)  (0.0000000,-0.00019979427)  
(-0.0000000,-0.00059991726)  (-0.0000000,-1.6985943e-05)  (-0.0000000,-4.2151515e-05)  (-0.0000000,-5.4687724e-05)  (-0.0000000,-0.00029424409)  (-0.0000000,-0.00015929934)  (0.0000000,2.5797246e-05)  (0.43299750,0.0000000)  (0.0000000,-2.5741171e-05)  (0.0000000,0.00024118609)  (0.0000000,-4.8653199e-05)  
(-0.0000000,-0.00010148481)  (-0.0000000,-0.00014363797)  (-0.0000000,-2.7307069e-05)  (-0.0000000,-6.7029107e-05)  (-0.0000000,-0.00024853476)  (-0.0000000,-5.5944003e-05)  (0.0000000,4.5424257e-05)  (0.0000000,2.5741171e-05)  (0.44789350,0.0000000)  (0.0000000,-0.0016532273)  (0.0000000,0.00010087238)  
(-0.0000000,-3.7061056e-07)  (0.0000000,0.00012306631)  (0.0000000,0.00018876542)  (0.0000000,0.00036389845)  (0.0000000,0.0018979063)  (0.0000000,0.0010389327)  (-0.0000000,-2.7400867e-05)  (-0.0000000,-0.00024118609)  (0.0000000,0.0016532273)  (0.45277719,0.0000000)  (0.0000000,0.00033208838)  
(-0.0000000,-2.5541286e-05)  (0.0000000,1.8006275e-06)  (-0.0000000,-4.4692526e-05)  (0.0000000,0.00069614171)  (-0.0000000,-0.00021198682)  (-0.0000000,-0.00026020975)  (0.0000000,0.00019979427)  (0.0000000,4.8653199e-05)  (-0.0000000,-0.00010087238)  (-0.0000000,-0.00033208838)  (0.45714601,0.0000000)  
