(0.0000000,0.0000000)  (0.0000000,2.3676730e-05)  (0.0000000,8.3664976e-05)  (0.0000000,0.00015908113)  (0.0000000,0.00094976275)  (0.0000000,3.1838893e-05)  (0.0000000,-0.00011273977)  (0.0000000,-0.00073940598)  (0.0000000,0.00035464117)  (0.0000000,0.00014139879)  (0.0000000,-4.9069589e-05)  
(-0.0000000,-2.3676730e-05)  (0.20603598,0.0000000)  (0.0000000,0.00040541731)  (0.0000000,-0.00032607729)  (0.0000000,2.6068895e-05)  (0.0000000,1.7275542e-07)  (0.0000000,-0.00010936690)  (0.0000000,8.0346854e-05)  (0.0000000,0.00042630268)  (0.0000000,2.7184992e-05)  (0.0000000,-4.3798962e-05)  
(-0.0000000,-8.3664976e-05)  (-0.0000000,-0.00040541731)  (0.36160854,0.0000000)  (0.0000000,-0.00081110930)  (0.0000000,0.00048669678)  (0.0000000,-5.4858861e-05)  (0.0000000,-0.00014737846)  (0.0000000,0.00028142588)  (0.0000000,0.00090748821)  (0.0000000,-0.0019690030)  (0.0000000,0.00037582114)  
(-0.0000000,-0.00015908113)  (0.0000000,0.00032607729)  (0.0000000,0.00081110930)  (0.39261144,0.0000000)  (0.0000000,0.00031854968)  (0.0000000,-2.0546374e-05)  (0.0000000,4.2829514e-05)  (0.0000000,-0.00016036326)  (0.0000000,-0.00022578369)  (0.0000000,0.00050201306)  (0.0000000,9.7881324e-05)  
(-0.0000000,-0.00094976275)  (-0.0000000,-2.6068895e-05)  (-0.0000000,-0.00048669678)  (-0.0000000,-0.00031854968)  (0.39743541,0.0000000)  (0.0000000,-7.3953056e-05)  (0.0000000,0.00032218181)  (0.0000000,0.0011836111)  (0.0000000,-0.0013518173)  (0.0000000,-0.00034814275)  (0.0000000,-2.0913969e-05)  
(-0.0000000,-3.1838893e-05)  (-0.0000000,-1.7275542e-07)  (0.0000000,5.4858861e-05)  (0.0000000,2.0546374e-05)  (0.0000000,7.3953056e-05)  (0.41077340,0.0000000)  (0.0000000,-0.00050691662)  (0.0000000,6.0417405e-05)  (0.0000000,-0.00039140672)  (0.0000000,0.00060803310)  (0.0000000,-8.5143386e-06)  
(0.0000000,0.00011273977)  (0.0000000,0.00010936690)  (0.0000000,0.00014737846)  (-0.0000000,-4.2829514e-05)  (-0.0000000,-0.00032218181)  (0.0000000,0.00050691662)  (0.42122836,0.0000000)  (0.0000000,-0.00058920352)  (0.0000000,0.00053337024)  (0.0000000,-0.0035942583)  (0.0000000,-5.9784230e-05)  
(0.0000000,0.00073940598)  (-0.0000000,-8.0346854e-05)  (-0.0000000,-0.00028142588)  (0.0000000,0.00016036326)  (-0.0000000,-0.0011836111)  (-0.0000000,-6.0417405e-05)  (0.0000000,0.00058920352)  (0.42832531,0.0000000)  (0.0000000,-0.0024021359)  (0.0000000,0.00023423097)  (0.0000000,0.00082958473)  
(-0.0000000,-0.00035464117)  (-0.0000000,-0.00042630268)  (-0.0000000,-0.00090748821)  (0.0000000,0.00022578369)  (0.0000000,0.0013518173)  (0.0000000,0.00039140672)  (-0.0000000,-0.00053337024)  (0.0000000,0.0024021359)  (0.44598471,0.0000000)  (0.0000000,0.015898185)  (0.0000000,0.00019576258)  
(-0.0000000,-0.00014139879)  (-0.0000000,-2.7184992e-05)  (0.0000000,0.0019690030)  (-0.0000000,-0.00050201306)  (0.0000000,0.00034814275)  (-0.0000000,-0.00060803310)  (0.0000000,0.0035942583)  (-0.0000000,-0.00023423097)  (-0.0000000,-0.015898185)  (0.45498732,0.0000000)  (0.0000000,-0.00019517582)  
(0.0000000,4.9069589e-05)  (0.0000000,4.3798962e-05)  (-0.0000000,-0.00037582114)  (-0.0000000,-9.7881324e-05)  (0.0000000,2.0913969e-05)  (0.0000000,8.5143386e-06)  (0.0000000,5.9784230e-05)  (-0.0000000,-0.00082958473)  (-0.0000000,-0.00019576258)  (0.0000000,0.00019517582)  (0.46622101,0.0000000)  
