(0.0000000,0.0000000)  (0.0000000,2.1656735e-07)  (0.0000000,-2.1042127e-05)  (0.0000000,0.00011895347)  (0.0000000,-9.6720781e-06)  (0.0000000,-3.7421710e-05)  (0.0000000,-3.7180921e-05)  (0.0000000,1.6384449e-05)  (0.0000000,3.7116523e-06)  (0.0000000,-0.00010599049)  (0.0000000,3.6592913e-05)  
(-0.0000000,-2.1656735e-07)  (0.21379681,0.0000000)  (0.0000000,-0.00023375019)  (0.0000000,2.5876112e-05)  (0.0000000,-5.3877290e-05)  (0.0000000,3.7319414e-05)  (0.0000000,8.4090106e-06)  (0.0000000,4.0930446e-05)  (0.0000000,0.00032849946)  (0.0000000,1.6426839e-05)  (0.0000000,2.6908825e-05)  
(0.0000000,2.1042127e-05)  (0.0000000,0.00023375019)  (0.33112951,0.0000000)  (0.0000000,-0.00034153315)  (0.0000000,6.4129647e-05)  (0.0000000,0.00034693600)  (0.0000000,0.0034593963)  (0.0000000,0.0010750103)  (0.0000000,0.0051636713)  (0.0000000,9.9163671e-06)  (0.0000000,0.00018666834)  
(-0.0000000,-0.00011895347)  (-0.0000000,-2.5876112e-05)  (0.0000000,0.00034153315)  (0.35944324,0.0000000)  (0.0000000,0.00018320951)  (0.0000000,0.00019659054)  (0.0000000,-0.00091978644)  (0.0000000,0.00037403513)  (0.0000000,-0.0018361213)  (0.0000000,0.00085765912)  (0.0000000,0.0022040518)  
(0.0000000,9.6720781e-06)  (0.0000000,5.3877290e-05)  (-0.0000000,-6.4129647e-05)  (-0.0000000,-0.00018320951)  (0.37815810,0.0000000)  (0.0000000,-0.00038578741)  (0.0000000,-0.00013883984)  (0.0000000,4.5798262e-05)  (0.0000000,-0.00027437325)  (0.0000000,-0.00039642951)  (0.0000000,-0.0010727289)  
(0.0000000,3.7421710e-05)  (-0.0000000,-3.7319414e-05)  (-0.0000000,-0.00034693600)  (-0.0000000,-0.00019659054)  (0.0000000,0.00038578741)  (0.38975488,0.0000000)  (0.0000000,0.0020270061)  (0.0000000,-0.00030180253)  (0.0000000,3.2879724e-06)  (0.0000000,-0.0014809527)  (0.0000000,-0.0038763677)  
(0.0000000,3.7180921e-05)  (-0.0000000,-8.4090106e-06)  (-0.0000000,-0.0034593963)  (0.0000000,0.00091978644)  (0.0000000,0.00013883984)  (-0.0000000,-0.0020270061)  (0.40931921,0.0000000)  (0.0000000,-0.021922348)  (0.0000000,0.0011418691)  (0.0000000,0.00028327707)  (0.0000000,0.00029406216)  
(-0.0000000,-1.6384449e-05)  (-0.0000000,-4.0930446e-05)  (-0.0000000,-0.0010750103)  (-0.0000000,-0.00037403513)  (-0.0000000,-4.5798262e-05)  (0.0000000,0.00030180253)  (0.0000000,0.021922348)  (0.41471684,0.0000000)  (0.0000000,-0.0035705590)  (0.0000000,-7.7569755e-05)  (0.0000000,-0.00030579871)  
(-0.0000000,-3.7116523e-06)  (-0.0000000,-0.00032849946)  (-0.0000000,-0.0051636713)  (0.0000000,0.0018361213)  (0.0000000,0.00027437325)  (-0.0000000,-3.2879724e-06)  (-0.0000000,-0.0011418691)  (0.0000000,0.0035705590)  (0.43443387,0.0000000)  (0.0000000,0.00026209183)  (0.0000000,0.00066020851)  
(0.0000000,0.00010599049)  (-0.0000000,-1.6426839e-05)  (-0.0000000,-9.9163671e-06)  (-0.0000000,-0.00085765912)  (0.0000000,0.00039642951)  (0.0000000,0.0014809527)  (-0.0000000,-0.00028327707)  (0.0000000,7.7569755e-05)  (-0.0000000,-0.00026209183)  (0.45439418,0.0000000)  (0.0000000,0.0016047331)  
(-0.0000000,-3.6592913e-05)  (-0.0000000,-2.6908825e-05)  (-0.0000000,-0.00018666834)  (-0.0000000,-0.0022040518)  (0.0000000,0.0010727289)  (0.0000000,0.0038763677)  (-0.0000000,-0.00029406216)  (0.0000000,0.00030579871)  (-0.0000000,-0.00066020851)  (-0.0000000,-0.0016047331)  (0.45555603,0.0000000)  
