(0.0000000,0.0000000)  (0.0000000,-7.3156555e-05)  (0.0000000,0.00017742247)  (0.0000000,-0.0010126219)  (0.0000000,0.00036022206)  (0.0000000,-0.00031424554)  (0.0000000,0.00054817277)  (0.0000000,8.5347374e-06)  (0.0000000,-0.00026744637)  (0.0000000,-0.00031073761)  (0.0000000,0.00048434469)  
(0.0000000,7.3156555e-05)  (0.20429293,0.0000000)  (0.0000000,-0.00022349808)  (0.0000000,0.00019117728)  (0.0000000,5.1652458e-05)  (0.0000000,0.00043542897)  (0.0000000,0.00029968935)  (0.0000000,-0.00018953513)  (0.0000000,0.00019041810)  (0.0000000,-1.2277627e-05)  (0.0000000,8.9610883e-05)  
(-0.0000000,-0.00017742247)  (0.0000000,0.00022349808)  (0.35537319,0.0000000)  (0.0000000,-0.00081395339)  (0.0000000,0.00055564749)  (0.0000000,0.00061265943)  (0.0000000,0.00046867883)  (0.0000000,-0.00039551274)  (0.0000000,0.00030785356)  (0.0000000,-0.00013620899)  (0.0000000,0.00078144899)  
(0.0000000,0.0010126219)  (-0.0000000,-0.00019117728)  (0.0000000,0.00081395339)  (0.39486697,0.0000000)  (0.0000000,-0.00038628047)  (0.0000000,-0.0014404918)  (0.0000000,2.9186380e-05)  (0.0000000,0.0011526009)  (0.0000000,-0.00012603111)  (0.0000000,-6.2576781e-05)  (0.0000000,-2.0327307e-05)  
(-0.0000000,-0.00036022206)  (-0.0000000,-5.1652458e-05)  (-0.0000000,-0.00055564749)  (0.0000000,0.00038628047)  (0.39868766,0.0000000)  (0.0000000,0.00035707737)  (0.0000000,0.00079066904)  (0.0000000,-0.00027950269)  (0.0000000,-0.00028685290)  (0.0000000,-0.00014062903)  (0.0000000,-0.00038729041)  
(0.0000000,0.00031424554)  (-0.0000000,-0.00043542897)  (-0.0000000,-0.00061265943)  (0.0000000,0.0014404918)  (-0.0000000,-0.00035707737)  (0.42329407,0.0000000)  (0.0000000,0.0093672897)  (0.0000000,2.6450900e-05)  (0.0000000,-0.0020494117)  (0.0000000,-0.0011263885)  (0.0000000,0.00061399855)  
(-0.0000000,-0.00054817277)  (-0.0000000,-0.00029968935)  (-0.0000000,-0.00046867883)  (-0.0000000,-2.9186380e-05)  (-0.0000000,-0.00079066904)  (-0.0000000,-0.0093672897)  (0.42592959,0.0000000)  (0.0000000,0.0059766505)  (0.0000000,-0.0023821554)  (0.0000000,0.0013704433)  (0.0000000,-3.3576402e-05)  
(-0.0000000,-8.5347374e-06)  (0.0000000,0.00018953513)  (0.0000000,0.00039551274)  (-0.0000000,-0.0011526009)  (0.0000000,0.00027950269)  (-0.0000000,-2.6450900e-05)  (-0.0000000,-0.0059766505)  (0.43149443,0.0000000)  (0.0000000,0.0013895465)  (0.0000000,-0.00094820703)  (0.0000000,0.00046902184)  
(0.0000000,0.00026744637)  (-0.0000000,-0.00019041810)  (-0.0000000,-0.00030785356)  (0.0000000,0.00012603111)  (0.0000000,0.00028685290)  (0.0000000,0.0020494117)  (0.0000000,0.0023821554)  (-0.0000000,-0.0013895465)  (0.44049024,0.0000000)  (0.0000000,-0.0036621796)  (0.0000000,0.0014071049)  
(0.0000000,0.00031073761)  (0.0000000,1.2277627e-05)  (0.0000000,0.00013620899)  (0.0000000,6.2576781e-05)  (0.0000000,0.00014062903)  (0.0000000,0.0011263885)  (-0.0000000,-0.0013704433)  (0.0000000,0.00094820703)  (0.0000000,0.0036621796)  (0.45789736,0.0000000)  (0.0000000,0.0098045704)  
(-0.0000000,-0.00048434469)  (-0.0000000,-8.9610883e-05)  (-0.0000000,-0.00078144899)  (0.0000000,2.0327307e-05)  (0.0000000,0.00038729041)  (-0.0000000,-0.00061399855)  (0.0000000,3.3576402e-05)  (-0.0000000,-0.00046902184)  (-0.0000000,-0.0014071049)  (-0.0000000,-0.0098045704)  (0.46126236,0.0000000)  
