(0.0000000,0.0000000)  (0.0000000,2.2127130e-05)  (0.0000000,-7.6088630e-06)  (0.0000000,8.3849794e-05)  (0.0000000,-1.5369421e-05)  (0.0000000,-3.5751584e-05)  (0.0000000,9.1736175e-06)  (0.0000000,-4.5078594e-05)  (0.0000000,1.5406598e-05)  (0.0000000,-3.8552609e-05)  (0.0000000,0.00017104849)  
(-0.0000000,-2.2127130e-05)  (0.22137555,0.0000000)  (0.0000000,-0.00012155040)  (0.0000000,0.00018752531)  (0.0000000,-0.00043337068)  (0.0000000,-0.00027308059)  (0.0000000,-0.00036295529)  (0.0000000,0.00011193957)  (0.0000000,-4.0753915e-07)  (0.0000000,4.1495281e-05)  (0.0000000,9.5887559e-05)  
(0.0000000,7.6088630e-06)  (0.0000000,0.00012155040)  (0.33915953,0.0000000)  (0.0000000,-0.00089671899)  (0.0000000,-0.0021403435)  (0.0000000,-0.00078579333)  (0.0000000,-0.0021214706)  (0.0000000,-0.00066788126)  (0.0000000,0.00044093573)  (0.0000000,-6.7671292e-05)  (0.0000000,-0.00016995119)  
(-0.0000000,-8.3849794e-05)  (-0.0000000,-0.00018752531)  (0.0000000,0.00089671899)  (0.38043034,0.0000000)  (0.0000000,-0.0017373910)  (0.0000000,0.00079800636)  (0.0000000,-0.00080883327)  (0.0000000,0.0014543742)  (0.0000000,-0.00082218820)  (0.0000000,-0.00097175509)  (0.0000000,-0.0032889480)  
(0.0000000,1.5369421e-05)  (0.0000000,0.00043337068)  (0.0000000,0.0021403435)  (0.0000000,0.0017373910)  (0.38516096,0.0000000)  (0.0000000,0.0033697412)  (0.0000000,0.00029544120)  (0.0000000,0.00035031664)  (0.0000000,-0.00012857311)  (0.0000000,0.00072319494)  (0.0000000,0.0010406285)  
(0.0000000,3.5751584e-05)  (0.0000000,0.00027308059)  (0.0000000,0.00078579333)  (-0.0000000,-0.00079800636)  (-0.0000000,-0.0033697412)  (0.39486605,0.0000000)  (0.0000000,4.3914035e-05)  (0.0000000,-0.00056671373)  (0.0000000,-0.00051400167)  (0.0000000,-0.00019991735)  (0.0000000,-0.00031126199)  
(-0.0000000,-9.1736175e-06)  (0.0000000,0.00036295529)  (0.0000000,0.0021214706)  (0.0000000,0.00080883327)  (-0.0000000,-0.00029544120)  (-0.0000000,-4.3914035e-05)  (0.42346790,0.0000000)  (0.0000000,0.00046283338)  (0.0000000,-0.00091979439)  (0.0000000,-0.0010115408)  (0.0000000,-0.00051841534)  
(0.0000000,4.5078594e-05)  (-0.0000000,-0.00011193957)  (0.0000000,0.00066788126)  (-0.0000000,-0.0014543742)  (-0.0000000,-0.00035031664)  (0.0000000,0.00056671373)  (-0.0000000,-0.00046283338)  (0.42827221,0.0000000)  (0.0000000,-1.5866884e-05)  (0.0000000,-0.0011062088)  (0.0000000,0.0015010766)  
(-0.0000000,-1.5406598e-05)  (0.0000000,4.0753915e-07)  (-0.0000000,-0.00044093573)  (0.0000000,0.00082218820)  (0.0000000,0.00012857311)  (0.0000000,0.00051400167)  (0.0000000,0.00091979439)  (0.0000000,1.5866884e-05)  (0.44690585,0.0000000)  (0.0000000,-0.0010018217)  (0.0000000,0.00070314281)  
(0.0000000,3.8552609e-05)  (-0.0000000,-4.1495281e-05)  (0.0000000,6.7671292e-05)  (0.0000000,0.00097175509)  (-0.0000000,-0.00072319494)  (0.0000000,0.00019991735)  (0.0000000,0.0010115408)  (0.0000000,0.0011062088)  (0.0000000,0.0010018217)  (0.45646871,0.0000000)  (0.0000000,0.021662190)  
(-0.0000000,-0.00017104849)  (-0.0000000,-9.5887559e-05)  (0.0000000,0.00016995119)  (0.0000000,0.0032889480)  (-0.0000000,-0.0010406285)  (0.0000000,0.00031126199)  (0.0000000,0.00051841534)  (-0.0000000,-0.0015010766)  (-0.0000000,-0.00070314281)  (-0.0000000,-0.021662190)  (0.45963048,0.0000000)  
