(0.0000000,0.0000000)  (0.0000000,0.00021566177)  (0.0000000,-0.00020457861)  (0.0000000,-2.7261693e-05)  (0.0000000,0.00055399099)  (0.0000000,-0.00010223854)  (0.0000000,-4.1439451e-05)  (0.0000000,-1.9986532e-05)  (0.0000000,-1.3679418e-05)  (0.0000000,0.00012802324)  (0.0000000,-0.00013896909)  
(-0.0000000,-0.00021566177)  (0.19398111,0.0000000)  (0.0000000,-0.00051701661)  (0.0000000,-4.4840732e-06)  (0.0000000,-0.0015448707)  (0.0000000,-0.00099621711)  (0.0000000,-0.00091468067)  (0.0000000,-8.0484542e-05)  (0.0000000,1.7106238e-05)  (0.0000000,0.00014659655)  (0.0000000,4.8540011e-05)  
(0.0000000,0.00020457861)  (0.0000000,0.00051701661)  (0.30265977,0.0000000)  (0.0000000,-0.00016823151)  (0.0000000,-0.0020414576)  (0.0000000,-0.0020107116)  (0.0000000,-0.0026459091)  (0.0000000,7.5817164e-05)  (0.0000000,4.6747863e-05)  (0.0000000,0.00012810926)  (0.0000000,-0.00017204477)  
(0.0000000,2.7261693e-05)  (0.0000000,4.4840732e-06)  (0.0000000,0.00016823151)  (0.32190089,0.0000000)  (0.0000000,8.6374146e-05)  (0.0000000,-0.0011510002)  (0.0000000,0.00063562066)  (0.0000000,-0.00015301933)  (0.0000000,-0.0036824156)  (0.0000000,-5.4727267e-05)  (0.0000000,0.00025377604)  
(-0.0000000,-0.00055399099)  (0.0000000,0.0015448707)  (0.0000000,0.0020414576)  (-0.0000000,-8.6374146e-05)  (0.34576862,0.0000000)  (0.0000000,0.0046367091)  (0.0000000,0.0016558550)  (0.0000000,0.0010565265)  (0.0000000,-7.9723131e-05)  (0.0000000,-0.00010352209)  (0.0000000,-9.6111812e-05)  
(0.0000000,0.00010223854)  (0.0000000,0.00099621711)  (0.0000000,0.0020107116)  (0.0000000,0.0011510002)  (-0.0000000,-0.0046367091)  (0.36221087,0.0000000)  (0.0000000,-0.00087341258)  (0.0000000,-0.0010341876)  (0.0000000,-1.9458858e-05)  (0.0000000,-0.00027684982)  (0.0000000,0.00090655719)  
(0.0000000,4.1439451e-05)  (0.0000000,0.00091468067)  (0.0000000,0.0026459091)  (-0.0000000,-0.00063562066)  (-0.0000000,-0.0016558550)  (0.0000000,0.00087341258)  (0.37287402,0.0000000)  (0.0000000,0.00099391933)  (0.0000000,5.2620355e-05)  (0.0000000,0.00028165619)  (0.0000000,-0.00065636779)  
(0.0000000,1.9986532e-05)  (0.0000000,8.0484542e-05)  (-0.0000000,-7.5817164e-05)  (0.0000000,0.00015301933)  (-0.0000000,-0.0010565265)  (0.0000000,0.0010341876)  (-0.0000000,-0.00099391933)  (0.39274797,0.0000000)  (0.0000000,1.7724761e-05)  (0.0000000,-0.00021232426)  (0.0000000,0.00012025547)  
(0.0000000,1.3679418e-05)  (-0.0000000,-1.7106238e-05)  (-0.0000000,-4.6747863e-05)  (0.0000000,0.0036824156)  (0.0000000,7.9723131e-05)  (0.0000000,1.9458858e-05)  (-0.0000000,-5.2620355e-05)  (-0.0000000,-1.7724761e-05)  (0.41898754,0.0000000)  (0.0000000,0.0031461864)  (0.0000000,0.0015710679)  
(-0.0000000,-0.00012802324)  (-0.0000000,-0.00014659655)  (-0.0000000,-0.00012810926)  (0.0000000,5.4727267e-05)  (0.0000000,0.00010352209)  (0.0000000,0.00027684982)  (-0.0000000,-0.00028165619)  (0.0000000,0.00021232426)  (-0.0000000,-0.0031461864)  (0.43965069,0.0000000)  (0.0000000,-0.017981312)  
(0.0000000,0.00013896909)  (-0.0000000,-4.8540011e-05)  (0.0000000,0.00017204477)  (-0.0000000,-0.00025377604)  (0.0000000,9.6111812e-05)  (-0.0000000,-0.00090655719)  (0.0000000,0.00065636779)  (-0.0000000,-0.00012025547)  (-0.0000000,-0.0015710679)  (0.0000000,0.017981312)  (0.44325310,0.0000000)  
