(0.0000000,0.0000000)  (0.0000000,3.2546802e-06)  (0.0000000,5.0337846e-05)  (0.0000000,0.00016794082)  (0.0000000,-1.8648677e-05)  (0.0000000,0.00026549323)  (0.0000000,2.8427908e-05)  (0.0000000,2.8209678e-05)  (0.0000000,3.5232037e-05)  (0.0000000,6.2843267e-06)  (0.0000000,2.2775438e-05)  
(-0.0000000,-3.2546802e-06)  (0.22329407,0.0000000)  (0.0000000,-0.0019019208)  (0.0000000,0.00047005740)  (0.0000000,-1.2159142e-05)  (0.0000000,4.9512890e-06)  (0.0000000,-2.5322739e-05)  (0.0000000,-1.5952686e-05)  (0.0000000,-3.1494131e-05)  (0.0000000,0.00014214176)  (0.0000000,5.9330075e-05)  
(-0.0000000,-5.0337846e-05)  (0.0000000,0.0019019208)  (0.33691559,0.0000000)  (0.0000000,0.00040843882)  (0.0000000,-6.1495640e-05)  (0.0000000,1.2127644e-06)  (0.0000000,-8.6205298e-06)  (0.0000000,-1.1055787e-05)  (0.0000000,-9.0226105e-05)  (0.0000000,0.00059345962)  (0.0000000,0.00024817041)  
(-0.0000000,-0.00016794082)  (-0.0000000,-0.00047005740)  (-0.0000000,-0.00040843882)  (0.35830785,0.0000000)  (0.0000000,1.6571878e-05)  (0.0000000,4.2872786e-06)  (0.0000000,-4.5141000e-07)  (0.0000000,5.0903077e-06)  (0.0000000,-6.1575611e-06)  (0.0000000,-4.0010908e-05)  (0.0000000,0.00015471463)  
(0.0000000,1.8648677e-05)  (0.0000000,1.2159142e-05)  (0.0000000,6.1495640e-05)  (-0.0000000,-1.6571878e-05)  (0.37425471,0.0000000)  (0.0000000,0.0017388937)  (0.0000000,0.00053619487)  (0.0000000,-0.00024120340)  (0.0000000,-0.00067927077)  (0.0000000,-6.5116978e-05)  (0.0000000,0.00099965611)  
(-0.0000000,-0.00026549323)  (-0.0000000,-4.9512890e-06)  (-0.0000000,-1.2127644e-06)  (-0.0000000,-4.2872786e-06)  (-0.0000000,-0.0017388937)  (0.38142645,0.0000000)  (0.0000000,-3.5772886e-05)  (0.0000000,5.9244759e-05)  (0.0000000,-0.00049656463)  (0.0000000,-0.00011810509)  (0.0000000,-0.00090487691)  
(-0.0000000,-2.8427908e-05)  (0.0000000,2.5322739e-05)  (0.0000000,8.6205298e-06)  (0.0000000,4.5141000e-07)  (-0.0000000,-0.00053619487)  (0.0000000,3.5772886e-05)  (0.41687369,0.0000000)  (0.0000000,0.0013960123)  (0.0000000,-0.0012844518)  (0.0000000,-0.00029237556)  (0.0000000,0.00013973809)  
(-0.0000000,-2.8209678e-05)  (0.0000000,1.5952686e-05)  (0.0000000,1.1055787e-05)  (-0.0000000,-5.0903077e-06)  (0.0000000,0.00024120340)  (-0.0000000,-5.9244759e-05)  (-0.0000000,-0.0013960123)  (0.42299879,0.0000000)  (0.0000000,0.00017146743)  (0.0000000,-0.00020460108)  (0.0000000,0.00015109633)  
(-0.0000000,-3.5232037e-05)  (0.0000000,3.1494131e-05)  (0.0000000,9.0226105e-05)  (0.0000000,6.1575611e-06)  (0.0000000,0.00067927077)  (0.0000000,0.00049656463)  (0.0000000,0.0012844518)  (-0.0000000,-0.00017146743)  (0.43870089,0.0000000)  (0.0000000,0.00014790674)  (0.0000000,-0.0010664410)  
(-0.0000000,-6.2843267e-06)  (-0.0000000,-0.00014214176)  (-0.0000000,-0.00059345962)  (0.0000000,4.0010908e-05)  (0.0000000,6.5116978e-05)  (0.0000000,0.00011810509)  (0.0000000,0.00029237556)  (0.0000000,0.00020460108)  (-0.0000000,-0.00014790674)  (0.44718588,0.0000000)  (0.0000000,0.0076876117)  
(-0.0000000,-2.2775438e-05)  (-0.0000000,-5.9330075e-05)  (-0.0000000,-0.00024817041)  (-0.0000000,-0.00015471463)  (-0.0000000,-0.00099965611)  (0.0000000,0.00090487691)  (-0.0000000,-0.00013973809)  (-0.0000000,-0.00015109633)  (0.0000000,0.0010664410)  (-0.0000000,-0.0076876117)  (0.46016960,0.0000000)  
