(0.0000000,0.0000000)  (0.0000000,9.7152971e-05)  (0.0000000,4.6436493e-05)  (0.0000000,-0.00047370698)  (0.0000000,-0.00025135762)  (0.0000000,0.00013711820)  (0.0000000,6.9320622e-05)  (0.0000000,0.00021738965)  (0.0000000,-0.00027855768)  (0.0000000,-9.5380922e-05)  (0.0000000,-3.4746414e-05)  
(-0.0000000,-9.7152971e-05)  (0.22216107,0.0000000)  (0.0000000,-0.00065839689)  (0.0000000,-6.3193140e-05)  (0.0000000,-5.3235559e-05)  (0.0000000,-0.00015885859)  (0.0000000,7.6606031e-05)  (0.0000000,4.1000975e-06)  (0.0000000,-0.00013725154)  (0.0000000,-0.00010088956)  (0.0000000,6.5624852e-05)  
(-0.0000000,-4.6436493e-05)  (0.0000000,0.00065839689)  (0.34295303,0.0000000)  (0.0000000,-0.00022497107)  (0.0000000,0.0015907270)  (0.0000000,-0.0013531626)  (0.0000000,0.00018377691)  (0.0000000,0.00023051752)  (0.0000000,0.0026424233)  (0.0000000,9.5827591e-05)  (0.0000000,0.0035478326)  
(0.0000000,0.00047370698)  (0.0000000,6.3193140e-05)  (0.0000000,0.00022497107)  (0.38768366,0.0000000)  (0.0000000,0.0015418784)  (0.0000000,-0.00083648004)  (0.0000000,0.00040231391)  (0.0000000,0.00036220041)  (0.0000000,-0.00051575005)  (0.0000000,-0.00042964231)  (0.0000000,0.00071773483)  
(0.0000000,0.00025135762)  (0.0000000,5.3235559e-05)  (-0.0000000,-0.0015907270)  (-0.0000000,-0.0015418784)  (0.39703061,0.0000000)  (0.0000000,-0.00078246349)  (0.0000000,-0.00049342431)  (0.0000000,-0.00087777279)  (0.0000000,0.0012295432)  (0.0000000,-0.00063835349)  (0.0000000,0.00088889460)  
(-0.0000000,-0.00013711820)  (0.0000000,0.00015885859)  (0.0000000,0.0013531626)  (0.0000000,0.00083648004)  (0.0000000,0.00078246349)  (0.40641248,0.0000000)  (0.0000000,0.0024472099)  (0.0000000,0.0035120884)  (0.0000000,0.00088836654)  (0.0000000,-0.00043023716)  (0.0000000,0.00043989643)  
(-0.0000000,-6.9320622e-05)  (-0.0000000,-7.6606031e-05)  (-0.0000000,-0.00018377691)  (-0.0000000,-0.00040231391)  (0.0000000,0.00049342431)  (-0.0000000,-0.0024472099)  (0.42815130,0.0000000)  (0.0000000,-0.0047889586)  (0.0000000,0.010678956)  (0.0000000,0.0054809715)  (0.0000000,-0.00035824503)  
(-0.0000000,-0.00021738965)  (-0.0000000,-4.1000975e-06)  (-0.0000000,-0.00023051752)  (-0.0000000,-0.00036220041)  (0.0000000,0.00087777279)  (-0.0000000,-0.0035120884)  (0.0000000,0.0047889586)  (0.43510602,0.0000000)  (0.0000000,0.014737988)  (0.0000000,0.010535757)  (0.0000000,-0.0056523583)  
(0.0000000,0.00027855768)  (0.0000000,0.00013725154)  (-0.0000000,-0.0026424233)  (0.0000000,0.00051575005)  (-0.0000000,-0.0012295432)  (-0.0000000,-0.00088836654)  (-0.0000000,-0.010678956)  (-0.0000000,-0.014737988)  (0.45268807,0.0000000)  (0.0000000,-0.00067293650)  (0.0000000,-0.0036569177)  
(0.0000000,9.5380922e-05)  (0.0000000,0.00010088956)  (-0.0000000,-9.5827591e-05)  (0.0000000,0.00042964231)  (0.0000000,0.00063835349)  (0.0000000,0.00043023716)  (-0.0000000,-0.0054809715)  (-0.0000000,-0.010535757)  (0.0000000,0.00067293650)  (0.45689004,0.0000000)  (0.0000000,-0.0019122372)  
(0.0000000,3.4746414e-05)  (-0.0000000,-6.5624852e-05)  (-0.0000000,-0.0035478326)  (-0.0000000,-0.00071773483)  (-0.0000000,-0.00088889460)  (-0.0000000,-0.00043989643)  (0.0000000,0.00035824503)  (0.0000000,0.0056523583)  (0.0000000,0.0036569177)  (0.0000000,0.0019122372)  (0.46044982,0.0000000)  
