(0.0000000,0.0000000)  (0.0000000,-9.7068075e-06)  (0.0000000,-8.2804568e-06)  (0.0000000,-3.0351308e-05)  (0.0000000,2.3139452e-05)  (0.0000000,3.1388574e-05)  (0.0000000,-3.4285622e-05)  (0.0000000,7.1908524e-05)  (0.0000000,-4.5405992e-05)  (0.0000000,-0.00010870470)  (0.0000000,-2.6756659e-05)  
(0.0000000,9.7068075e-06)  (0.21070578,0.0000000)  (0.0000000,0.00020369851)  (0.0000000,1.1260017e-05)  (0.0000000,-6.7045694e-05)  (0.0000000,8.6643906e-05)  (0.0000000,2.5394169e-05)  (0.0000000,0.00026751778)  (0.0000000,-1.2080525e-05)  (0.0000000,9.1785314e-05)  (0.0000000,5.9172177e-05)  
(0.0000000,8.2804568e-06)  (-0.0000000,-0.00020369851)  (0.35498861,0.0000000)  (0.0000000,-6.3128004e-05)  (0.0000000,-0.00027651610)  (0.0000000,0.00014502447)  (0.0000000,0.00017932883)  (0.0000000,7.1107102e-05)  (0.0000000,-0.00035738437)  (0.0000000,3.7241197e-05)  (0.0000000,-0.00039964357)  
(0.0000000,3.0351308e-05)  (-0.0000000,-1.1260017e-05)  (0.0000000,6.3128004e-05)  (0.38705395,0.0000000)  (0.0000000,-0.0080506593)  (0.0000000,-0.0025260765)  (0.0000000,0.0066865312)  (0.0000000,-0.00018716755)  (0.0000000,-0.00045096335)  (0.0000000,-0.00023301053)  (0.0000000,-0.00014573086)  
(-0.0000000,-2.3139452e-05)  (0.0000000,6.7045694e-05)  (0.0000000,0.00027651610)  (0.0000000,0.0080506593)  (0.39686946,0.0000000)  (0.0000000,0.00031248560)  (0.0000000,-0.00045455375)  (0.0000000,-0.00011811648)  (0.0000000,-0.0017896936)  (0.0000000,0.0023226937)  (0.0000000,-0.00049870064)  
(-0.0000000,-3.1388574e-05)  (-0.0000000,-8.6643906e-05)  (-0.0000000,-0.00014502447)  (0.0000000,0.0025260765)  (-0.0000000,-0.00031248560)  (0.39869667,0.0000000)  (0.0000000,0.00010879660)  (0.0000000,0.00018848687)  (0.0000000,-0.00043281574)  (0.0000000,0.00071234241)  (0.0000000,-0.00065200288)  
(0.0000000,3.4285622e-05)  (-0.0000000,-2.5394169e-05)  (-0.0000000,-0.00017932883)  (-0.0000000,-0.0066865312)  (0.0000000,0.00045455375)  (-0.0000000,-0.00010879660)  (0.41489085,0.0000000)  (0.0000000,6.5239114e-05)  (0.0000000,0.0015313364)  (0.0000000,-0.0023468606)  (0.0000000,0.00094673972)  
(-0.0000000,-7.1908524e-05)  (-0.0000000,-0.00026751778)  (-0.0000000,-7.1107102e-05)  (0.0000000,0.00018716755)  (0.0000000,0.00011811648)  (-0.0000000,-0.00018848687)  (-0.0000000,-6.5239114e-05)  (0.42334313,0.0000000)  (0.0000000,-0.00034761620)  (0.0000000,-7.6793577e-05)  (0.0000000,-3.7778178e-05)  
(0.0000000,4.5405992e-05)  (0.0000000,1.2080525e-05)  (0.0000000,0.00035738437)  (0.0000000,0.00045096335)  (0.0000000,0.0017896936)  (0.0000000,0.00043281574)  (-0.0000000,-0.0015313364)  (0.0000000,0.00034761620)  (0.45519569,0.0000000)  (0.0000000,-0.0091999050)  (0.0000000,0.0098809976)  
(0.0000000,0.00010870470)  (-0.0000000,-9.1785314e-05)  (-0.0000000,-3.7241197e-05)  (0.0000000,0.00023301053)  (-0.0000000,-0.0023226937)  (-0.0000000,-0.00071234241)  (0.0000000,0.0023468606)  (0.0000000,7.6793577e-05)  (0.0000000,0.0091999050)  (0.45770075,0.0000000)  (0.0000000,-0.010227904)  
(0.0000000,2.6756659e-05)  (-0.0000000,-5.9172177e-05)  (0.0000000,0.00039964357)  (0.0000000,0.00014573086)  (0.0000000,0.00049870064)  (0.0000000,0.00065200288)  (-0.0000000,-0.00094673972)  (0.0000000,3.7778178e-05)  (-0.0000000,-0.0098809976)  (0.0000000,0.010227904)  (0.46206644,0.0000000)  
