(0.0000000,0.0000000)  (0.0000000,1.8987461e-05)  (0.0000000,6.8942765e-06)  (0.0000000,4.8533622e-06)  (0.0000000,-3.3038163e-05)  (0.0000000,1.1101448e-06)  (0.0000000,4.5382349e-05)  (0.0000000,-1.1208164e-06)  (0.0000000,-1.8495910e-05)  (0.0000000,7.8593891e-06)  (0.0000000,-3.1645138e-05)  
(-0.0000000,-1.8987461e-05)  (0.20600658,0.0000000)  (0.0000000,9.1424058e-06)  (0.0000000,-3.1082848e-07)  (0.0000000,-2.0876040e-05)  (0.0000000,3.1445840e-07)  (0.0000000,1.9715996e-05)  (0.0000000,7.3729097e-05)  (0.0000000,0.00034102028)  (0.0000000,-3.5797052e-06)  (0.0000000,1.4431932e-07)  
(-0.0000000,-6.8942765e-06)  (-0.0000000,-9.1424058e-06)  (0.36738359,0.0000000)  (0.0000000,-0.00078274183)  (0.0000000,-0.00013682297)  (0.0000000,0.00024580486)  (0.0000000,0.00033316080)  (0.0000000,0.00033034358)  (0.0000000,0.00068418500)  (0.0000000,3.9112857e-05)  (0.0000000,-5.8782616e-06)  
(-0.0000000,-4.8533622e-06)  (0.0000000,3.1082848e-07)  (0.0000000,0.00078274183)  (0.39786300,0.0000000)  (0.0000000,0.00020072927)  (0.0000000,-0.0049667836)  (0.0000000,-1.2983674e-07)  (0.0000000,-0.00019763357)  (0.0000000,-0.00020446407)  (0.0000000,1.6350195e-05)  (0.0000000,5.3702447e-07)  
(0.0000000,3.3038163e-05)  (0.0000000,2.0876040e-05)  (0.0000000,0.00013682297)  (-0.0000000,-0.00020072927)  (0.40245324,0.0000000)  (0.0000000,-0.00010298420)  (0.0000000,0.00016769715)  (0.0000000,-0.00062089403)  (0.0000000,0.00052233332)  (0.0000000,8.0119884e-05)  (0.0000000,1.2302170e-05)  
(-0.0000000,-1.1101448e-06)  (-0.0000000,-3.1445840e-07)  (-0.0000000,-0.00024580486)  (0.0000000,0.0049667836)  (0.0000000,0.00010298420)  (0.41231965,0.0000000)  (0.0000000,0.00065148807)  (0.0000000,-0.0012911262)  (0.0000000,0.00020093773)  (0.0000000,-0.00083715586)  (0.0000000,-3.2123975e-05)  
(-0.0000000,-4.5382349e-05)  (-0.0000000,-1.9715996e-05)  (-0.0000000,-0.00033316080)  (0.0000000,1.2983674e-07)  (-0.0000000,-0.00016769715)  (-0.0000000,-0.00065148807)  (0.43348848,0.0000000)  (0.0000000,-0.0039928402)  (0.0000000,0.00054859709)  (0.0000000,-2.9304236e-05)  (0.0000000,-8.9950942e-05)  
(0.0000000,1.1208164e-06)  (-0.0000000,-7.3729097e-05)  (-0.0000000,-0.00033034358)  (0.0000000,0.00019763357)  (0.0000000,0.00062089403)  (0.0000000,0.0012911262)  (0.0000000,0.0039928402)  (0.43627081,0.0000000)  (0.0000000,-0.00031592740)  (0.0000000,0.0014160101)  (0.0000000,-7.7305127e-05)  
(0.0000000,1.8495910e-05)  (-0.0000000,-0.00034102028)  (-0.0000000,-0.00068418500)  (0.0000000,0.00020446407)  (-0.0000000,-0.00052233332)  (-0.0000000,-0.00020093773)  (-0.0000000,-0.00054859709)  (0.0000000,0.00031592740)  (0.44064184,0.0000000)  (0.0000000,-0.00023901057)  (0.0000000,-2.7339361e-05)  
(-0.0000000,-7.8593891e-06)  (0.0000000,3.5797052e-06)  (-0.0000000,-3.9112857e-05)  (-0.0000000,-1.6350195e-05)  (-0.0000000,-8.0119884e-05)  (0.0000000,0.00083715586)  (0.0000000,2.9304236e-05)  (-0.0000000,-0.0014160101)  (0.0000000,0.00023901057)  (0.44933409,0.0000000)  (0.0000000,-2.7374192e-05)  
(0.0000000,3.1645138e-05)  (-0.0000000,-1.4431932e-07)  (0.0000000,5.8782616e-06)  (-0.0000000,-5.3702447e-07)  (-0.0000000,-1.2302170e-05)  (0.0000000,3.2123975e-05)  (0.0000000,8.9950942e-05)  (0.0000000,7.7305127e-05)  (0.0000000,2.7339361e-05)  (0.0000000,2.7374192e-05)  (0.46140881,0.0000000)  
