(0.0000000,0.0000000)  (0.0000000,2.5698457e-06)  (0.0000000,-2.4818680e-05)  (0.0000000,-1.3372842e-05)  (0.0000000,-9.9442073e-05)  (0.0000000,-0.00018120266)  (0.0000000,-0.00016650680)  (0.0000000,0.00026959414)  (0.0000000,0.00010015929)  (0.0000000,5.7128120e-05)  (0.0000000,-2.6168491e-05)  
(-0.0000000,-2.5698457e-06)  (0.20310444,0.0000000)  (0.0000000,-8.1737081e-05)  (0.0000000,3.6816040e-05)  (0.0000000,-0.00020870953)  (0.0000000,-0.00016985094)  (0.0000000,1.0902376e-05)  (0.0000000,-2.0078159e-05)  (0.0000000,-1.0468799e-05)  (0.0000000,4.9129966e-05)  (0.0000000,2.8895090e-05)  
(0.0000000,2.4818680e-05)  (0.0000000,8.1737081e-05)  (0.36267557,0.0000000)  (0.0000000,-2.3449716e-05)  (0.0000000,7.6813973e-05)  (0.0000000,4.2379023e-05)  (0.0000000,0.00015673186)  (0.0000000,-4.8721191e-06)  (0.0000000,-0.00015358990)  (0.0000000,5.8774990e-05)  (0.0000000,0.00014702713)  
(0.0000000,1.3372842e-05)  (-0.0000000,-3.6816040e-05)  (0.0000000,2.3449716e-05)  (0.38956304,0.0000000)  (0.0000000,0.0012943121)  (0.0000000,0.0043625493)  (0.0000000,0.00062975246)  (0.0000000,0.00013321086)  (0.0000000,-5.2809077e-05)  (0.0000000,0.00041008766)  (0.0000000,0.00078011860)  
(0.0000000,9.9442073e-05)  (0.0000000,0.00020870953)  (-0.0000000,-7.6813973e-05)  (-0.0000000,-0.0012943121)  (0.40076642,0.0000000)  (0.0000000,0.014642402)  (0.0000000,0.0032054392)  (0.0000000,0.00035846667)  (0.0000000,0.00044956696)  (0.0000000,-0.0013201218)  (0.0000000,0.00048179877)  
(0.0000000,0.00018120266)  (0.0000000,0.00016985094)  (-0.0000000,-4.2379023e-05)  (-0.0000000,-0.0043625493)  (-0.0000000,-0.014642402)  (0.40458822,0.0000000)  (0.0000000,0.0037298887)  (0.0000000,-0.00054401605)  (0.0000000,-0.00056000121)  (0.0000000,-0.00062162843)  (0.0000000,0.0015769955)  
(0.0000000,0.00016650680)  (-0.0000000,-1.0902376e-05)  (-0.0000000,-0.00015673186)  (-0.0000000,-0.00062975246)  (-0.0000000,-0.0032054392)  (-0.0000000,-0.0037298887)  (0.41254750,0.0000000)  (0.0000000,-0.00027191887)  (0.0000000,0.0027453753)  (0.0000000,-0.00021673982)  (0.0000000,-4.5637048e-05)  
(-0.0000000,-0.00026959414)  (0.0000000,2.0078159e-05)  (0.0000000,4.8721191e-06)  (-0.0000000,-0.00013321086)  (-0.0000000,-0.00035846667)  (0.0000000,0.00054401605)  (0.0000000,0.00027191887)  (0.43109459,0.0000000)  (0.0000000,3.1456643e-05)  (0.0000000,0.00066748714)  (0.0000000,-0.00026163812)  
(-0.0000000,-0.00010015929)  (0.0000000,1.0468799e-05)  (0.0000000,0.00015358990)  (0.0000000,5.2809077e-05)  (-0.0000000,-0.00044956696)  (0.0000000,0.00056000121)  (-0.0000000,-0.0027453753)  (-0.0000000,-3.1456643e-05)  (0.44962166,0.0000000)  (0.0000000,0.00023645389)  (0.0000000,0.00031975023)  
(-0.0000000,-5.7128120e-05)  (-0.0000000,-4.9129966e-05)  (-0.0000000,-5.8774990e-05)  (-0.0000000,-0.00041008766)  (0.0000000,0.0013201218)  (0.0000000,0.00062162843)  (0.0000000,0.00021673982)  (-0.0000000,-0.00066748714)  (-0.0000000,-0.00023645389)  (0.45763625,0.0000000)  (0.0000000,0.022172355)  
(0.0000000,2.6168491e-05)  (-0.0000000,-2.8895090e-05)  (-0.0000000,-0.00014702713)  (-0.0000000,-0.00078011860)  (-0.0000000,-0.00048179877)  (-0.0000000,-0.0015769955)  (0.0000000,4.5637048e-05)  (0.0000000,0.00026163812)  (-0.0000000,-0.00031975023)  (-0.0000000,-0.022172355)  (0.46073922,0.0000000)  
