(0.0000000,0.0000000)  (0.0000000,-1.3385189e-05)  (0.0000000,2.9303844e-06)  (0.0000000,0.00015460792)  (0.0000000,-2.1288290e-05)  (0.0000000,1.8438784e-05)  (0.0000000,1.0903897e-05)  (0.0000000,3.2980480e-07)  (0.0000000,-5.5878099e-06)  (0.0000000,1.7222382e-05)  (0.0000000,-6.4801596e-06)  
(0.0000000,1.3385189e-05)  (0.21801073,0.0000000)  (0.0000000,7.5114019e-05)  (0.0000000,3.4207751e-05)  (0.0000000,7.0025029e-06)  (0.0000000,-6.1079479e-06)  (0.0000000,-0.00010059555)  (0.0000000,-0.00021408244)  (0.0000000,1.9379740e-05)  (0.0000000,-2.7039521e-05)  (0.0000000,2.1229797e-07)  
(-0.0000000,-2.9303844e-06)  (-0.0000000,-7.5114019e-05)  (0.35066315,0.0000000)  (0.0000000,0.0010482642)  (0.0000000,-9.0528138e-05)  (0.0000000,-3.2855818e-05)  (0.0000000,-2.2896382e-05)  (0.0000000,-0.00090933273)  (0.0000000,-0.00014274936)  (0.0000000,0.00012008709)  (0.0000000,-1.8148134e-05)  
(-0.0000000,-0.00015460792)  (-0.0000000,-3.4207751e-05)  (-0.0000000,-0.0010482642)  (0.36362262,0.0000000)  (0.0000000,0.00047113309)  (0.0000000,-0.00024659516)  (0.0000000,0.00079459461)  (0.0000000,-0.00018570672)  (0.0000000,-1.0488565e-06)  (0.0000000,-1.8572501e-05)  (0.0000000,-4.1063548e-05)  
(0.0000000,2.1288290e-05)  (-0.0000000,-7.0025029e-06)  (0.0000000,9.0528138e-05)  (-0.0000000,-0.00047113309)  (0.38409724,0.0000000)  (0.0000000,-0.00043575909)  (0.0000000,-0.00035940778)  (0.0000000,-0.00038300979)  (0.0000000,6.4247140e-05)  (0.0000000,0.00016825029)  (0.0000000,7.2990383e-05)  
(-0.0000000,-1.8438784e-05)  (0.0000000,6.1079479e-06)  (0.0000000,3.2855818e-05)  (0.0000000,0.00024659516)  (0.0000000,0.00043575909)  (0.39718698,0.0000000)  (0.0000000,-0.00089513211)  (0.0000000,0.00010529431)  (0.0000000,0.00041396156)  (0.0000000,-6.6555185e-05)  (0.0000000,0.00012071837)  
(-0.0000000,-1.0903897e-05)  (0.0000000,0.00010059555)  (0.0000000,2.2896382e-05)  (-0.0000000,-0.00079459461)  (0.0000000,0.00035940778)  (0.0000000,0.00089513211)  (0.41198321,0.0000000)  (0.0000000,-0.0036036829)  (0.0000000,-1.4131103e-05)  (0.0000000,4.0602937e-05)  (0.0000000,-8.1355150e-05)  
(-0.0000000,-3.2980480e-07)  (0.0000000,0.00021408244)  (0.0000000,0.00090933273)  (0.0000000,0.00018570672)  (0.0000000,0.00038300979)  (-0.0000000,-0.00010529431)  (0.0000000,0.0036036829)  (0.41936809,0.0000000)  (0.0000000,4.6504933e-06)  (0.0000000,-0.00025792328)  (0.0000000,-3.8291728e-05)  
(0.0000000,5.5878099e-06)  (-0.0000000,-1.9379740e-05)  (0.0000000,0.00014274936)  (0.0000000,1.0488565e-06)  (-0.0000000,-6.4247140e-05)  (-0.0000000,-0.00041396156)  (0.0000000,1.4131103e-05)  (-0.0000000,-4.6504933e-06)  (0.44908603,0.0000000)  (0.0000000,2.9485145e-05)  (0.0000000,-0.00036524197)  
(-0.0000000,-1.7222382e-05)  (0.0000000,2.7039521e-05)  (-0.0000000,-0.00012008709)  (0.0000000,1.8572501e-05)  (-0.0000000,-0.00016825029)  (0.0000000,6.6555185e-05)  (-0.0000000,-4.0602937e-05)  (0.0000000,0.00025792328)  (-0.0000000,-2.9485145e-05)  (0.46193304,0.0000000)  (0.0000000,0.00047351994)  
(0.0000000,6.4801596e-06)  (-0.0000000,-2.1229797e-07)  (0.0000000,1.8148134e-05)  (0.0000000,4.1063548e-05)  (-0.0000000,-7.2990383e-05)  (-0.0000000,-0.00012071837)  (0.0000000,8.1355150e-05)  (0.0000000,3.8291728e-05)  (0.0000000,0.00036524197)  (-0.0000000,-0.00047351994)  (0.47508269,0.0000000)  
