(0.0000000,0.0000000)  (0.0000000,-1.8210255e-05)  (0.0000000,-7.1363843e-05)  (0.0000000,0.00015305829)  (0.0000000,0.00016661361)  (0.0000000,-9.5595911e-05)  (0.0000000,0.00024442812)  (0.0000000,-0.00021835520)  (0.0000000,-4.2577113e-05)  (0.0000000,1.6349699e-05)  (0.0000000,-7.6839508e-05)  
(0.0000000,1.8210255e-05)  (0.21318309,0.0000000)  (0.0000000,-0.00050096835)  (0.0000000,9.8036006e-05)  (0.0000000,-0.00023836355)  (0.0000000,-0.00026243984)  (0.0000000,0.00010015171)  (0.0000000,0.00070337185)  (0.0000000,-0.00014811860)  (0.0000000,0.00010110114)  (0.0000000,0.00023533429)  
(0.0000000,7.1363843e-05)  (0.0000000,0.00050096835)  (0.33825512,0.0000000)  (0.0000000,0.0017895434)  (0.0000000,8.5592163e-05)  (0.0000000,-0.0015944217)  (0.0000000,0.0010473446)  (0.0000000,-0.00038814210)  (0.0000000,-0.00036055149)  (0.0000000,0.00052845182)  (0.0000000,0.0025264736)  
(-0.0000000,-0.00015305829)  (-0.0000000,-9.8036006e-05)  (-0.0000000,-0.0017895434)  (0.39248594,0.0000000)  (0.0000000,0.011120280)  (0.0000000,-0.00083121557)  (0.0000000,-0.0066072336)  (0.0000000,-0.0011114913)  (0.0000000,-0.00012188779)  (0.0000000,0.00030294869)  (0.0000000,0.00031435074)  
(-0.0000000,-0.00016661361)  (0.0000000,0.00023836355)  (-0.0000000,-8.5592163e-05)  (-0.0000000,-0.011120280)  (0.40032873,0.0000000)  (0.0000000,0.019763465)  (0.0000000,-0.0026937806)  (0.0000000,0.00047802883)  (0.0000000,0.0020316282)  (0.0000000,-0.0015724092)  (0.0000000,0.00056357274)  
(0.0000000,9.5595911e-05)  (0.0000000,0.00026243984)  (0.0000000,0.0015944217)  (0.0000000,0.00083121557)  (-0.0000000,-0.019763465)  (0.40510437,0.0000000)  (0.0000000,-0.0079519486)  (0.0000000,0.00091309579)  (0.0000000,-0.00081791169)  (0.0000000,-0.00049086393)  (0.0000000,0.00027214957)  
(-0.0000000,-0.00024442812)  (-0.0000000,-0.00010015171)  (-0.0000000,-0.0010473446)  (0.0000000,0.0066072336)  (0.0000000,0.0026937806)  (0.0000000,0.0079519486)  (0.41396071,0.0000000)  (0.0000000,-0.0012793421)  (0.0000000,-0.0058658219)  (0.0000000,0.0027126542)  (0.0000000,-0.00055230971)  
(0.0000000,0.00021835520)  (-0.0000000,-0.00070337185)  (0.0000000,0.00038814210)  (0.0000000,0.0011114913)  (-0.0000000,-0.00047802883)  (-0.0000000,-0.00091309579)  (0.0000000,0.0012793421)  (0.42874904,0.0000000)  (0.0000000,-0.00037510599)  (0.0000000,0.0012923105)  (0.0000000,0.0018499666)  
(0.0000000,4.2577113e-05)  (0.0000000,0.00014811860)  (0.0000000,0.00036055149)  (0.0000000,0.00012188779)  (-0.0000000,-0.0020316282)  (0.0000000,0.00081791169)  (0.0000000,0.0058658219)  (0.0000000,0.00037510599)  (0.43348113,0.0000000)  (0.0000000,0.0041089853)  (0.0000000,0.0043438463)  
(-0.0000000,-1.6349699e-05)  (-0.0000000,-0.00010110114)  (-0.0000000,-0.00052845182)  (-0.0000000,-0.00030294869)  (0.0000000,0.0015724092)  (0.0000000,0.00049086393)  (-0.0000000,-0.0027126542)  (-0.0000000,-0.0012923105)  (-0.0000000,-0.0041089853)  (0.44453328,0.0000000)  (0.0000000,-0.0040649587)  
(0.0000000,7.6839508e-05)  (-0.0000000,-0.00023533429)  (-0.0000000,-0.0025264736)  (-0.0000000,-0.00031435074)  (-0.0000000,-0.00056357274)  (-0.0000000,-0.00027214957)  (0.0000000,0.00055230971)  (-0.0000000,-0.0018499666)  (-0.0000000,-0.0043438463)  (0.0000000,0.0040649587)  (0.45133016,0.0000000)  
