(0.0000000,0.0000000)  (0.0000000,7.6567300e-05)  (0.0000000,-9.8458937e-06)  (0.0000000,0.00013563319)  (0.0000000,-0.00083867192)  (0.0000000,2.4546979e-06)  (0.0000000,0.00011930570)  (0.0000000,1.5143203e-05)  (0.0000000,-0.00026929978)  (0.0000000,0.00010544368)  (0.0000000,-3.2770943e-07)  
(-0.0000000,-7.6567300e-05)  (0.21013671,0.0000000)  (0.0000000,-0.00040547623)  (0.0000000,-0.00015826496)  (0.0000000,-9.9313766e-05)  (0.0000000,-7.7033933e-05)  (0.0000000,-3.9727438e-05)  (0.0000000,3.1013971e-05)  (0.0000000,0.00017522903)  (0.0000000,-2.9710198e-05)  (0.0000000,-9.2129598e-06)  
(0.0000000,9.8458937e-06)  (0.0000000,0.00040547623)  (0.34334920,0.0000000)  (0.0000000,0.00067323344)  (0.0000000,0.00046359153)  (0.0000000,0.00059842444)  (0.0000000,-0.00080805425)  (0.0000000,-8.9232003e-06)  (0.0000000,-0.0024017206)  (0.0000000,0.0012905379)  (0.0000000,0.00056367459)  
(-0.0000000,-0.00013563319)  (0.0000000,0.00015826496)  (-0.0000000,-0.00067323344)  (0.38974055,0.0000000)  (0.0000000,-0.0085806455)  (0.0000000,-4.4787319e-06)  (0.0000000,0.00059545571)  (0.0000000,8.8781846e-05)  (0.0000000,-0.0011092287)  (0.0000000,0.00039162419)  (0.0000000,2.7055680e-05)  
(0.0000000,0.00083867192)  (0.0000000,9.9313766e-05)  (-0.0000000,-0.00046359153)  (0.0000000,0.0085806455)  (0.39337860,0.0000000)  (0.0000000,0.00070051443)  (0.0000000,-0.00092588365)  (0.0000000,0.0010525962)  (0.0000000,2.8959832e-05)  (0.0000000,0.00033697824)  (0.0000000,4.2913354e-06)  
(-0.0000000,-2.4546979e-06)  (0.0000000,7.7033933e-05)  (-0.0000000,-0.00059842444)  (0.0000000,4.4787319e-06)  (-0.0000000,-0.00070051443)  (0.40744056,0.0000000)  (0.0000000,-0.00039168142)  (0.0000000,0.00047339022)  (0.0000000,0.0046612551)  (0.0000000,-0.0016730869)  (0.0000000,-0.00019276456)  
(-0.0000000,-0.00011930570)  (0.0000000,3.9727438e-05)  (0.0000000,0.00080805425)  (-0.0000000,-0.00059545571)  (0.0000000,0.00092588365)  (0.0000000,0.00039168142)  (0.41416155,0.0000000)  (0.0000000,0.0021130138)  (0.0000000,-0.0036936955)  (0.0000000,0.0020901896)  (0.0000000,0.00021503592)  
(-0.0000000,-1.5143203e-05)  (-0.0000000,-3.1013971e-05)  (0.0000000,8.9232003e-06)  (-0.0000000,-8.8781846e-05)  (-0.0000000,-0.0010525962)  (-0.0000000,-0.00047339022)  (-0.0000000,-0.0021130138)  (0.42281926,0.0000000)  (0.0000000,0.00078127030)  (0.0000000,0.0010872918)  (0.0000000,-0.00089930091)  
(0.0000000,0.00026929978)  (-0.0000000,-0.00017522903)  (0.0000000,0.0024017206)  (0.0000000,0.0011092287)  (-0.0000000,-2.8959832e-05)  (-0.0000000,-0.0046612551)  (0.0000000,0.0036936955)  (-0.0000000,-0.00078127030)  (0.44988810,0.0000000)  (0.0000000,0.00025453223)  (0.0000000,0.0015662883)  
(-0.0000000,-0.00010544368)  (0.0000000,2.9710198e-05)  (-0.0000000,-0.0012905379)  (-0.0000000,-0.00039162419)  (-0.0000000,-0.00033697824)  (0.0000000,0.0016730869)  (-0.0000000,-0.0020901896)  (-0.0000000,-0.0010872918)  (-0.0000000,-0.00025453223)  (0.45319338,0.0000000)  (0.0000000,0.0037830603)  
(0.0000000,3.2770943e-07)  (0.0000000,9.2129598e-06)  (-0.0000000,-0.00056367459)  (-0.0000000,-2.7055680e-05)  (-0.0000000,-4.2913354e-06)  (0.0000000,0.00019276456)  (-0.0000000,-0.00021503592)  (0.0000000,0.00089930091)  (-0.0000000,-0.0015662883)  (-0.0000000,-0.0037830603)  (0.45885690,0.0000000)  
