(0.0000000,0.0000000)  (0.0000000,-2.2218788e-05)  (0.0000000,-8.2362445e-05)  (0.0000000,2.9246072e-05)  (0.0000000,-0.00060810513)  (0.0000000,-3.2526332e-05)  (0.0000000,-1.9844030e-05)  (0.0000000,0.00023182655)  (0.0000000,3.9394928e-05)  (0.0000000,-7.5970519e-05)  (0.0000000,-0.00020296920)  
(0.0000000,2.2218788e-05)  (0.20504281,0.0000000)  (0.0000000,0.00034475659)  (0.0000000,2.3011209e-05)  (0.0000000,-8.1451170e-05)  (0.0000000,-4.2881924e-06)  (0.0000000,5.2012480e-05)  (0.0000000,-0.00013549116)  (0.0000000,-0.00013401522)  (0.0000000,-1.3333750e-06)  (0.0000000,-5.6139929e-05)  
(0.0000000,8.2362445e-05)  (-0.0000000,-0.00034475659)  (0.35815534,0.0000000)  (0.0000000,-0.0010346082)  (0.0000000,-0.00034465830)  (0.0000000,1.9287246e-05)  (0.0000000,2.8932814e-05)  (0.0000000,0.00017508178)  (0.0000000,-5.9201561e-05)  (0.0000000,0.00026446479)  (0.0000000,0.00058266377)  
(-0.0000000,-2.9246072e-05)  (-0.0000000,-2.3011209e-05)  (0.0000000,0.0010346082)  (0.39355977,0.0000000)  (0.0000000,0.0033056468)  (0.0000000,-5.1025956e-05)  (0.0000000,-0.00010529791)  (0.0000000,-0.00067805387)  (0.0000000,0.00060990374)  (0.0000000,0.00013431455)  (0.0000000,-0.00050339385)  
(0.0000000,0.00060810513)  (0.0000000,8.1451170e-05)  (0.0000000,0.00034465830)  (-0.0000000,-0.0033056468)  (0.39599114,0.0000000)  (0.0000000,3.0431834e-05)  (0.0000000,-0.00028226795)  (0.0000000,-0.0012966130)  (0.0000000,0.0019618336)  (0.0000000,6.8006729e-05)  (0.0000000,5.3232322e-05)  
(0.0000000,3.2526332e-05)  (0.0000000,4.2881924e-06)  (-0.0000000,-1.9287246e-05)  (0.0000000,5.1025956e-05)  (-0.0000000,-3.0431834e-05)  (0.42344162,0.0000000)  (0.0000000,0.0030136586)  (0.0000000,-3.9457895e-05)  (0.0000000,0.00053379673)  (0.0000000,-0.00011918942)  (0.0000000,-0.00030905613)  
(0.0000000,1.9844030e-05)  (-0.0000000,-5.2012480e-05)  (-0.0000000,-2.8932814e-05)  (0.0000000,0.00010529791)  (0.0000000,0.00028226795)  (-0.0000000,-0.0030136586)  (0.42526331,0.0000000)  (0.0000000,0.00051169540)  (0.0000000,8.2943072e-05)  (0.0000000,-0.00080567351)  (0.0000000,-0.00082436957)  
(-0.0000000,-0.00023182655)  (0.0000000,0.00013549116)  (-0.0000000,-0.00017508178)  (0.0000000,0.00067805387)  (0.0000000,0.0012966130)  (0.0000000,3.9457895e-05)  (-0.0000000,-0.00051169540)  (0.43636140,0.0000000)  (0.0000000,0.0033267383)  (0.0000000,-0.00074575168)  (0.0000000,0.0014487663)  
(-0.0000000,-3.9394928e-05)  (0.0000000,0.00013401522)  (0.0000000,5.9201561e-05)  (-0.0000000,-0.00060990374)  (-0.0000000,-0.0019618336)  (-0.0000000,-0.00053379673)  (-0.0000000,-8.2943072e-05)  (-0.0000000,-0.0033267383)  (0.44294311,0.0000000)  (0.0000000,0.00012112374)  (0.0000000,-0.0010844654)  
(0.0000000,7.5970519e-05)  (0.0000000,1.3333750e-06)  (-0.0000000,-0.00026446479)  (-0.0000000,-0.00013431455)  (-0.0000000,-6.8006729e-05)  (0.0000000,0.00011918942)  (0.0000000,0.00080567351)  (0.0000000,0.00074575168)  (-0.0000000,-0.00012112374)  (0.46176252,0.0000000)  (0.0000000,0.020782315)  
(0.0000000,0.00020296920)  (0.0000000,5.6139929e-05)  (-0.0000000,-0.00058266377)  (0.0000000,0.00050339385)  (-0.0000000,-5.3232322e-05)  (0.0000000,0.00030905613)  (0.0000000,0.00082436957)  (-0.0000000,-0.0014487663)  (0.0000000,0.0010844654)  (-0.0000000,-0.020782315)  (0.46446437,0.0000000)  
