(0.0000000,0.0000000)  (0.0000000,-1.3601089e-05)  (0.0000000,4.2694944e-05)  (0.0000000,0.00015921283)  (0.0000000,4.7753253e-05)  (0.0000000,-7.4349247e-05)  (0.0000000,6.7517081e-06)  (0.0000000,-1.6148188e-06)  (0.0000000,3.0238408e-06)  (0.0000000,-4.9852823e-05)  (0.0000000,-3.0506421e-05)  
(0.0000000,1.3601089e-05)  (0.21643821,0.0000000)  (0.0000000,0.00017937049)  (0.0000000,0.00038594107)  (0.0000000,5.2874160e-05)  (0.0000000,5.6646027e-05)  (0.0000000,-1.8872434e-05)  (0.0000000,-1.6668074e-05)  (0.0000000,-0.00013922976)  (0.0000000,-2.9140949e-06)  (0.0000000,-8.1166230e-05)  
(-0.0000000,-4.2694944e-05)  (-0.0000000,-0.00017937049)  (0.34782294,0.0000000)  (0.0000000,-0.00088760969)  (0.0000000,-0.00018869166)  (0.0000000,-7.0244412e-05)  (0.0000000,0.0013195809)  (0.0000000,0.00064418422)  (0.0000000,-0.0048520702)  (0.0000000,-0.00035780995)  (0.0000000,0.00013648860)  
(-0.0000000,-0.00015921283)  (-0.0000000,-0.00038594107)  (0.0000000,0.00088760969)  (0.36024880,0.0000000)  (0.0000000,-5.3670913e-05)  (0.0000000,0.00011627483)  (0.0000000,-0.00039382188)  (0.0000000,-0.00015674333)  (0.0000000,0.00047960241)  (0.0000000,0.00094090834)  (0.0000000,5.9751135e-05)  
(-0.0000000,-4.7753253e-05)  (-0.0000000,-5.2874160e-05)  (0.0000000,0.00018869166)  (0.0000000,5.3670913e-05)  (0.37879902,0.0000000)  (0.0000000,-0.00072642176)  (0.0000000,1.9179358e-05)  (0.0000000,-1.3634454e-05)  (0.0000000,0.00016552621)  (0.0000000,-0.0030947880)  (0.0000000,-1.3769147e-05)  
(0.0000000,7.4349247e-05)  (-0.0000000,-5.6646027e-05)  (0.0000000,7.0244412e-05)  (-0.0000000,-0.00011627483)  (0.0000000,0.00072642176)  (0.39289350,0.0000000)  (0.0000000,1.3533124e-05)  (0.0000000,-4.5677324e-05)  (0.0000000,0.00034594124)  (0.0000000,-0.0033395057)  (0.0000000,2.6853088e-05)  
(-0.0000000,-6.7517081e-06)  (0.0000000,1.8872434e-05)  (-0.0000000,-0.0013195809)  (0.0000000,0.00039382188)  (-0.0000000,-1.9179358e-05)  (-0.0000000,-1.3533124e-05)  (0.40740987,0.0000000)  (0.0000000,8.4049945e-06)  (0.0000000,2.6974253e-06)  (0.0000000,-6.8339718e-05)  (0.0000000,2.8572221e-05)  
(0.0000000,1.6148188e-06)  (0.0000000,1.6668074e-05)  (-0.0000000,-0.00064418422)  (0.0000000,0.00015674333)  (0.0000000,1.3634454e-05)  (0.0000000,4.5677324e-05)  (-0.0000000,-8.4049945e-06)  (0.41835673,0.0000000)  (0.0000000,-0.00013151335)  (0.0000000,8.4471388e-06)  (0.0000000,8.1126355e-05)  
(-0.0000000,-3.0238408e-06)  (0.0000000,0.00013922976)  (0.0000000,0.0048520702)  (-0.0000000,-0.00047960241)  (-0.0000000,-0.00016552621)  (-0.0000000,-0.00034594124)  (-0.0000000,-2.6974253e-06)  (0.0000000,0.00013151335)  (0.44873507,0.0000000)  (0.0000000,-6.5718106e-06)  (0.0000000,-0.00052974817)  
(0.0000000,4.9852823e-05)  (0.0000000,2.9140949e-06)  (0.0000000,0.00035780995)  (-0.0000000,-0.00094090834)  (0.0000000,0.0030947880)  (0.0000000,0.0033395057)  (0.0000000,6.8339718e-05)  (-0.0000000,-8.4471388e-06)  (0.0000000,6.5718106e-06)  (0.45639999,0.0000000)  (0.0000000,-0.00084453076)  
(0.0000000,3.0506421e-05)  (0.0000000,8.1166230e-05)  (-0.0000000,-0.00013648860)  (-0.0000000,-5.9751135e-05)  (0.0000000,1.3769147e-05)  (-0.0000000,-2.6853088e-05)  (-0.0000000,-2.8572221e-05)  (-0.0000000,-8.1126355e-05)  (0.0000000,0.00052974817)  (0.0000000,0.00084453076)  (0.46795432,0.0000000)  
