(0.0000000,0.0000000)  (0.0000000,-1.4486730e-05)  (0.0000000,0.00025426238)  (0.0000000,0.00010991658)  (0.0000000,0.00030901498)  (0.0000000,-9.5288237e-05)  (0.0000000,-2.9058907e-05)  (0.0000000,2.0499443e-05)  (0.0000000,-4.7018298e-05)  (0.0000000,-0.00014714833)  (0.0000000,0.00012550597)  
(0.0000000,1.4486730e-05)  (0.23270920,0.0000000)  (0.0000000,-0.00085041088)  (0.0000000,3.4690260e-05)  (0.0000000,-0.00025106587)  (0.0000000,-0.00020678724)  (0.0000000,6.7035600e-05)  (0.0000000,7.0098126e-05)  (0.0000000,0.00051320264)  (0.0000000,-5.0748934e-05)  (0.0000000,0.00020117760)  
(-0.0000000,-0.00025426238)  (0.0000000,0.00085041088)  (0.32326927,0.0000000)  (0.0000000,-0.0073327543)  (0.0000000,-0.0012540018)  (0.0000000,0.0010047982)  (0.0000000,0.00051552655)  (0.0000000,-0.00056279526)  (0.0000000,-0.0086994878)  (0.0000000,-0.00058800597)  (0.0000000,0.00023810521)  
(-0.0000000,-0.00010991658)  (-0.0000000,-3.4690260e-05)  (0.0000000,0.0073327543)  (0.34952629,0.0000000)  (0.0000000,0.015256872)  (0.0000000,-0.0022498159)  (0.0000000,-0.00060952246)  (0.0000000,-0.00028685495)  (0.0000000,-0.00090329822)  (0.0000000,0.00033422365)  (0.0000000,-9.0087336e-05)  
(-0.0000000,-0.00030901498)  (0.0000000,0.00025106587)  (0.0000000,0.0012540018)  (-0.0000000,-0.015256872)  (0.37002554,0.0000000)  (0.0000000,0.0098973128)  (0.0000000,8.0305548e-06)  (0.0000000,-0.00094563066)  (0.0000000,0.0027541697)  (0.0000000,-0.00021842521)  (0.0000000,-0.0012454815)  
(0.0000000,9.5288237e-05)  (0.0000000,0.00020678724)  (-0.0000000,-0.0010047982)  (0.0000000,0.0022498159)  (-0.0000000,-0.0098973128)  (0.37307909,0.0000000)  (0.0000000,-7.0986947e-05)  (0.0000000,0.00010713444)  (0.0000000,-0.00027945208)  (0.0000000,8.0837149e-05)  (0.0000000,-0.00011249176)  
(0.0000000,2.9058907e-05)  (-0.0000000,-6.7035600e-05)  (-0.0000000,-0.00051552655)  (0.0000000,0.00060952246)  (-0.0000000,-8.0305548e-06)  (0.0000000,7.0986947e-05)  (0.41318695,0.0000000)  (0.0000000,-3.6785322e-05)  (0.0000000,0.00073188469)  (0.0000000,0.0027142201)  (0.0000000,-0.00088422104)  
(-0.0000000,-2.0499443e-05)  (-0.0000000,-7.0098126e-05)  (0.0000000,0.00056279526)  (0.0000000,0.00028685495)  (0.0000000,0.00094563066)  (-0.0000000,-0.00010713444)  (0.0000000,3.6785322e-05)  (0.42194149,0.0000000)  (0.0000000,-0.0011599064)  (0.0000000,-0.00069091515)  (0.0000000,-0.0041019455)  
(0.0000000,4.7018298e-05)  (-0.0000000,-0.00051320264)  (0.0000000,0.0086994878)  (0.0000000,0.00090329822)  (-0.0000000,-0.0027541697)  (0.0000000,0.00027945208)  (-0.0000000,-0.00073188469)  (0.0000000,0.0011599064)  (0.43085884,0.0000000)  (0.0000000,0.0017174595)  (0.0000000,0.0044393846)  
(0.0000000,0.00014714833)  (0.0000000,5.0748934e-05)  (0.0000000,0.00058800597)  (-0.0000000,-0.00033422365)  (0.0000000,0.00021842521)  (-0.0000000,-8.0837149e-05)  (-0.0000000,-0.0027142201)  (0.0000000,0.00069091515)  (-0.0000000,-0.0017174595)  (0.43428283,0.0000000)  (0.0000000,-0.00057628660)  
(-0.0000000,-0.00012550597)  (-0.0000000,-0.00020117760)  (-0.0000000,-0.00023810521)  (0.0000000,9.0087336e-05)  (0.0000000,0.0012454815)  (0.0000000,0.00011249176)  (0.0000000,0.00088422104)  (0.0000000,0.0041019455)  (-0.0000000,-0.0044393846)  (0.0000000,0.00057628660)  (0.45050219,0.0000000)  
