(0.0000000,0.0000000)  (0.0000000,-4.7817633e-05)  (0.0000000,3.5071926e-06)  (0.0000000,0.00014440358)  (0.0000000,-0.00059979019)  (0.0000000,-4.6331205e-05)  (0.0000000,-0.00014895211)  (0.0000000,0.00040375885)  (0.0000000,-0.00014669470)  (0.0000000,0.00017069235)  (0.0000000,-7.7722221e-05)  
(0.0000000,4.7817633e-05)  (0.20588218,0.0000000)  (0.0000000,0.00039329847)  (0.0000000,0.00048928540)  (0.0000000,-2.0860895e-05)  (0.0000000,0.00011734291)  (0.0000000,0.00037668418)  (0.0000000,1.6262152e-05)  (0.0000000,1.0334013e-05)  (0.0000000,1.9593310e-05)  (0.0000000,0.00015813693)  
(-0.0000000,-3.5071926e-06)  (-0.0000000,-0.00039329847)  (0.36254199,0.0000000)  (0.0000000,0.0029222472)  (0.0000000,0.00018080229)  (0.0000000,-0.00095011720)  (0.0000000,-8.6444135e-05)  (0.0000000,0.00031995895)  (0.0000000,0.00034431403)  (0.0000000,0.00049415134)  (0.0000000,-7.0690837e-06)  
(-0.0000000,-0.00014440358)  (-0.0000000,-0.00048928540)  (-0.0000000,-0.0029222472)  (0.37055290,0.0000000)  (0.0000000,-0.00066817003)  (0.0000000,-0.00064927309)  (0.0000000,-0.00022580659)  (0.0000000,0.00022403680)  (0.0000000,-2.8785137e-05)  (0.0000000,-0.00015237243)  (0.0000000,-0.00072720943)  
(0.0000000,0.00059979019)  (0.0000000,2.0860895e-05)  (-0.0000000,-0.00018080229)  (0.0000000,0.00066817003)  (0.39404303,0.0000000)  (0.0000000,-0.00090760293)  (0.0000000,-0.0018259529)  (0.0000000,0.00034698530)  (0.0000000,-0.00035778366)  (0.0000000,0.00019478233)  (0.0000000,4.6221384e-05)  
(0.0000000,4.6331205e-05)  (-0.0000000,-0.00011734291)  (0.0000000,0.00095011720)  (0.0000000,0.00064927309)  (0.0000000,0.00090760293)  (0.40017769,0.0000000)  (0.0000000,0.0010951281)  (0.0000000,0.00013533624)  (0.0000000,-0.00026000933)  (0.0000000,-0.00041804631)  (0.0000000,-0.00019820780)  
(0.0000000,0.00014895211)  (-0.0000000,-0.00037668418)  (0.0000000,8.6444135e-05)  (0.0000000,0.00022580659)  (0.0000000,0.0018259529)  (-0.0000000,-0.0010951281)  (0.40822039,0.0000000)  (0.0000000,2.0312657e-05)  (0.0000000,0.0013438717)  (0.0000000,-0.0011217960)  (0.0000000,-2.0253327e-06)  
(-0.0000000,-0.00040375885)  (-0.0000000,-1.6262152e-05)  (-0.0000000,-0.00031995895)  (-0.0000000,-0.00022403680)  (-0.0000000,-0.00034698530)  (-0.0000000,-0.00013533624)  (-0.0000000,-2.0312657e-05)  (0.42524972,0.0000000)  (0.0000000,-0.0010610085)  (0.0000000,0.0024462962)  (0.0000000,-2.4788659e-05)  
(0.0000000,0.00014669470)  (-0.0000000,-1.0334013e-05)  (-0.0000000,-0.00034431403)  (0.0000000,2.8785137e-05)  (0.0000000,0.00035778366)  (0.0000000,0.00026000933)  (-0.0000000,-0.0013438717)  (0.0000000,0.0010610085)  (0.45476682,0.0000000)  (0.0000000,0.022317103)  (0.0000000,0.0024345886)  
(-0.0000000,-0.00017069235)  (-0.0000000,-1.9593310e-05)  (-0.0000000,-0.00049415134)  (0.0000000,0.00015237243)  (-0.0000000,-0.00019478233)  (0.0000000,0.00041804631)  (0.0000000,0.0011217960)  (-0.0000000,-0.0024462962)  (-0.0000000,-0.022317103)  (0.45657087,0.0000000)  (0.0000000,-0.0028332915)  
(0.0000000,7.7722221e-05)  (-0.0000000,-0.00015813693)  (0.0000000,7.0690837e-06)  (0.0000000,0.00072720943)  (-0.0000000,-4.6221384e-05)  (0.0000000,0.00019820780)  (0.0000000,2.0253327e-06)  (0.0000000,2.4788659e-05)  (-0.0000000,-0.0024345886)  (0.0000000,0.0028332915)  (0.47039194,0.0000000)  
