(0.0000000,0.0000000)  (0.0000000,-8.4530903e-06)  (0.0000000,2.4311112e-05)  (0.0000000,2.6550100e-05)  (0.0000000,4.9015202e-05)  (0.0000000,-7.6750375e-05)  (0.0000000,0.00020153845)  (0.0000000,1.5547842e-05)  (0.0000000,-5.7874560e-05)  (0.0000000,-1.6286852e-05)  (0.0000000,6.0562345e-06)  
(0.0000000,8.4530903e-06)  (0.19911304,0.0000000)  (0.0000000,-0.00052476003)  (0.0000000,0.00014592687)  (0.0000000,-0.00017959158)  (0.0000000,0.00012574126)  (0.0000000,-5.9370063e-05)  (0.0000000,1.2103577e-05)  (0.0000000,-8.3463313e-06)  (0.0000000,-2.2977889e-05)  (0.0000000,-2.4914820e-05)  
(-0.0000000,-2.4311112e-05)  (0.0000000,0.00052476003)  (0.35326063,0.0000000)  (0.0000000,-0.00047180779)  (0.0000000,-0.0013270214)  (0.0000000,0.0025952368)  (0.0000000,0.00078671771)  (0.0000000,-9.4329852e-05)  (0.0000000,-3.5037239e-05)  (0.0000000,5.9299955e-06)  (0.0000000,2.7807998e-05)  
(-0.0000000,-2.6550100e-05)  (-0.0000000,-0.00014592687)  (0.0000000,0.00047180779)  (0.37875069,0.0000000)  (0.0000000,-0.0094402216)  (0.0000000,6.1044911e-05)  (0.0000000,-0.00015413321)  (0.0000000,-0.0021201081)  (0.0000000,-0.00051040138)  (0.0000000,5.0025860e-05)  (0.0000000,-0.0010150607)  
(-0.0000000,-4.9015202e-05)  (0.0000000,0.00017959158)  (0.0000000,0.0013270214)  (0.0000000,0.0094402216)  (0.38706369,0.0000000)  (0.0000000,0.00022737131)  (0.0000000,0.00039901191)  (0.0000000,0.00090678841)  (0.0000000,0.00010513048)  (0.0000000,-1.9840642e-05)  (0.0000000,0.00099730024)  
(0.0000000,7.6750375e-05)  (-0.0000000,-0.00012574126)  (-0.0000000,-0.0025952368)  (-0.0000000,-6.1044911e-05)  (-0.0000000,-0.00022737131)  (0.40334975,0.0000000)  (0.0000000,-0.00054414729)  (0.0000000,9.2144528e-05)  (0.0000000,2.8814220e-05)  (0.0000000,-0.00033921298)  (0.0000000,-4.4374222e-05)  
(-0.0000000,-0.00020153845)  (0.0000000,5.9370063e-05)  (-0.0000000,-0.00078671771)  (0.0000000,0.00015413321)  (-0.0000000,-0.00039901191)  (0.0000000,0.00054414729)  (0.40613796,0.0000000)  (0.0000000,3.4558996e-05)  (0.0000000,-0.00012679599)  (0.0000000,-0.00010080573)  (0.0000000,2.4533001e-05)  
(-0.0000000,-1.5547842e-05)  (-0.0000000,-1.2103577e-05)  (0.0000000,9.4329852e-05)  (0.0000000,0.0021201081)  (-0.0000000,-0.00090678841)  (-0.0000000,-9.2144528e-05)  (-0.0000000,-3.4558996e-05)  (0.42872552,0.0000000)  (0.0000000,-3.4651715e-05)  (0.0000000,8.3415956e-05)  (0.0000000,-6.2721366e-06)  
(0.0000000,5.7874560e-05)  (0.0000000,8.3463313e-06)  (0.0000000,3.5037239e-05)  (0.0000000,0.00051040138)  (-0.0000000,-0.00010513048)  (-0.0000000,-2.8814220e-05)  (0.0000000,0.00012679599)  (0.0000000,3.4651715e-05)  (0.44788339,0.0000000)  (0.0000000,-6.7128303e-06)  (0.0000000,-6.6593353e-05)  
(0.0000000,1.6286852e-05)  (0.0000000,2.2977889e-05)  (-0.0000000,-5.9299955e-06)  (-0.0000000,-5.0025860e-05)  (0.0000000,1.9840642e-05)  (0.0000000,0.00033921298)  (0.0000000,0.00010080573)  (-0.0000000,-8.3415956e-05)  (0.0000000,6.7128303e-06)  (0.45145107,0.0000000)  (0.0000000,0.0018835223)  
(-0.0000000,-6.0562345e-06)  (0.0000000,2.4914820e-05)  (-0.0000000,-2.7807998e-05)  (0.0000000,0.0010150607)  (-0.0000000,-0.00099730024)  (0.0000000,4.4374222e-05)  (-0.0000000,-2.4533001e-05)  (0.0000000,6.2721366e-06)  (0.0000000,6.6593353e-05)  (-0.0000000,-0.0018835223)  (0.45571736,0.0000000)  
