(0.0000000,0.0000000)  (0.0000000,-3.4415815e-06)  (0.0000000,-3.1510102e-05)  (0.0000000,1.6631279e-07)  (0.0000000,-2.1293378e-05)  (0.0000000,-0.00019814543)  (0.0000000,0.00032358444)  (0.0000000,-0.00010281484)  (0.0000000,-6.4891575e-05)  (0.0000000,8.9396081e-05)  (0.0000000,-4.7990776e-05)  
(0.0000000,3.4415815e-06)  (0.20976131,0.0000000)  (0.0000000,-0.00032002371)  (0.0000000,8.6785862e-05)  (0.0000000,-0.00029661844)  (0.0000000,-0.00014307856)  (0.0000000,-0.00015376963)  (0.0000000,-4.3653319e-06)  (0.0000000,-5.5177056e-05)  (0.0000000,1.0815397e-05)  (0.0000000,3.4670338e-06)  
(0.0000000,3.1510102e-05)  (0.0000000,0.00032002371)  (0.35111003,0.0000000)  (0.0000000,-3.6658094e-05)  (0.0000000,0.00033739513)  (0.0000000,8.8882497e-05)  (0.0000000,0.00020465805)  (0.0000000,4.7558974e-05)  (0.0000000,-4.3838197e-05)  (0.0000000,-0.00012091995)  (0.0000000,0.00041088248)  
(-0.0000000,-1.6631279e-07)  (-0.0000000,-8.6785862e-05)  (0.0000000,3.6658094e-05)  (0.39479200,0.0000000)  (0.0000000,2.2726865e-05)  (0.0000000,6.5924659e-05)  (0.0000000,-7.9913945e-05)  (0.0000000,-2.9473831e-05)  (0.0000000,-0.00021418291)  (0.0000000,-7.5387443e-05)  (0.0000000,3.4919562e-05)  
(0.0000000,2.1293378e-05)  (0.0000000,0.00029661844)  (-0.0000000,-0.00033739513)  (-0.0000000,-2.2726865e-05)  (0.40599316,0.0000000)  (0.0000000,0.0023857374)  (0.0000000,0.0018627748)  (0.0000000,8.9782471e-05)  (0.0000000,0.00082527931)  (0.0000000,0.00058457295)  (0.0000000,1.3918549e-05)  
(0.0000000,0.00019814543)  (0.0000000,0.00014307856)  (-0.0000000,-8.8882497e-05)  (-0.0000000,-6.5924659e-05)  (-0.0000000,-0.0023857374)  (0.41649884,0.0000000)  (0.0000000,0.00022565670)  (0.0000000,-0.00076399958)  (0.0000000,-0.00077764551)  (0.0000000,0.0020591000)  (0.0000000,9.6208235e-05)  
(-0.0000000,-0.00032358444)  (0.0000000,0.00015376963)  (-0.0000000,-0.00020465805)  (0.0000000,7.9913945e-05)  (-0.0000000,-0.0018627748)  (-0.0000000,-0.00022565670)  (0.42154368,0.0000000)  (0.0000000,0.0020563057)  (0.0000000,0.0014160199)  (0.0000000,-0.00034460402)  (0.0000000,-0.00019540776)  
(0.0000000,0.00010281484)  (0.0000000,4.3653319e-06)  (-0.0000000,-4.7558974e-05)  (0.0000000,2.9473831e-05)  (-0.0000000,-8.9782471e-05)  (0.0000000,0.00076399958)  (-0.0000000,-0.0020563057)  (0.43051946,0.0000000)  (0.0000000,0.0018440705)  (0.0000000,-0.00069137121)  (0.0000000,0.00012524788)  
(0.0000000,6.4891575e-05)  (0.0000000,5.5177056e-05)  (0.0000000,4.3838197e-05)  (0.0000000,0.00021418291)  (-0.0000000,-0.00082527931)  (0.0000000,0.00077764551)  (-0.0000000,-0.0014160199)  (-0.0000000,-0.0018440705)  (0.43875234,0.0000000)  (0.0000000,-0.0070264060)  (0.0000000,-0.00060318221)  
(-0.0000000,-8.9396081e-05)  (-0.0000000,-1.0815397e-05)  (0.0000000,0.00012091995)  (0.0000000,7.5387443e-05)  (-0.0000000,-0.00058457295)  (-0.0000000,-0.0020591000)  (0.0000000,0.00034460402)  (0.0000000,0.00069137121)  (0.0000000,0.0070264060)  (0.44688012,0.0000000)  (0.0000000,-0.0019731774)  
(0.0000000,4.7990776e-05)  (-0.0000000,-3.4670338e-06)  (-0.0000000,-0.00041088248)  (-0.0000000,-3.4919562e-05)  (-0.0000000,-1.3918549e-05)  (-0.0000000,-9.6208235e-05)  (0.0000000,0.00019540776)  (-0.0000000,-0.00012524788)  (0.0000000,0.00060318221)  (0.0000000,0.0019731774)  (0.45480523,0.0000000)  
