(0.0000000,0.0000000)  (0.0000000,3.6200292e-05)  (0.0000000,-8.3472216e-06)  (0.0000000,0.00020481417)  (0.0000000,-1.6391717e-05)  (0.0000000,6.4677042e-05)  (0.0000000,-0.00025084110)  (0.0000000,-0.00044079911)  (0.0000000,0.00010964958)  (0.0000000,2.8092050e-05)  (0.0000000,-2.5827033e-05)  
(-0.0000000,-3.6200292e-05)  (0.20263699,0.0000000)  (0.0000000,7.5876052e-06)  (0.0000000,-0.00041580726)  (0.0000000,-2.6330070e-05)  (0.0000000,3.5394709e-05)  (0.0000000,-0.00036903418)  (0.0000000,1.6492476e-05)  (0.0000000,2.5357495e-05)  (0.0000000,4.3990194e-05)  (0.0000000,8.8868710e-05)  
(0.0000000,8.3472216e-06)  (-0.0000000,-7.5876052e-06)  (0.36024825,0.0000000)  (0.0000000,-8.2041121e-06)  (0.0000000,0.00098922652)  (0.0000000,5.2123390e-05)  (0.0000000,-9.6577110e-05)  (0.0000000,1.1630595e-05)  (0.0000000,0.00013158400)  (0.0000000,-2.7726184e-05)  (0.0000000,6.6652009e-05)  
(-0.0000000,-0.00020481417)  (0.0000000,0.00041580726)  (0.0000000,8.2041121e-06)  (0.38150215,0.0000000)  (0.0000000,0.00011919898)  (0.0000000,-0.0019518660)  (0.0000000,-8.3152309e-05)  (0.0000000,1.2876739e-05)  (0.0000000,-3.8470543e-05)  (0.0000000,3.0477876e-06)  (0.0000000,-0.00024208044)  
(0.0000000,1.6391717e-05)  (0.0000000,2.6330070e-05)  (-0.0000000,-0.00098922652)  (-0.0000000,-0.00011919898)  (0.39652640,0.0000000)  (0.0000000,9.4601215e-05)  (0.0000000,8.5750279e-05)  (0.0000000,2.1913430e-05)  (0.0000000,0.00020424437)  (0.0000000,-3.3455619e-05)  (0.0000000,-5.4144652e-05)  
(-0.0000000,-6.4677042e-05)  (-0.0000000,-3.5394709e-05)  (-0.0000000,-5.2123390e-05)  (0.0000000,0.0019518660)  (-0.0000000,-9.4601215e-05)  (0.39817647,0.0000000)  (0.0000000,-0.0017721667)  (0.0000000,-1.4257031e-05)  (0.0000000,0.00068793142)  (0.0000000,-0.0011034804)  (0.0000000,0.00081635959)  
(0.0000000,0.00025084110)  (0.0000000,0.00036903418)  (0.0000000,9.6577110e-05)  (0.0000000,8.3152309e-05)  (-0.0000000,-8.5750279e-05)  (0.0000000,0.0017721667)  (0.40585205,0.0000000)  (0.0000000,6.6693999e-05)  (0.0000000,0.00027557793)  (0.0000000,-0.00049302718)  (0.0000000,5.5161651e-05)  
(0.0000000,0.00044079911)  (-0.0000000,-1.6492476e-05)  (-0.0000000,-1.1630595e-05)  (-0.0000000,-1.2876739e-05)  (-0.0000000,-2.1913430e-05)  (0.0000000,1.4257031e-05)  (-0.0000000,-6.6693999e-05)  (0.42929495,0.0000000)  (0.0000000,-0.00068327367)  (0.0000000,0.00065749736)  (0.0000000,3.9634688e-05)  
(-0.0000000,-0.00010964958)  (-0.0000000,-2.5357495e-05)  (-0.0000000,-0.00013158400)  (0.0000000,3.8470543e-05)  (-0.0000000,-0.00020424437)  (-0.0000000,-0.00068793142)  (-0.0000000,-0.00027557793)  (0.0000000,0.00068327367)  (0.45336886,0.0000000)  (0.0000000,0.016459959)  (0.0000000,-0.00042036701)  
(-0.0000000,-2.8092050e-05)  (-0.0000000,-4.3990194e-05)  (0.0000000,2.7726184e-05)  (-0.0000000,-3.0477876e-06)  (0.0000000,3.3455619e-05)  (0.0000000,0.0011034804)  (0.0000000,0.00049302718)  (-0.0000000,-0.00065749736)  (-0.0000000,-0.016459959)  (0.45505568,0.0000000)  (0.0000000,1.0530027e-06)  
(0.0000000,2.5827033e-05)  (-0.0000000,-8.8868710e-05)  (-0.0000000,-6.6652009e-05)  (0.0000000,0.00024208044)  (0.0000000,5.4144652e-05)  (-0.0000000,-0.00081635959)  (-0.0000000,-5.5161651e-05)  (-0.0000000,-3.9634688e-05)  (0.0000000,0.00042036701)  (-0.0000000,-1.0530027e-06)  (0.46062364,0.0000000)  
