(0.0000000,0.0000000)  (0.0000000,2.1449737e-05)  (0.0000000,-3.5653563e-05)  (0.0000000,-4.7612523e-07)  (0.0000000,-2.3897788e-06)  (0.0000000,-0.00014210522)  (0.0000000,-9.5359792e-05)  (0.0000000,-0.00021580511)  (0.0000000,0.00011250299)  (0.0000000,0.00010366353)  (0.0000000,4.3435926e-06)  
(-0.0000000,-2.1449737e-05)  (0.20646430,0.0000000)  (0.0000000,-9.5867193e-05)  (0.0000000,-0.00012944896)  (0.0000000,2.6898223e-06)  (0.0000000,-0.00025322138)  (0.0000000,-1.1996650e-05)  (0.0000000,0.00014839716)  (0.0000000,2.0343826e-05)  (0.0000000,0.00013660628)  (0.0000000,6.2876934e-06)  
(0.0000000,3.5653563e-05)  (0.0000000,9.5867193e-05)  (0.36472603,0.0000000)  (0.0000000,-0.00067199022)  (0.0000000,-1.8264874e-05)  (0.0000000,0.00068877471)  (0.0000000,-0.00020842185)  (0.0000000,1.0595357e-05)  (0.0000000,2.2105169e-06)  (0.0000000,-7.8442408e-05)  (0.0000000,1.2624083e-05)  
(0.0000000,4.7612523e-07)  (0.0000000,0.00012944896)  (0.0000000,0.00067199022)  (0.39358770,0.0000000)  (0.0000000,-1.3109277e-06)  (0.0000000,7.8913992e-05)  (0.0000000,-1.6140112e-06)  (0.0000000,-3.5479585e-06)  (0.0000000,2.1630309e-05)  (0.0000000,0.00023849804)  (0.0000000,1.3251191e-05)  
(0.0000000,2.3897788e-06)  (-0.0000000,-2.6898223e-06)  (0.0000000,1.8264874e-05)  (0.0000000,1.3109277e-06)  (0.40802084,0.0000000)  (0.0000000,0.00025469400)  (0.0000000,-0.00011902134)  (0.0000000,-0.00010822705)  (0.0000000,-9.0614263e-05)  (0.0000000,0.00014868211)  (0.0000000,1.2053398e-05)  
(0.0000000,0.00014210522)  (0.0000000,0.00025322138)  (-0.0000000,-0.00068877471)  (-0.0000000,-7.8913992e-05)  (-0.0000000,-0.00025469400)  (0.43138235,0.0000000)  (0.0000000,0.012970148)  (0.0000000,0.00078114138)  (0.0000000,0.0030459795)  (0.0000000,-0.00082951138)  (0.0000000,0.00012787212)  
(0.0000000,9.5359792e-05)  (0.0000000,1.1996650e-05)  (0.0000000,0.00020842185)  (0.0000000,1.6140112e-06)  (0.0000000,0.00011902134)  (-0.0000000,-0.012970148)  (0.43280291,0.0000000)  (0.0000000,0.0029457835)  (0.0000000,0.0027949372)  (0.0000000,-0.0024164078)  (0.0000000,-0.00014005067)  
(0.0000000,0.00021580511)  (-0.0000000,-0.00014839716)  (-0.0000000,-1.0595357e-05)  (0.0000000,3.5479585e-06)  (0.0000000,0.00010822705)  (-0.0000000,-0.00078114138)  (-0.0000000,-0.0029457835)  (0.43793007,0.0000000)  (0.0000000,-0.0050692829)  (0.0000000,0.010604061)  (0.0000000,0.00048346918)  
(-0.0000000,-0.00011250299)  (-0.0000000,-2.0343826e-05)  (-0.0000000,-2.2105169e-06)  (-0.0000000,-2.1630309e-05)  (0.0000000,9.0614263e-05)  (-0.0000000,-0.0030459795)  (-0.0000000,-0.0027949372)  (0.0000000,0.0050692829)  (0.44252508,0.0000000)  (0.0000000,-0.010154352)  (0.0000000,-0.00054597274)  
(-0.0000000,-0.00010366353)  (-0.0000000,-0.00013660628)  (0.0000000,7.8442408e-05)  (-0.0000000,-0.00023849804)  (-0.0000000,-0.00014868211)  (0.0000000,0.00082951138)  (0.0000000,0.0024164078)  (-0.0000000,-0.010604061)  (0.0000000,0.010154352)  (0.45107218,0.0000000)  (0.0000000,7.9345654e-05)  
(-0.0000000,-4.3435926e-06)  (-0.0000000,-6.2876934e-06)  (-0.0000000,-1.2624083e-05)  (-0.0000000,-1.3251191e-05)  (-0.0000000,-1.2053398e-05)  (-0.0000000,-0.00012787212)  (0.0000000,0.00014005067)  (-0.0000000,-0.00048346918)  (0.0000000,0.00054597274)  (-0.0000000,-7.9345654e-05)  (0.46245746,0.0000000)  
