(0.0000000,0.0000000)  (0.0000000,6.8571028e-05)  (0.0000000,-7.3481472e-05)  (0.0000000,1.1749903e-06)  (0.0000000,7.4454153e-06)  (0.0000000,-0.00015702601)  (0.0000000,-0.00010262895)  (0.0000000,-2.5079252e-05)  (0.0000000,-1.9380859e-05)  (0.0000000,-1.6946531e-05)  (0.0000000,4.8790798e-06)  
(-0.0000000,-6.8571028e-05)  (0.23497170,0.0000000)  (0.0000000,0.00050447387)  (0.0000000,-3.8707327e-05)  (0.0000000,2.0517157e-06)  (0.0000000,0.00030594723)  (0.0000000,-1.3323609e-05)  (0.0000000,-0.00019194232)  (0.0000000,-2.1953971e-05)  (0.0000000,-2.5144038e-05)  (0.0000000,-7.7558863e-05)  
(0.0000000,7.3481472e-05)  (-0.0000000,-0.00050447387)  (0.33282478,0.0000000)  (0.0000000,0.0013943268)  (0.0000000,3.9896777e-05)  (0.0000000,0.00026646021)  (0.0000000,0.00026957579)  (0.0000000,0.00017915365)  (0.0000000,0.00072690699)  (0.0000000,-1.4151797e-05)  (0.0000000,0.0033361908)  
(-0.0000000,-1.1749903e-06)  (0.0000000,3.8707327e-05)  (-0.0000000,-0.0013943268)  (0.36323637,0.0000000)  (0.0000000,0.00072486472)  (0.0000000,0.00018845657)  (0.0000000,0.00041868200)  (0.0000000,-0.0038883821)  (0.0000000,-0.00035145017)  (0.0000000,-0.00057716847)  (0.0000000,0.00010623069)  
(-0.0000000,-7.4454153e-06)  (-0.0000000,-2.0517157e-06)  (-0.0000000,-3.9896777e-05)  (-0.0000000,-0.00072486472)  (0.37266271,0.0000000)  (0.0000000,2.0687499e-05)  (0.0000000,2.0815735e-05)  (0.0000000,-0.00012722148)  (0.0000000,4.4546469e-05)  (0.0000000,-7.0911076e-05)  (0.0000000,7.6927206e-05)  
(0.0000000,0.00015702601)  (-0.0000000,-0.00030594723)  (-0.0000000,-0.00026646021)  (-0.0000000,-0.00018845657)  (-0.0000000,-2.0687499e-05)  (0.39813054,0.0000000)  (0.0000000,0.00074352017)  (0.0000000,0.00048910819)  (0.0000000,-0.0025411795)  (0.0000000,-0.00068386700)  (0.0000000,-0.00063656518)  
(0.0000000,0.00010262895)  (0.0000000,1.3323609e-05)  (-0.0000000,-0.00026957579)  (-0.0000000,-0.00041868200)  (-0.0000000,-2.0815735e-05)  (-0.0000000,-0.00074352017)  (0.42307651,0.0000000)  (0.0000000,0.00028023411)  (0.0000000,-0.00097014462)  (0.0000000,0.00025551343)  (0.0000000,-0.0012867050)  
(0.0000000,2.5079252e-05)  (0.0000000,0.00019194232)  (-0.0000000,-0.00017915365)  (0.0000000,0.0038883821)  (0.0000000,0.00012722148)  (-0.0000000,-0.00048910819)  (-0.0000000,-0.00028023411)  (0.43113465,0.0000000)  (0.0000000,-0.0021804649)  (0.0000000,0.00026230858)  (0.0000000,0.011428252)  
(0.0000000,1.9380859e-05)  (0.0000000,2.1953971e-05)  (-0.0000000,-0.00072690699)  (0.0000000,0.00035145017)  (-0.0000000,-4.4546469e-05)  (0.0000000,0.0025411795)  (0.0000000,0.00097014462)  (0.0000000,0.0021804649)  (0.43883521,0.0000000)  (0.0000000,-0.0018287370)  (0.0000000,0.0010162711)  
(0.0000000,1.6946531e-05)  (0.0000000,2.5144038e-05)  (0.0000000,1.4151797e-05)  (0.0000000,0.00057716847)  (0.0000000,7.0911076e-05)  (0.0000000,0.00068386700)  (-0.0000000,-0.00025551343)  (-0.0000000,-0.00026230858)  (0.0000000,0.0018287370)  (0.44617434,0.0000000)  (0.0000000,0.0017141521)  
(-0.0000000,-4.8790798e-06)  (0.0000000,7.7558863e-05)  (-0.0000000,-0.0033361908)  (-0.0000000,-0.00010623069)  (-0.0000000,-7.6927206e-05)  (0.0000000,0.00063656518)  (0.0000000,0.0012867050)  (-0.0000000,-0.011428252)  (-0.0000000,-0.0010162711)  (-0.0000000,-0.0017141521)  (0.44964922,0.0000000)  
