(0.0000000,0.0000000)  (0.0000000,3.3672276e-05)  (0.0000000,-2.1776284e-05)  (0.0000000,8.0687599e-05)  (0.0000000,2.7528077e-05)  (0.0000000,-9.9646645e-05)  (0.0000000,5.5074665e-05)  (0.0000000,-3.5547782e-06)  (0.0000000,-0.00018841329)  (0.0000000,-6.2885596e-05)  (0.0000000,-6.6000262e-05)  
(-0.0000000,-3.3672276e-05)  (0.20403826,0.0000000)  (0.0000000,6.9844238e-05)  (0.0000000,3.7520787e-05)  (0.0000000,-2.0618560e-05)  (0.0000000,-8.1043993e-05)  (0.0000000,-6.3828586e-05)  (0.0000000,-3.5041879e-07)  (0.0000000,2.2656030e-05)  (0.0000000,1.4780608e-05)  (0.0000000,4.3557962e-06)  
(0.0000000,2.1776284e-05)  (-0.0000000,-6.9844238e-05)  (0.36805373,0.0000000)  (0.0000000,-0.00096347442)  (0.0000000,-0.00062556086)  (0.0000000,3.4543271e-05)  (0.0000000,4.3613015e-05)  (0.0000000,-3.2300998e-05)  (0.0000000,-1.1210547e-05)  (0.0000000,-1.6864161e-05)  (0.0000000,7.0403862e-05)  
(-0.0000000,-8.0687599e-05)  (-0.0000000,-3.7520787e-05)  (0.0000000,0.00096347442)  (0.39643177,0.0000000)  (0.0000000,0.0011441810)  (0.0000000,0.00019115890)  (0.0000000,0.00078123972)  (0.0000000,-5.6525665e-05)  (0.0000000,0.00010700286)  (0.0000000,0.00010366211)  (0.0000000,3.2869114e-05)  
(-0.0000000,-2.7528077e-05)  (0.0000000,2.0618560e-05)  (0.0000000,0.00062556086)  (-0.0000000,-0.0011441810)  (0.40016593,0.0000000)  (0.0000000,-0.00064465387)  (0.0000000,0.00019651396)  (0.0000000,-4.1497186e-07)  (0.0000000,-5.9161964e-06)  (0.0000000,-1.8126857e-05)  (0.0000000,-1.6042485e-05)  
(0.0000000,9.9646645e-05)  (0.0000000,8.1043993e-05)  (-0.0000000,-3.4543271e-05)  (-0.0000000,-0.00019115890)  (0.0000000,0.00064465387)  (0.41191356,0.0000000)  (0.0000000,-0.00029483102)  (0.0000000,-0.00011901985)  (0.0000000,-3.6967951e-05)  (0.0000000,-3.8585362e-05)  (0.0000000,8.8452524e-05)  
(-0.0000000,-5.5074665e-05)  (0.0000000,6.3828586e-05)  (-0.0000000,-4.3613015e-05)  (-0.0000000,-0.00078123972)  (-0.0000000,-0.00019651396)  (0.0000000,0.00029483102)  (0.42957811,0.0000000)  (0.0000000,-0.00012135047)  (0.0000000,0.00054186389)  (0.0000000,-0.00010410620)  (0.0000000,0.00025140450)  
(0.0000000,3.5547782e-06)  (0.0000000,3.5041879e-07)  (0.0000000,3.2300998e-05)  (0.0000000,5.6525665e-05)  (0.0000000,4.1497186e-07)  (0.0000000,0.00011901985)  (0.0000000,0.00012135047)  (0.43236007,0.0000000)  (0.0000000,0.00066129718)  (0.0000000,-0.0031583768)  (0.0000000,-0.00059263610)  
(0.0000000,0.00018841329)  (-0.0000000,-2.2656030e-05)  (0.0000000,1.1210547e-05)  (-0.0000000,-0.00010700286)  (0.0000000,5.9161964e-06)  (0.0000000,3.6967951e-05)  (-0.0000000,-0.00054186389)  (-0.0000000,-0.00066129718)  (0.43790085,0.0000000)  (0.0000000,8.1437901e-05)  (0.0000000,-0.00048016502)  
(0.0000000,6.2885596e-05)  (-0.0000000,-1.4780608e-05)  (0.0000000,1.6864161e-05)  (-0.0000000,-0.00010366211)  (0.0000000,1.8126857e-05)  (0.0000000,3.8585362e-05)  (0.0000000,0.00010410620)  (0.0000000,0.0031583768)  (-0.0000000,-8.1437901e-05)  (0.45547536,0.0000000)  (0.0000000,-6.5017558e-05)  
(0.0000000,6.6000262e-05)  (-0.0000000,-4.3557962e-06)  (-0.0000000,-7.0403862e-05)  (-0.0000000,-3.2869114e-05)  (0.0000000,1.6042485e-05)  (-0.0000000,-8.8452524e-05)  (-0.0000000,-0.00025140450)  (0.0000000,0.00059263610)  (0.0000000,0.00048016502)  (0.0000000,6.5017558e-05)  (0.46377623,0.0000000)  
