(0.0000000,0.0000000)  (0.0000000,-1.2376250e-05)  (0.0000000,7.2509564e-05)  (0.0000000,9.7299841e-06)  (0.0000000,-4.6710975e-05)  (0.0000000,8.3614275e-05)  (0.0000000,-0.00014452975)  (0.0000000,-3.2509274e-06)  (0.0000000,0.00021087834)  (0.0000000,-5.3275559e-05)  (0.0000000,-8.5087969e-05)  
(0.0000000,1.2376250e-05)  (0.21636103,0.0000000)  (0.0000000,8.1252774e-05)  (0.0000000,5.9400974e-05)  (0.0000000,-2.1766071e-05)  (0.0000000,0.00018788459)  (0.0000000,0.00020256619)  (0.0000000,-0.00011400022)  (0.0000000,0.00029552633)  (0.0000000,-3.3630650e-06)  (0.0000000,-1.4073513e-05)  
(-0.0000000,-7.2509564e-05)  (-0.0000000,-8.1252774e-05)  (0.35473503,0.0000000)  (0.0000000,-0.00026789989)  (0.0000000,0.0016144606)  (0.0000000,-0.0037539956)  (0.0000000,0.0011627390)  (0.0000000,0.0011074215)  (0.0000000,-0.00090281812)  (0.0000000,7.5594896e-05)  (0.0000000,0.00060833631)  
(-0.0000000,-9.7299841e-06)  (-0.0000000,-5.9400974e-05)  (0.0000000,0.00026789989)  (0.39468891,0.0000000)  (0.0000000,1.7949747e-06)  (0.0000000,0.00016323699)  (0.0000000,0.00020042150)  (0.0000000,0.00068490288)  (0.0000000,0.00064695742)  (0.0000000,3.9016930e-05)  (0.0000000,-0.00017711417)  
(0.0000000,4.6710975e-05)  (0.0000000,2.1766071e-05)  (-0.0000000,-0.0016144606)  (-0.0000000,-1.7949747e-06)  (0.41203631,0.0000000)  (0.0000000,-0.013727672)  (0.0000000,0.0033490868)  (0.0000000,-0.00036413714)  (0.0000000,0.0014109612)  (0.0000000,-0.00058928685)  (0.0000000,0.00038990352)  
(-0.0000000,-8.3614275e-05)  (-0.0000000,-0.00018788459)  (0.0000000,0.0037539956)  (-0.0000000,-0.00016323699)  (0.0000000,0.013727672)  (0.41592022,0.0000000)  (0.0000000,0.0037109059)  (0.0000000,0.0034797836)  (0.0000000,-0.0033629084)  (0.0000000,-4.3299658e-05)  (0.0000000,0.00097912163)  
(0.0000000,0.00014452975)  (-0.0000000,-0.00020256619)  (-0.0000000,-0.0011627390)  (-0.0000000,-0.00020042150)  (-0.0000000,-0.0033490868)  (-0.0000000,-0.0037109059)  (0.43513046,0.0000000)  (0.0000000,-0.0091481918)  (0.0000000,-0.0077026828)  (0.0000000,0.00082402817)  (0.0000000,0.0029469743)  
(0.0000000,3.2509274e-06)  (0.0000000,0.00011400022)  (-0.0000000,-0.0011074215)  (-0.0000000,-0.00068490288)  (0.0000000,0.00036413714)  (-0.0000000,-0.0034797836)  (0.0000000,0.0091481918)  (0.43847654,0.0000000)  (0.0000000,-0.010429483)  (0.0000000,0.0012149453)  (0.0000000,-0.00049163161)  
(-0.0000000,-0.00021087834)  (-0.0000000,-0.00029552633)  (0.0000000,0.00090281812)  (-0.0000000,-0.00064695742)  (-0.0000000,-0.0014109612)  (0.0000000,0.0033629084)  (0.0000000,0.0077026828)  (0.0000000,0.010429483)  (0.45033883,0.0000000)  (0.0000000,-0.0027823423)  (0.0000000,0.0026967039)  
(0.0000000,5.3275559e-05)  (0.0000000,3.3630650e-06)  (-0.0000000,-7.5594896e-05)  (-0.0000000,-3.9016930e-05)  (0.0000000,0.00058928685)  (0.0000000,4.3299658e-05)  (-0.0000000,-0.00082402817)  (-0.0000000,-0.0012149453)  (0.0000000,0.0027823423)  (0.45986292,0.0000000)  (0.0000000,0.022447078)  
(0.0000000,8.5087969e-05)  (0.0000000,1.4073513e-05)  (-0.0000000,-0.00060833631)  (0.0000000,0.00017711417)  (-0.0000000,-0.00038990352)  (-0.0000000,-0.00097912163)  (-0.0000000,-0.0029469743)  (0.0000000,0.00049163161)  (-0.0000000,-0.0026967039)  (-0.0000000,-0.022447078)  (0.46364797,0.0000000)  
