(0.0000000,0.0000000)  (0.0000000,-5.2501843e-06)  (0.0000000,3.3323306e-05)  (0.0000000,1.1420736e-05)  (0.0000000,1.4805204e-05)  (0.0000000,3.5302061e-05)  (0.0000000,0.00022353738)  (0.0000000,3.9107486e-07)  (0.0000000,-5.7088051e-05)  (0.0000000,-4.8573296e-07)  (0.0000000,-7.9061794e-05)  
(0.0000000,5.2501843e-06)  (0.20469847,0.0000000)  (0.0000000,8.6182855e-05)  (0.0000000,0.00012829688)  (0.0000000,0.00015978870)  (0.0000000,0.00059428376)  (0.0000000,-0.00035625785)  (0.0000000,6.8656765e-06)  (0.0000000,6.6251720e-05)  (0.0000000,2.0532304e-05)  (0.0000000,6.1539545e-05)  
(-0.0000000,-3.3323306e-05)  (-0.0000000,-8.6182855e-05)  (0.36313201,0.0000000)  (0.0000000,0.00037738263)  (0.0000000,-0.00043302381)  (0.0000000,3.7679889e-06)  (0.0000000,9.2411543e-06)  (0.0000000,2.7559430e-05)  (0.0000000,-0.00044042979)  (0.0000000,0.00026517855)  (0.0000000,2.2078794e-05)  
(-0.0000000,-1.1420736e-05)  (-0.0000000,-0.00012829688)  (-0.0000000,-0.00037738263)  (0.38728584,0.0000000)  (0.0000000,-0.00097124526)  (0.0000000,0.00026004245)  (0.0000000,0.00015200601)  (0.0000000,6.6866197e-06)  (0.0000000,0.00061231882)  (0.0000000,0.00063262135)  (0.0000000,2.7921430e-05)  
(-0.0000000,-1.4805204e-05)  (-0.0000000,-0.00015978870)  (0.0000000,0.00043302381)  (0.0000000,0.00097124526)  (0.39909191,0.0000000)  (0.0000000,-0.00023472672)  (0.0000000,-0.00011925672)  (0.0000000,0.00022652931)  (0.0000000,-0.0011073478)  (0.0000000,1.3299503e-05)  (0.0000000,3.9159458e-05)  
(-0.0000000,-3.5302061e-05)  (-0.0000000,-0.00059428376)  (-0.0000000,-3.7679889e-06)  (-0.0000000,-0.00026004245)  (0.0000000,0.00023472672)  (0.40182132,0.0000000)  (0.0000000,0.00027212554)  (0.0000000,-4.5626962e-05)  (0.0000000,0.00024472917)  (0.0000000,-0.00020580852)  (0.0000000,0.00010056544)  
(-0.0000000,-0.00022353738)  (0.0000000,0.00035625785)  (-0.0000000,-9.2411543e-06)  (-0.0000000,-0.00015200601)  (0.0000000,0.00011925672)  (-0.0000000,-0.00027212554)  (0.42068097,0.0000000)  (0.0000000,-0.00014014781)  (0.0000000,5.7598350e-05)  (0.0000000,7.2799451e-05)  (0.0000000,3.0200964e-05)  
(-0.0000000,-3.9107486e-07)  (-0.0000000,-6.8656765e-06)  (-0.0000000,-2.7559430e-05)  (-0.0000000,-6.6866197e-06)  (-0.0000000,-0.00022652931)  (0.0000000,4.5626962e-05)  (0.0000000,0.00014014781)  (0.43101283,0.0000000)  (0.0000000,0.00082107751)  (0.0000000,6.4811375e-05)  (0.0000000,0.00031804090)  
(0.0000000,5.7088051e-05)  (-0.0000000,-6.6251720e-05)  (0.0000000,0.00044042979)  (-0.0000000,-0.00061231882)  (0.0000000,0.0011073478)  (-0.0000000,-0.00024472917)  (-0.0000000,-5.7598350e-05)  (-0.0000000,-0.00082107751)  (0.44808147,0.0000000)  (0.0000000,0.00044152728)  (0.0000000,4.2700188e-05)  
(0.0000000,4.8573296e-07)  (-0.0000000,-2.0532304e-05)  (-0.0000000,-0.00026517855)  (-0.0000000,-0.00063262135)  (-0.0000000,-1.3299503e-05)  (0.0000000,0.00020580852)  (-0.0000000,-7.2799451e-05)  (-0.0000000,-6.4811375e-05)  (-0.0000000,-0.00044152728)  (0.45598784,0.0000000)  (0.0000000,9.2505379e-06)  
(0.0000000,7.9061794e-05)  (-0.0000000,-6.1539545e-05)  (-0.0000000,-2.2078794e-05)  (-0.0000000,-2.7921430e-05)  (-0.0000000,-3.9159458e-05)  (-0.0000000,-0.00010056544)  (-0.0000000,-3.0200964e-05)  (-0.0000000,-0.00031804090)  (-0.0000000,-4.2700188e-05)  (-0.0000000,-9.2505379e-06)  (0.46932105,0.0000000)  
