(0.0000000,0.0000000)  (0.0000000,-5.4039962e-05)  (0.0000000,3.8649120e-07)  (0.0000000,8.4025481e-05)  (0.0000000,-0.00046254539)  (0.0000000,4.7314255e-06)  (0.0000000,0.00010917836)  (0.0000000,0.00045431957)  (0.0000000,3.9087761e-05)  (0.0000000,1.8780408e-05)  (0.0000000,-2.9603835e-05)  
(0.0000000,5.4039962e-05)  (0.20910128,0.0000000)  (0.0000000,-0.00012003271)  (0.0000000,0.00034037890)  (0.0000000,6.0492506e-05)  (0.0000000,1.6082581e-05)  (0.0000000,0.00030743376)  (0.0000000,-9.1835783e-05)  (0.0000000,-5.0343542e-06)  (0.0000000,8.6270543e-05)  (0.0000000,0.00010509530)  
(-0.0000000,-3.8649120e-07)  (0.0000000,0.00012003271)  (0.36318640,0.0000000)  (0.0000000,0.0010552769)  (0.0000000,0.00066679177)  (0.0000000,-1.7097760e-05)  (0.0000000,-0.0011365718)  (0.0000000,-0.00026994240)  (0.0000000,-3.5075557e-05)  (0.0000000,0.00012724040)  (0.0000000,0.00018123212)  
(-0.0000000,-8.4025481e-05)  (-0.0000000,-0.00034037890)  (-0.0000000,-0.0010552769)  (0.38372956,0.0000000)  (0.0000000,-0.0017623301)  (0.0000000,-6.0567331e-05)  (0.0000000,-0.00022248075)  (0.0000000,0.00034241786)  (0.0000000,0.00021130750)  (0.0000000,-0.00076953097)  (0.0000000,-0.00074259087)  
(0.0000000,0.00046254539)  (-0.0000000,-6.0492506e-05)  (-0.0000000,-0.00066679177)  (0.0000000,0.0017623301)  (0.39577101,0.0000000)  (0.0000000,4.6574011e-05)  (0.0000000,0.0010997258)  (0.0000000,-0.00038192980)  (0.0000000,9.8771273e-05)  (0.0000000,0.00018598592)  (0.0000000,6.2445094e-05)  
(-0.0000000,-4.7314255e-06)  (-0.0000000,-1.6082581e-05)  (0.0000000,1.7097760e-05)  (0.0000000,6.0567331e-05)  (-0.0000000,-4.6574011e-05)  (0.40418029,0.0000000)  (0.0000000,3.8557405e-05)  (0.0000000,-0.00029497797)  (0.0000000,0.00021195962)  (0.0000000,0.00072796747)  (0.0000000,-0.00054662973)  
(-0.0000000,-0.00010917836)  (-0.0000000,-0.00030743376)  (0.0000000,0.0011365718)  (0.0000000,0.00022248075)  (-0.0000000,-0.0010997258)  (-0.0000000,-3.8557405e-05)  (0.41977638,0.0000000)  (0.0000000,-0.010636732)  (0.0000000,0.0012295984)  (0.0000000,0.0013572886)  (0.0000000,0.00037220711)  
(-0.0000000,-0.00045431957)  (0.0000000,9.1835783e-05)  (0.0000000,0.00026994240)  (-0.0000000,-0.00034241786)  (0.0000000,0.00038192980)  (0.0000000,0.00029497797)  (0.0000000,0.010636732)  (0.42456231,0.0000000)  (0.0000000,0.00097949786)  (0.0000000,-0.00038242188)  (0.0000000,0.00099595202)  
(-0.0000000,-3.9087761e-05)  (0.0000000,5.0343542e-06)  (0.0000000,3.5075557e-05)  (-0.0000000,-0.00021130750)  (-0.0000000,-9.8771273e-05)  (-0.0000000,-0.00021195962)  (-0.0000000,-0.0012295984)  (-0.0000000,-0.00097949786)  (0.45381445,0.0000000)  (0.0000000,-0.0049407857)  (0.0000000,0.0044947913)  
(-0.0000000,-1.8780408e-05)  (-0.0000000,-8.6270543e-05)  (-0.0000000,-0.00012724040)  (0.0000000,0.00076953097)  (-0.0000000,-0.00018598592)  (-0.0000000,-0.00072796747)  (-0.0000000,-0.0013572886)  (0.0000000,0.00038242188)  (0.0000000,0.0049407857)  (0.46136011,0.0000000)  (0.0000000,0.00098471973)  
(0.0000000,2.9603835e-05)  (-0.0000000,-0.00010509530)  (-0.0000000,-0.00018123212)  (0.0000000,0.00074259087)  (-0.0000000,-6.2445094e-05)  (0.0000000,0.00054662973)  (-0.0000000,-0.00037220711)  (-0.0000000,-0.00099595202)  (-0.0000000,-0.0044947913)  (-0.0000000,-0.00098471973)  (0.46630278,0.0000000)  
