(0.0000000,0.0000000)  (0.0000000,7.8177898e-06)  (0.0000000,-1.3481468e-05)  (0.0000000,-9.6902203e-07)  (0.0000000,-1.9921707e-06)  (0.0000000,1.0225579e-05)  (0.0000000,-1.6556022e-05)  (0.0000000,-1.5004746e-06)  (0.0000000,-1.4279383e-05)  (0.0000000,1.4316952e-05)  (0.0000000,2.6339338e-05)  
(-0.0000000,-7.8177898e-06)  (0.20399011,0.0000000)  (0.0000000,0.00034326015)  (0.0000000,0.00033258679)  (0.0000000,0.00013911534)  (0.0000000,-0.00010157047)  (0.0000000,-3.2783095e-06)  (0.0000000,2.9679315e-05)  (0.0000000,-2.9791399e-05)  (0.0000000,-1.5998744e-05)  (0.0000000,1.7560486e-05)  
(0.0000000,1.3481468e-05)  (-0.0000000,-0.00034326015)  (0.36614678,0.0000000)  (0.0000000,0.0036473985)  (0.0000000,0.0011746149)  (0.0000000,-0.0034426398)  (0.0000000,-0.00044305126)  (0.0000000,0.00010766389)  (0.0000000,8.7500382e-06)  (0.0000000,0.00016939774)  (0.0000000,-3.5915017e-05)  
(0.0000000,9.6902203e-07)  (-0.0000000,-0.00033258679)  (-0.0000000,-0.0036473985)  (0.37118518,0.0000000)  (0.0000000,-0.0011289798)  (0.0000000,0.00049566099)  (0.0000000,-0.00026912224)  (0.0000000,-2.0715048e-05)  (0.0000000,-3.0585130e-05)  (0.0000000,0.00022333253)  (0.0000000,-0.00018479054)  
(0.0000000,1.9921707e-06)  (-0.0000000,-0.00013911534)  (-0.0000000,-0.0011746149)  (0.0000000,0.0011289798)  (0.39418213,0.0000000)  (0.0000000,-0.00039805086)  (0.0000000,-0.00017743848)  (0.0000000,0.00024659312)  (0.0000000,-0.00097360644)  (0.0000000,4.7996128e-06)  (0.0000000,-9.1562261e-05)  
(-0.0000000,-1.0225579e-05)  (0.0000000,0.00010157047)  (0.0000000,0.0034426398)  (-0.0000000,-0.00049566099)  (0.0000000,0.00039805086)  (0.40035133,0.0000000)  (0.0000000,0.00037354594)  (0.0000000,1.9107032e-05)  (0.0000000,-4.2584273e-05)  (0.0000000,-0.00021289292)  (0.0000000,0.00014783650)  
(0.0000000,1.6556022e-05)  (0.0000000,3.2783095e-06)  (0.0000000,0.00044305126)  (0.0000000,0.00026912224)  (0.0000000,0.00017743848)  (-0.0000000,-0.00037354594)  (0.40939675,0.0000000)  (0.0000000,-9.1343555e-06)  (0.0000000,0.00018133476)  (0.0000000,-0.00015969148)  (0.0000000,-0.00022649990)  
(0.0000000,1.5004746e-06)  (-0.0000000,-2.9679315e-05)  (-0.0000000,-0.00010766389)  (0.0000000,2.0715048e-05)  (-0.0000000,-0.00024659312)  (-0.0000000,-1.9107032e-05)  (0.0000000,9.1343555e-06)  (0.43121899,0.0000000)  (0.0000000,0.0012769934)  (0.0000000,-0.00014403254)  (0.0000000,0.00012456664)  
(0.0000000,1.4279383e-05)  (0.0000000,2.9791399e-05)  (-0.0000000,-8.7500382e-06)  (0.0000000,3.0585130e-05)  (0.0000000,0.00097360644)  (0.0000000,4.2584273e-05)  (-0.0000000,-0.00018133476)  (-0.0000000,-0.0012769934)  (0.45358458,0.0000000)  (0.0000000,-0.00041152427)  (0.0000000,0.00026159464)  
(-0.0000000,-1.4316952e-05)  (0.0000000,1.5998744e-05)  (-0.0000000,-0.00016939774)  (-0.0000000,-0.00022333253)  (-0.0000000,-4.7996128e-06)  (0.0000000,0.00021289292)  (0.0000000,0.00015969148)  (0.0000000,0.00014403254)  (0.0000000,0.00041152427)  (0.46229558,0.0000000)  (0.0000000,-1.0307256e-05)  
(-0.0000000,-2.6339338e-05)  (-0.0000000,-1.7560486e-05)  (0.0000000,3.5915017e-05)  (0.0000000,0.00018479054)  (0.0000000,9.1562261e-05)  (-0.0000000,-0.00014783650)  (0.0000000,0.00022649990)  (-0.0000000,-0.00012456664)  (-0.0000000,-0.00026159464)  (0.0000000,1.0307256e-05)  (0.46317776,0.0000000)  
