(0.0000000,0.0000000)  (0.0000000,-4.6391167e-05)  (0.0000000,4.2190732e-05)  (0.0000000,-0.00022301830)  (0.0000000,5.3000028e-05)  (0.0000000,0.00010495760)  (0.0000000,-3.1277128e-06)  (0.0000000,5.7598069e-05)  (0.0000000,0.00017523424)  (0.0000000,5.3590594e-05)  (0.0000000,5.4761248e-05)  
(0.0000000,4.6391167e-05)  (0.22523832,0.0000000)  (0.0000000,0.00015335608)  (0.0000000,1.0173323e-05)  (0.0000000,2.8207525e-05)  (0.0000000,4.1239813e-05)  (0.0000000,6.8346209e-05)  (0.0000000,0.00049976266)  (0.0000000,2.8020541e-05)  (0.0000000,0.00033620284)  (0.0000000,-0.00015487591)  
(-0.0000000,-4.2190732e-05)  (-0.0000000,-0.00015335608)  (0.33510216,0.0000000)  (0.0000000,0.00040197558)  (0.0000000,0.00063389561)  (0.0000000,0.0015017751)  (0.0000000,0.00064295605)  (0.0000000,0.0040221506)  (0.0000000,-0.0015681252)  (0.0000000,0.00045755632)  (0.0000000,-0.0010692282)  
(0.0000000,0.00022301830)  (-0.0000000,-1.0173323e-05)  (-0.0000000,-0.00040197558)  (0.36874867,0.0000000)  (0.0000000,-0.0044918138)  (0.0000000,-0.011242111)  (0.0000000,0.0013211469)  (0.0000000,-0.00091653205)  (0.0000000,0.00038156105)  (0.0000000,0.00038197768)  (0.0000000,0.00041683244)  
(-0.0000000,-5.3000028e-05)  (-0.0000000,-2.8207525e-05)  (-0.0000000,-0.00063389561)  (0.0000000,0.0044918138)  (0.37726342,0.0000000)  (0.0000000,0.00070883375)  (0.0000000,0.00035788093)  (0.0000000,6.4612360e-05)  (0.0000000,-0.00077862838)  (0.0000000,0.0012203471)  (0.0000000,5.2033379e-05)  
(-0.0000000,-0.00010495760)  (-0.0000000,-4.1239813e-05)  (-0.0000000,-0.0015017751)  (0.0000000,0.011242111)  (-0.0000000,-0.00070883375)  (0.38892837,0.0000000)  (0.0000000,3.5188656e-05)  (0.0000000,0.0012837008)  (0.0000000,0.00078911223)  (0.0000000,0.00077117423)  (0.0000000,0.00091674442)  
(0.0000000,3.1277128e-06)  (-0.0000000,-6.8346209e-05)  (-0.0000000,-0.00064295605)  (-0.0000000,-0.0013211469)  (-0.0000000,-0.00035788093)  (-0.0000000,-3.5188656e-05)  (0.41354636,0.0000000)  (0.0000000,0.00031682545)  (0.0000000,-2.8423318e-05)  (0.0000000,-0.0013926057)  (0.0000000,-0.00024042019)  
(-0.0000000,-5.7598069e-05)  (-0.0000000,-0.00049976266)  (-0.0000000,-0.0040221506)  (0.0000000,0.00091653205)  (-0.0000000,-6.4612360e-05)  (-0.0000000,-0.0012837008)  (-0.0000000,-0.00031682545)  (0.43604847,0.0000000)  (0.0000000,0.00018154085)  (0.0000000,-0.0074444995)  (0.0000000,-0.0028159682)  
(-0.0000000,-0.00017523424)  (-0.0000000,-2.8020541e-05)  (0.0000000,0.0015681252)  (-0.0000000,-0.00038156105)  (0.0000000,0.00077862838)  (-0.0000000,-0.00078911223)  (0.0000000,2.8423318e-05)  (-0.0000000,-0.00018154085)  (0.44257249,0.0000000)  (0.0000000,0.011073485)  (0.0000000,-0.0088934632)  
(-0.0000000,-5.3590594e-05)  (-0.0000000,-0.00033620284)  (-0.0000000,-0.00045755632)  (-0.0000000,-0.00038197768)  (-0.0000000,-0.0012203471)  (-0.0000000,-0.00077117423)  (0.0000000,0.0013926057)  (0.0000000,0.0074444995)  (-0.0000000,-0.011073485)  (0.44685164,0.0000000)  (0.0000000,0.013543341)  
(-0.0000000,-5.4761248e-05)  (0.0000000,0.00015487591)  (0.0000000,0.0010692282)  (-0.0000000,-0.00041683244)  (-0.0000000,-5.2033379e-05)  (-0.0000000,-0.00091674442)  (0.0000000,0.00024042019)  (0.0000000,0.0028159682)  (0.0000000,0.0088934632)  (-0.0000000,-0.013543341)  (0.45294495,0.0000000)  
