(0.0000000,0.0000000)  (0.0000000,3.8619058e-05)  (0.0000000,5.7149137e-06)  (0.0000000,6.2035238e-06)  (0.0000000,-0.00062462389)  (0.0000000,-0.00012203135)  (0.0000000,-0.00024223330)  (0.0000000,1.6621709e-05)  (0.0000000,0.00014065284)  (0.0000000,7.7138684e-05)  (0.0000000,-1.7132940e-05)  
(-0.0000000,-3.8619058e-05)  (0.20344475,0.0000000)  (0.0000000,7.7193731e-05)  (0.0000000,-3.9509781e-05)  (0.0000000,-3.8439723e-05)  (0.0000000,-1.5738457e-05)  (0.0000000,-2.3080597e-05)  (0.0000000,8.0321522e-06)  (0.0000000,4.4161652e-05)  (0.0000000,2.2574794e-05)  (0.0000000,4.1478942e-05)  
(-0.0000000,-5.7149137e-06)  (-0.0000000,-7.7193731e-05)  (0.35760630,0.0000000)  (0.0000000,-0.0016786906)  (0.0000000,0.00012768723)  (0.0000000,0.00065225598)  (0.0000000,-0.00059827803)  (0.0000000,0.00013339454)  (0.0000000,-8.2113445e-05)  (0.0000000,6.8632050e-05)  (0.0000000,-0.00083915176)  
(-0.0000000,-6.2035238e-06)  (0.0000000,3.9509781e-05)  (0.0000000,0.0016786906)  (0.37972621,0.0000000)  (0.0000000,3.8416666e-06)  (0.0000000,-0.00038530770)  (0.0000000,-3.1590011e-06)  (0.0000000,6.2464606e-05)  (0.0000000,-2.1648337e-05)  (0.0000000,-5.5932085e-05)  (0.0000000,-0.00010210616)  
(0.0000000,0.00062462389)  (0.0000000,3.8439723e-05)  (-0.0000000,-0.00012768723)  (-0.0000000,-3.8416666e-06)  (0.39720554,0.0000000)  (0.0000000,7.9695613e-05)  (0.0000000,-2.7836764e-05)  (0.0000000,-0.00011213822)  (0.0000000,0.00012474506)  (0.0000000,0.00027217074)  (0.0000000,0.00026727734)  
(0.0000000,0.00012203135)  (0.0000000,1.5738457e-05)  (-0.0000000,-0.00065225598)  (0.0000000,0.00038530770)  (-0.0000000,-7.9695613e-05)  (0.39977289,0.0000000)  (0.0000000,0.00028283107)  (0.0000000,0.00070224312)  (0.0000000,-2.7517709e-05)  (0.0000000,-9.3160195e-05)  (0.0000000,-0.0011667533)  
(0.0000000,0.00024223330)  (0.0000000,2.3080597e-05)  (0.0000000,0.00059827803)  (0.0000000,3.1590011e-06)  (0.0000000,2.7836764e-05)  (-0.0000000,-0.00028283107)  (0.40833891,0.0000000)  (0.0000000,-1.2326443e-05)  (0.0000000,-1.5898263e-05)  (0.0000000,6.4876577e-05)  (0.0000000,-5.6865833e-05)  
(-0.0000000,-1.6621709e-05)  (-0.0000000,-8.0321522e-06)  (-0.0000000,-0.00013339454)  (-0.0000000,-6.2464606e-05)  (0.0000000,0.00011213822)  (-0.0000000,-0.00070224312)  (0.0000000,1.2326443e-05)  (0.42644960,0.0000000)  (0.0000000,-0.00036636402)  (0.0000000,9.9097238e-05)  (0.0000000,1.3892227e-05)  
(-0.0000000,-0.00014065284)  (-0.0000000,-4.4161652e-05)  (0.0000000,8.2113445e-05)  (0.0000000,2.1648337e-05)  (-0.0000000,-0.00012474506)  (0.0000000,2.7517709e-05)  (0.0000000,1.5898263e-05)  (0.0000000,0.00036636402)  (0.45297894,0.0000000)  (0.0000000,0.0045180921)  (0.0000000,-0.00031537748)  
(-0.0000000,-7.7138684e-05)  (-0.0000000,-2.2574794e-05)  (-0.0000000,-6.8632050e-05)  (0.0000000,5.5932085e-05)  (-0.0000000,-0.00027217074)  (0.0000000,9.3160195e-05)  (-0.0000000,-6.4876577e-05)  (-0.0000000,-9.9097238e-05)  (-0.0000000,-0.0045180921)  (0.45472548,0.0000000)  (0.0000000,0.00014462169)  
(0.0000000,1.7132940e-05)  (-0.0000000,-4.1478942e-05)  (0.0000000,0.00083915176)  (0.0000000,0.00010210616)  (-0.0000000,-0.00026727734)  (0.0000000,0.0011667533)  (0.0000000,5.6865833e-05)  (-0.0000000,-1.3892227e-05)  (0.0000000,0.00031537748)  (-0.0000000,-0.00014462169)  (0.46031642,0.0000000)  
