(0.0000000,0.0000000)  (0.0000000,-5.0881560e-05)  (0.0000000,-0.00026577768)  (0.0000000,-9.0881943e-05)  (0.0000000,-4.0025947e-05)  (0.0000000,0.00028613857)  (0.0000000,-2.8592979e-05)  (0.0000000,4.3548614e-05)  (0.0000000,-0.00046747718)  (0.0000000,0.00013905643)  (0.0000000,0.00018739387)  
(0.0000000,5.0881560e-05)  (0.23262945,0.0000000)  (0.0000000,-0.00025345721)  (0.0000000,-0.00090357327)  (0.0000000,-0.00055838033)  (0.0000000,-0.00050247680)  (0.0000000,0.00035158829)  (0.0000000,-0.00033510449)  (0.0000000,8.9051092e-05)  (0.0000000,0.00066561085)  (0.0000000,0.00056720989)  
(0.0000000,0.00026577768)  (0.0000000,0.00025345721)  (0.33456396,0.0000000)  (0.0000000,0.0061622330)  (0.0000000,-0.0022955270)  (0.0000000,0.00071103361)  (0.0000000,0.00024435379)  (0.0000000,-0.00048046709)  (0.0000000,0.00038425737)  (0.0000000,0.00037433483)  (0.0000000,0.00012478202)  
(0.0000000,9.0881943e-05)  (0.0000000,0.00090357327)  (-0.0000000,-0.0061622330)  (0.34370549,0.0000000)  (0.0000000,0.0037391945)  (0.0000000,0.0013834452)  (0.0000000,0.00025323591)  (0.0000000,0.0023099839)  (0.0000000,0.00050920675)  (0.0000000,0.00064617116)  (0.0000000,0.0023867365)  
(0.0000000,4.0025947e-05)  (0.0000000,0.00055838033)  (0.0000000,0.0022955270)  (-0.0000000,-0.0037391945)  (0.34831686,0.0000000)  (0.0000000,0.013015907)  (0.0000000,0.00033851473)  (0.0000000,0.0024744796)  (0.0000000,-0.00049746074)  (0.0000000,0.00037645375)  (0.0000000,-0.00024184860)  
(-0.0000000,-0.00028613857)  (0.0000000,0.00050247680)  (-0.0000000,-0.00071103361)  (-0.0000000,-0.0013834452)  (-0.0000000,-0.013015907)  (0.35183180,0.0000000)  (0.0000000,0.0020155723)  (0.0000000,-0.0051277735)  (0.0000000,0.00078794377)  (0.0000000,0.0029778635)  (0.0000000,-0.00097957594)  
(0.0000000,2.8592979e-05)  (-0.0000000,-0.00035158829)  (-0.0000000,-0.00024435379)  (-0.0000000,-0.00025323591)  (-0.0000000,-0.00033851473)  (-0.0000000,-0.0020155723)  (0.40298721,0.0000000)  (0.0000000,0.011104144)  (0.0000000,-0.0010438213)  (0.0000000,0.00042243201)  (0.0000000,-0.00074025371)  
(-0.0000000,-4.3548614e-05)  (0.0000000,0.00033510449)  (0.0000000,0.00048046709)  (-0.0000000,-0.0023099839)  (-0.0000000,-0.0024744796)  (0.0000000,0.0051277735)  (-0.0000000,-0.011104144)  (0.40772500,0.0000000)  (0.0000000,0.0021417288)  (0.0000000,0.00051056018)  (0.0000000,0.00013529535)  
(0.0000000,0.00046747718)  (-0.0000000,-8.9051092e-05)  (-0.0000000,-0.00038425737)  (-0.0000000,-0.00050920675)  (0.0000000,0.00049746074)  (-0.0000000,-0.00078794377)  (0.0000000,0.0010438213)  (-0.0000000,-0.0021417288)  (0.42092738,0.0000000)  (0.0000000,-0.00061478016)  (0.0000000,-0.00041276077)  
(-0.0000000,-0.00013905643)  (-0.0000000,-0.00066561085)  (-0.0000000,-0.00037433483)  (-0.0000000,-0.00064617116)  (-0.0000000,-0.00037645375)  (-0.0000000,-0.0029778635)  (-0.0000000,-0.00042243201)  (-0.0000000,-0.00051056018)  (0.0000000,0.00061478016)  (0.44122616,0.0000000)  (0.0000000,-5.4134011e-05)  
(-0.0000000,-0.00018739387)  (-0.0000000,-0.00056720989)  (-0.0000000,-0.00012478202)  (-0.0000000,-0.0023867365)  (0.0000000,0.00024184860)  (0.0000000,0.00097957594)  (0.0000000,0.00074025371)  (-0.0000000,-0.00013529535)  (0.0000000,0.00041276077)  (0.0000000,5.4134011e-05)  (0.44483499,0.0000000)  
