(0.0000000,0.0000000)  (0.0000000,1.3573366e-05)  (0.0000000,-2.3798383e-05)  (0.0000000,-3.7768380e-05)  (0.0000000,0.00013160554)  (0.0000000,-0.00010861777)  (0.0000000,-0.00055650564)  (0.0000000,-2.0535923e-05)  (0.0000000,1.0632288e-05)  (0.0000000,-7.5099278e-05)  (0.0000000,-7.7537896e-05)  
(-0.0000000,-1.3573366e-05)  (0.21379865,0.0000000)  (0.0000000,-5.0072861e-06)  (0.0000000,0.00011633170)  (0.0000000,-0.00022604846)  (0.0000000,6.7836314e-05)  (0.0000000,7.1623579e-05)  (0.0000000,-0.00030515232)  (0.0000000,5.2725096e-05)  (0.0000000,-0.00029512911)  (0.0000000,7.0496158e-05)  
(0.0000000,2.3798383e-05)  (0.0000000,5.0072861e-06)  (0.35731285,0.0000000)  (0.0000000,-7.3382843e-05)  (0.0000000,0.00021182141)  (0.0000000,0.00066086614)  (0.0000000,-2.5342549e-05)  (0.0000000,-0.00034068102)  (0.0000000,-0.0018408452)  (0.0000000,-0.00013247571)  (0.0000000,0.00069845324)  
(0.0000000,3.7768380e-05)  (-0.0000000,-0.00011633170)  (0.0000000,7.3382843e-05)  (0.38128698,0.0000000)  (0.0000000,-0.0077372644)  (0.0000000,0.00019903093)  (0.0000000,0.00051901504)  (0.0000000,0.00083559554)  (0.0000000,-0.00025412941)  (0.0000000,0.00014209884)  (0.0000000,-0.00012469970)  
(-0.0000000,-0.00013160554)  (0.0000000,0.00022604846)  (-0.0000000,-0.00021182141)  (0.0000000,0.0077372644)  (0.38919297,0.0000000)  (0.0000000,-0.0010066917)  (0.0000000,-0.00039163989)  (0.0000000,-0.00041415975)  (0.0000000,0.00013986841)  (0.0000000,-0.0010868289)  (0.0000000,0.00022505872)  
(0.0000000,0.00010861777)  (-0.0000000,-6.7836314e-05)  (-0.0000000,-0.00066086614)  (-0.0000000,-0.00019903093)  (0.0000000,0.0010066917)  (0.40888115,0.0000000)  (0.0000000,-0.0037509359)  (0.0000000,-0.0040844420)  (0.0000000,0.00016034823)  (0.0000000,0.00044914824)  (0.0000000,0.00012874340)  
(0.0000000,0.00055650564)  (-0.0000000,-7.1623579e-05)  (0.0000000,2.5342549e-05)  (-0.0000000,-0.00051901504)  (0.0000000,0.00039163989)  (0.0000000,0.0037509359)  (0.41217247,0.0000000)  (0.0000000,0.0017225887)  (0.0000000,-2.3694388e-05)  (0.0000000,0.00012691376)  (0.0000000,0.0010707552)  
(0.0000000,2.0535923e-05)  (0.0000000,0.00030515232)  (0.0000000,0.00034068102)  (-0.0000000,-0.00083559554)  (0.0000000,0.00041415975)  (0.0000000,0.0040844420)  (-0.0000000,-0.0017225887)  (0.42282937,0.0000000)  (0.0000000,8.8550300e-05)  (0.0000000,6.5740460e-06)  (0.0000000,0.00020050910)  
(-0.0000000,-1.0632288e-05)  (-0.0000000,-5.2725096e-05)  (0.0000000,0.0018408452)  (0.0000000,0.00025412941)  (-0.0000000,-0.00013986841)  (-0.0000000,-0.00016034823)  (0.0000000,2.3694388e-05)  (-0.0000000,-8.8550300e-05)  (0.43698541,0.0000000)  (0.0000000,-1.7329351e-05)  (0.0000000,-1.8793641e-05)  
(0.0000000,7.5099278e-05)  (0.0000000,0.00029512911)  (0.0000000,0.00013247571)  (-0.0000000,-0.00014209884)  (0.0000000,0.0010868289)  (-0.0000000,-0.00044914824)  (-0.0000000,-0.00012691376)  (-0.0000000,-6.5740460e-06)  (0.0000000,1.7329351e-05)  (0.44424938,0.0000000)  (0.0000000,-0.00038989557)  
(0.0000000,7.7537896e-05)  (-0.0000000,-7.0496158e-05)  (-0.0000000,-0.00069845324)  (0.0000000,0.00012469970)  (-0.0000000,-0.00022505872)  (-0.0000000,-0.00012874340)  (-0.0000000,-0.0010707552)  (-0.0000000,-0.00020050910)  (0.0000000,1.8793641e-05)  (0.0000000,0.00038989557)  (0.46298188,0.0000000)  
