(0.0000000,0.0000000)  (0.0000000,-1.7698981e-05)  (0.0000000,6.1231367e-06)  (0.0000000,-9.0185628e-06)  (0.0000000,6.4558400e-06)  (0.0000000,0.00016212811)  (0.0000000,-7.2555077e-05)  (0.0000000,-0.00033027301)  (0.0000000,0.00017392113)  (0.0000000,0.00017264672)  (0.0000000,-9.4950284e-05)  
(0.0000000,1.7698981e-05)  (0.21198504,0.0000000)  (0.0000000,-6.4910623e-05)  (0.0000000,2.5432124e-07)  (0.0000000,4.9850740e-06)  (0.0000000,2.0325693e-05)  (0.0000000,3.6003599e-05)  (0.0000000,0.00021239295)  (0.0000000,9.2729501e-05)  (0.0000000,-2.2119964e-05)  (0.0000000,3.0198289e-06)  
(-0.0000000,-6.1231367e-06)  (0.0000000,6.4910623e-05)  (0.35450718,0.0000000)  (0.0000000,3.7375789e-06)  (0.0000000,5.5327098e-06)  (0.0000000,0.00010228711)  (0.0000000,0.00021430353)  (0.0000000,0.0010215381)  (0.0000000,0.00023673252)  (0.0000000,-3.6259997e-05)  (0.0000000,-0.00014988728)  
(0.0000000,9.0185628e-06)  (-0.0000000,-2.5432124e-07)  (-0.0000000,-3.7375789e-06)  (0.39507350,0.0000000)  (0.0000000,5.1846650e-05)  (0.0000000,4.5988005e-05)  (0.0000000,-0.00053132972)  (0.0000000,6.2771109e-05)  (0.0000000,4.6982434e-05)  (0.0000000,0.00010268095)  (0.0000000,0.00013903979)  
(-0.0000000,-6.4558400e-06)  (-0.0000000,-4.9850740e-06)  (-0.0000000,-5.5327098e-06)  (-0.0000000,-5.1846650e-05)  (0.40038018,0.0000000)  (0.0000000,-6.9197048e-05)  (0.0000000,0.00086057139)  (0.0000000,-3.2318844e-06)  (0.0000000,-5.1882709e-05)  (0.0000000,-0.00020878284)  (0.0000000,7.8021938e-05)  
(-0.0000000,-0.00016212811)  (-0.0000000,-2.0325693e-05)  (-0.0000000,-0.00010228711)  (-0.0000000,-4.5988005e-05)  (0.0000000,6.9197048e-05)  (0.42112179,0.0000000)  (0.0000000,0.00024565023)  (0.0000000,-0.00033265402)  (0.0000000,0.00016154996)  (0.0000000,0.00085426139)  (0.0000000,-0.0030168317)  
(0.0000000,7.2555077e-05)  (-0.0000000,-3.6003599e-05)  (-0.0000000,-0.00021430353)  (0.0000000,0.00053132972)  (-0.0000000,-0.00086057139)  (-0.0000000,-0.00024565023)  (0.43377752,0.0000000)  (0.0000000,0.0010254787)  (0.0000000,0.00010527580)  (0.0000000,-0.0010315540)  (0.0000000,0.0017017149)  
(0.0000000,0.00033027301)  (-0.0000000,-0.00021239295)  (-0.0000000,-0.0010215381)  (-0.0000000,-6.2771109e-05)  (0.0000000,3.2318844e-06)  (0.0000000,0.00033265402)  (-0.0000000,-0.0010254787)  (0.43829260,0.0000000)  (0.0000000,0.0031116683)  (0.0000000,-0.00025099632)  (0.0000000,0.0068065935)  
(-0.0000000,-0.00017392113)  (-0.0000000,-9.2729501e-05)  (-0.0000000,-0.00023673252)  (-0.0000000,-4.6982434e-05)  (0.0000000,5.1882709e-05)  (-0.0000000,-0.00016154996)  (-0.0000000,-0.00010527580)  (-0.0000000,-0.0031116683)  (0.43997005,0.0000000)  (0.0000000,5.2170603e-05)  (0.0000000,-0.0050166444)  
(-0.0000000,-0.00017264672)  (0.0000000,2.2119964e-05)  (0.0000000,3.6259997e-05)  (-0.0000000,-0.00010268095)  (0.0000000,0.00020878284)  (-0.0000000,-0.00085426139)  (0.0000000,0.0010315540)  (0.0000000,0.00025099632)  (-0.0000000,-5.2170603e-05)  (0.46010235,0.0000000)  (0.0000000,-0.0091737256)  
(0.0000000,9.4950284e-05)  (-0.0000000,-3.0198289e-06)  (0.0000000,0.00014988728)  (-0.0000000,-0.00013903979)  (-0.0000000,-7.8021938e-05)  (0.0000000,0.0030168317)  (-0.0000000,-0.0017017149)  (-0.0000000,-0.0068065935)  (0.0000000,0.0050166444)  (0.0000000,0.0091737256)  (0.47200176,0.0000000)  
