(0.0000000,0.0000000)  (0.0000000,-3.9170222e-05)  (0.0000000,1.1895666e-05)  (0.0000000,-0.00023392330)  (0.0000000,-0.00022276796)  (0.0000000,-4.0840321e-05)  (0.0000000,-0.00013458088)  (0.0000000,9.5149098e-05)  (0.0000000,5.3715251e-05)  (0.0000000,1.3945557e-05)  (0.0000000,-1.2723975e-05)  
(0.0000000,3.9170222e-05)  (0.20835177,0.0000000)  (0.0000000,-8.1223758e-05)  (0.0000000,-0.00010938272)  (0.0000000,1.4752663e-05)  (0.0000000,0.00010079862)  (0.0000000,-5.5921344e-06)  (0.0000000,8.2502464e-06)  (0.0000000,-0.00023669586)  (0.0000000,-2.0415185e-06)  (0.0000000,-2.5949930e-06)  
(-0.0000000,-1.1895666e-05)  (0.0000000,8.1223758e-05)  (0.34884477,0.0000000)  (0.0000000,-0.0013126148)  (0.0000000,0.00089900832)  (0.0000000,0.00045988564)  (0.0000000,-0.00018962749)  (0.0000000,7.6385400e-05)  (0.0000000,-3.9848297e-05)  (0.0000000,-4.0845476e-05)  (0.0000000,1.5709701e-05)  
(0.0000000,0.00023392330)  (0.0000000,0.00010938272)  (0.0000000,0.0013126148)  (0.37965216,0.0000000)  (0.0000000,-0.0023813219)  (0.0000000,-0.00033796063)  (0.0000000,0.0014008597)  (0.0000000,0.00025295027)  (0.0000000,0.0042554345)  (0.0000000,-0.00013881534)  (0.0000000,2.8993426e-05)  
(0.0000000,0.00022276796)  (-0.0000000,-1.4752663e-05)  (-0.0000000,-0.00089900832)  (0.0000000,0.0023813219)  (0.38427529,0.0000000)  (0.0000000,-0.0010096175)  (0.0000000,0.00012896748)  (0.0000000,-4.9322920e-05)  (0.0000000,0.0076451248)  (0.0000000,0.00015505259)  (0.0000000,3.6461103e-05)  
(0.0000000,4.0840321e-05)  (-0.0000000,-0.00010079862)  (-0.0000000,-0.00045988564)  (0.0000000,0.00033796063)  (0.0000000,0.0010096175)  (0.40442027,0.0000000)  (0.0000000,0.00067692215)  (0.0000000,0.010705914)  (0.0000000,0.0021696669)  (0.0000000,-0.0021531573)  (0.0000000,-0.00079549839)  
(0.0000000,0.00013458088)  (0.0000000,5.5921344e-06)  (0.0000000,0.00018962749)  (-0.0000000,-0.0014008597)  (-0.0000000,-0.00012896748)  (-0.0000000,-0.00067692215)  (0.40634817,0.0000000)  (0.0000000,-0.0037697086)  (0.0000000,0.0063896621)  (0.0000000,0.00085293811)  (0.0000000,0.00037074439)  
(-0.0000000,-9.5149098e-05)  (-0.0000000,-8.2502464e-06)  (-0.0000000,-7.6385400e-05)  (-0.0000000,-0.00025295027)  (0.0000000,4.9322920e-05)  (-0.0000000,-0.010705914)  (0.0000000,0.0037697086)  (0.41764470,0.0000000)  (0.0000000,-0.0015700349)  (0.0000000,0.00023312923)  (0.0000000,-0.00035591429)  
(-0.0000000,-5.3715251e-05)  (0.0000000,0.00023669586)  (0.0000000,3.9848297e-05)  (-0.0000000,-0.0042554345)  (-0.0000000,-0.0076451248)  (-0.0000000,-0.0021696669)  (-0.0000000,-0.0063896621)  (0.0000000,0.0015700349)  (0.42819246,0.0000000)  (0.0000000,0.00032973330)  (0.0000000,-0.00081781283)  
(-0.0000000,-1.3945557e-05)  (0.0000000,2.0415185e-06)  (0.0000000,4.0845476e-05)  (0.0000000,0.00013881534)  (-0.0000000,-0.00015505259)  (0.0000000,0.0021531573)  (-0.0000000,-0.00085293811)  (-0.0000000,-0.00023312923)  (-0.0000000,-0.00032973330)  (0.43778251,0.0000000)  (0.0000000,-4.8867642e-05)  
(0.0000000,1.2723975e-05)  (0.0000000,2.5949930e-06)  (-0.0000000,-1.5709701e-05)  (-0.0000000,-2.8993426e-05)  (-0.0000000,-3.6461103e-05)  (0.0000000,0.00079549839)  (-0.0000000,-0.00037074439)  (0.0000000,0.00035591429)  (0.0000000,0.00081781283)  (0.0000000,4.8867642e-05)  (0.45053489,0.0000000)  
