(0.0000000,0.0000000)  (0.0000000,-8.7257004e-06)  (0.0000000,5.8860284e-06)  (0.0000000,-0.00079345935)  (0.0000000,-9.6886663e-05)  (0.0000000,-6.5792227e-05)  (0.0000000,0.00014840380)  (0.0000000,0.00034969739)  (0.0000000,-5.3744988e-05)  (0.0000000,-4.6480516e-06)  (0.0000000,-0.00017077473)  
(0.0000000,8.7257004e-06)  (0.20864467,0.0000000)  (0.0000000,0.00052348232)  (0.0000000,9.8864430e-05)  (0.0000000,0.00015021907)  (0.0000000,6.0070392e-05)  (0.0000000,5.0619316e-05)  (0.0000000,0.00014903891)  (0.0000000,0.00025223653)  (0.0000000,1.1914808e-05)  (0.0000000,-2.9000998e-05)  
(-0.0000000,-5.8860284e-06)  (-0.0000000,-0.00052348232)  (0.36500717,0.0000000)  (0.0000000,0.00014964506)  (0.0000000,-0.0027104359)  (0.0000000,-0.00029243981)  (0.0000000,-0.00033322865)  (0.0000000,-0.0011116647)  (0.0000000,0.0019827841)  (0.0000000,6.5459416e-05)  (0.0000000,0.00054978490)  
(0.0000000,0.00079345935)  (-0.0000000,-9.8864430e-05)  (-0.0000000,-0.00014964506)  (0.39208923,0.0000000)  (0.0000000,0.013573316)  (0.0000000,0.0042544028)  (0.0000000,0.00039236368)  (0.0000000,0.00046816940)  (0.0000000,0.00013958035)  (0.0000000,-0.00016016205)  (0.0000000,0.00011042324)  
(0.0000000,9.6886663e-05)  (-0.0000000,-0.00015021907)  (0.0000000,0.0027104359)  (-0.0000000,-0.013573316)  (0.39497630,0.0000000)  (0.0000000,-0.00019181952)  (0.0000000,0.00014243332)  (0.0000000,-0.00084639956)  (0.0000000,-0.0015222469)  (0.0000000,-0.00010647520)  (0.0000000,6.3827933e-05)  
(0.0000000,6.5792227e-05)  (-0.0000000,-6.0070392e-05)  (0.0000000,0.00029243981)  (-0.0000000,-0.0042544028)  (0.0000000,0.00019181952)  (0.40617544,0.0000000)  (0.0000000,-0.0046164088)  (0.0000000,-0.00050533327)  (0.0000000,0.0024510618)  (0.0000000,0.0016540858)  (0.0000000,4.6291135e-05)  
(-0.0000000,-0.00014840380)  (-0.0000000,-5.0619316e-05)  (0.0000000,0.00033322865)  (-0.0000000,-0.00039236368)  (-0.0000000,-0.00014243332)  (0.0000000,0.0046164088)  (0.42011227,0.0000000)  (0.0000000,-0.0099878069)  (0.0000000,0.013533736)  (0.0000000,0.00011561971)  (0.0000000,0.00010478011)  
(-0.0000000,-0.00034969739)  (-0.0000000,-0.00014903891)  (0.0000000,0.0011116647)  (-0.0000000,-0.00046816940)  (0.0000000,0.00084639956)  (0.0000000,0.00050533327)  (0.0000000,0.0099878069)  (0.42672945,0.0000000)  (0.0000000,-0.0055648773)  (0.0000000,-0.0047769296)  (0.0000000,-0.00036419665)  
(0.0000000,5.3744988e-05)  (-0.0000000,-0.00025223653)  (-0.0000000,-0.0019827841)  (-0.0000000,-0.00013958035)  (0.0000000,0.0015222469)  (-0.0000000,-0.0024510618)  (-0.0000000,-0.013533736)  (0.0000000,0.0055648773)  (0.43044927,0.0000000)  (0.0000000,0.0064765736)  (0.0000000,-0.00014832551)  
(0.0000000,4.6480516e-06)  (-0.0000000,-1.1914808e-05)  (-0.0000000,-6.5459416e-05)  (0.0000000,0.00016016205)  (0.0000000,0.00010647520)  (-0.0000000,-0.0016540858)  (-0.0000000,-0.00011561971)  (0.0000000,0.0047769296)  (-0.0000000,-0.0064765736)  (0.44416027,0.0000000)  (0.0000000,-0.00023186193)  
(0.0000000,0.00017077473)  (0.0000000,2.9000998e-05)  (-0.0000000,-0.00054978490)  (-0.0000000,-0.00011042324)  (-0.0000000,-6.3827933e-05)  (-0.0000000,-4.6291135e-05)  (-0.0000000,-0.00010478011)  (0.0000000,0.00036419665)  (0.0000000,0.00014832551)  (0.0000000,0.00023186193)  (0.47072912,0.0000000)  
