(0.0000000,0.0000000)  (0.0000000,-4.1748768e-05)  (0.0000000,-1.0665530e-05)  (0.0000000,-0.00025770333)  (0.0000000,1.0284456e-05)  (0.0000000,3.7649234e-05)  (0.0000000,0.00033714434)  (0.0000000,0.00011668875)  (0.0000000,-0.00013502245)  (0.0000000,-1.2282073e-05)  (0.0000000,0.00023093858)  
(0.0000000,4.1748768e-05)  (0.20989361,0.0000000)  (0.0000000,0.00015693930)  (0.0000000,0.00010066092)  (0.0000000,-9.0369689e-05)  (0.0000000,8.9429511e-05)  (0.0000000,-3.1105287e-05)  (0.0000000,-0.00013170334)  (0.0000000,-0.00018614501)  (0.0000000,5.6861562e-06)  (0.0000000,-1.4629576e-05)  
(0.0000000,1.0665530e-05)  (-0.0000000,-0.00015693930)  (0.36498126,0.0000000)  (0.0000000,1.2085364e-06)  (0.0000000,-0.00013867332)  (0.0000000,2.3216586e-05)  (0.0000000,6.2419398e-05)  (0.0000000,5.1779986e-05)  (0.0000000,-0.00054820301)  (0.0000000,-0.00034238877)  (0.0000000,-0.00010281145)  
(0.0000000,0.00025770333)  (-0.0000000,-0.00010066092)  (-0.0000000,-1.2085364e-06)  (0.39563081,0.0000000)  (0.0000000,-1.3423989e-05)  (0.0000000,-1.4568730e-05)  (0.0000000,-0.00085008453)  (0.0000000,0.00035688843)  (0.0000000,-0.00052594873)  (0.0000000,6.0062851e-05)  (0.0000000,-5.0094589e-05)  
(-0.0000000,-1.0284456e-05)  (0.0000000,9.0369689e-05)  (0.0000000,0.00013867332)  (0.0000000,1.3423989e-05)  (0.40838209,0.0000000)  (0.0000000,-5.8637835e-05)  (0.0000000,-0.00012195419)  (0.0000000,0.0019135122)  (0.0000000,-0.0027842875)  (0.0000000,-0.00086409323)  (0.0000000,1.3941358e-05)  
(-0.0000000,-3.7649234e-05)  (-0.0000000,-8.9429511e-05)  (-0.0000000,-2.3216586e-05)  (0.0000000,1.4568730e-05)  (0.0000000,5.8637835e-05)  (0.42476425,0.0000000)  (0.0000000,0.00022896763)  (0.0000000,0.00044236432)  (0.0000000,-0.00039718904)  (0.0000000,9.5889409e-05)  (0.0000000,0.00011851715)  
(-0.0000000,-0.00033714434)  (0.0000000,3.1105287e-05)  (-0.0000000,-6.2419398e-05)  (0.0000000,0.00085008453)  (0.0000000,0.00012195419)  (-0.0000000,-0.00022896763)  (0.43095145,0.0000000)  (0.0000000,0.00044847156)  (0.0000000,-0.00028580171)  (0.0000000,0.00046665705)  (0.0000000,-0.00076705203)  
(-0.0000000,-0.00011668875)  (0.0000000,0.00013170334)  (-0.0000000,-5.1779986e-05)  (-0.0000000,-0.00035688843)  (-0.0000000,-0.0019135122)  (-0.0000000,-0.00044236432)  (-0.0000000,-0.00044847156)  (0.43579692,0.0000000)  (0.0000000,-0.022195753)  (0.0000000,0.0014516301)  (0.0000000,-0.00032127799)  
(0.0000000,0.00013502245)  (0.0000000,0.00018614501)  (0.0000000,0.00054820301)  (0.0000000,0.00052594873)  (0.0000000,0.0027842875)  (0.0000000,0.00039718904)  (0.0000000,0.00028580171)  (0.0000000,0.022195753)  (0.43898093,0.0000000)  (0.0000000,0.0013413719)  (0.0000000,0.00022626050)  
(0.0000000,1.2282073e-05)  (-0.0000000,-5.6861562e-06)  (0.0000000,0.00034238877)  (-0.0000000,-6.0062851e-05)  (0.0000000,0.00086409323)  (-0.0000000,-9.5889409e-05)  (-0.0000000,-0.00046665705)  (-0.0000000,-0.0014516301)  (-0.0000000,-0.0013413719)  (0.45304858,0.0000000)  (0.0000000,-4.4931727e-05)  
(-0.0000000,-0.00023093858)  (0.0000000,1.4629576e-05)  (0.0000000,0.00010281145)  (0.0000000,5.0094589e-05)  (-0.0000000,-1.3941358e-05)  (-0.0000000,-0.00011851715)  (0.0000000,0.00076705203)  (0.0000000,0.00032127799)  (-0.0000000,-0.00022626050)  (0.0000000,4.4931727e-05)  (0.46533883,0.0000000)  
