(0.0000000,0.0000000)  (0.0000000,-8.1221722e-05)  (0.0000000,-2.1330041e-05)  (0.0000000,-8.7804665e-05)  (0.0000000,-2.5484947e-05)  (0.0000000,2.3595698e-05)  (0.0000000,-3.1546950e-05)  (0.0000000,6.4156981e-07)  (0.0000000,-1.5447820e-05)  (0.0000000,2.1478606e-06)  (0.0000000,1.3282150e-05)  
(0.0000000,8.1221722e-05)  (0.21466594,0.0000000)  (0.0000000,0.00010389206)  (0.0000000,0.00048242684)  (0.0000000,-4.5622189e-06)  (0.0000000,2.3653131e-06)  (0.0000000,3.4967246e-05)  (0.0000000,1.0361483e-06)  (0.0000000,1.3303638e-05)  (0.0000000,-3.3633944e-05)  (0.0000000,3.7307868e-06)  
(0.0000000,2.1330041e-05)  (-0.0000000,-0.00010389206)  (0.34715483,0.0000000)  (0.0000000,0.0011912433)  (0.0000000,-8.6813906e-06)  (0.0000000,-2.0720063e-06)  (0.0000000,0.00011105132)  (0.0000000,-3.5066089e-06)  (0.0000000,-0.00020773125)  (0.0000000,8.0985903e-06)  (0.0000000,-8.7172214e-05)  
(0.0000000,8.7804665e-05)  (-0.0000000,-0.00048242684)  (-0.0000000,-0.0011912433)  (0.36699019,0.0000000)  (0.0000000,-3.5942234e-06)  (0.0000000,-1.0186837e-06)  (0.0000000,0.00039547177)  (0.0000000,-1.9749949e-05)  (0.0000000,0.00028562983)  (0.0000000,-3.4777122e-05)  (0.0000000,4.5668160e-05)  
(0.0000000,2.5484947e-05)  (0.0000000,4.5622189e-06)  (0.0000000,8.6813906e-06)  (0.0000000,3.5942234e-06)  (0.38459979,0.0000000)  (0.0000000,-0.00090971399)  (0.0000000,-1.4085421e-05)  (0.0000000,-0.00040680697)  (0.0000000,7.2921848e-05)  (0.0000000,0.00011152389)  (0.0000000,0.00025536082)  
(-0.0000000,-2.3595698e-05)  (-0.0000000,-2.3653131e-06)  (0.0000000,2.0720063e-06)  (0.0000000,1.0186837e-06)  (0.0000000,0.00090971399)  (0.39838760,0.0000000)  (0.0000000,-4.4183996e-06)  (0.0000000,7.9528304e-05)  (0.0000000,-2.8985615e-05)  (0.0000000,-0.00012599658)  (0.0000000,-0.00061798342)  
(0.0000000,3.1546950e-05)  (-0.0000000,-3.4967246e-05)  (-0.0000000,-0.00011105132)  (-0.0000000,-0.00039547177)  (0.0000000,1.4085421e-05)  (0.0000000,4.4183996e-06)  (0.40809911,0.0000000)  (0.0000000,-1.3775654e-07)  (0.0000000,0.00030513026)  (0.0000000,-0.00011824722)  (0.0000000,0.00010263435)  
(-0.0000000,-6.4156981e-07)  (-0.0000000,-1.0361483e-06)  (0.0000000,3.5066089e-06)  (0.0000000,1.9749949e-05)  (0.0000000,0.00040680697)  (-0.0000000,-7.9528304e-05)  (0.0000000,1.3775654e-07)  (0.42172871,0.0000000)  (0.0000000,-7.9757170e-05)  (0.0000000,-6.6606537e-05)  (0.0000000,0.00019244033)  
(0.0000000,1.5447820e-05)  (-0.0000000,-1.3303638e-05)  (0.0000000,0.00020773125)  (-0.0000000,-0.00028562983)  (-0.0000000,-7.2921848e-05)  (0.0000000,2.8985615e-05)  (-0.0000000,-0.00030513026)  (0.0000000,7.9757170e-05)  (0.44921649,0.0000000)  (0.0000000,-0.0010760122)  (0.0000000,-0.0067313336)  
(-0.0000000,-2.1478606e-06)  (0.0000000,3.3633944e-05)  (-0.0000000,-8.0985903e-06)  (0.0000000,3.4777122e-05)  (-0.0000000,-0.00011152389)  (0.0000000,0.00012599658)  (0.0000000,0.00011824722)  (0.0000000,6.6606537e-05)  (0.0000000,0.0010760122)  (0.45289423,0.0000000)  (0.0000000,-0.0090237539)  
(-0.0000000,-1.3282150e-05)  (-0.0000000,-3.7307868e-06)  (0.0000000,8.7172214e-05)  (-0.0000000,-4.5668160e-05)  (-0.0000000,-0.00025536082)  (0.0000000,0.00061798342)  (-0.0000000,-0.00010263435)  (-0.0000000,-0.00019244033)  (0.0000000,0.0067313336)  (0.0000000,0.0090237539)  (0.45619161,0.0000000)  
