(0.0000000,0.0000000)  (0.0000000,-4.4764015e-05)  (0.0000000,-1.0005911e-05)  (0.0000000,-0.00016024751)  (0.0000000,2.7577852e-06)  (0.0000000,3.4125093e-05)  (0.0000000,-4.2279828e-07)  (0.0000000,0.00018674768)  (0.0000000,-0.00014156970)  (0.0000000,0.00012054184)  (0.0000000,1.1945603e-05)  
(0.0000000,4.4764015e-05)  (0.21078443,0.0000000)  (0.0000000,-0.00036848922)  (0.0000000,-0.00010342146)  (0.0000000,-0.00027086797)  (0.0000000,-0.00018092392)  (0.0000000,-3.7068142e-05)  (0.0000000,1.2641899e-05)  (0.0000000,0.00023443994)  (0.0000000,-2.4176120e-05)  (0.0000000,-1.1949702e-05)  
(0.0000000,1.0005911e-05)  (0.0000000,0.00036848922)  (0.35202822,0.0000000)  (0.0000000,8.2448545e-06)  (0.0000000,-0.0015526303)  (0.0000000,-0.00082495468)  (0.0000000,-0.00022694182)  (0.0000000,0.00095577357)  (0.0000000,-0.00015271232)  (0.0000000,-0.00018919987)  (0.0000000,-0.00023927823)  
(0.0000000,0.00016024751)  (0.0000000,0.00010342146)  (-0.0000000,-8.2448545e-06)  (0.38916431,0.0000000)  (0.0000000,-0.00017933784)  (0.0000000,-0.00011482616)  (0.0000000,-5.0746280e-05)  (0.0000000,-0.00077034440)  (0.0000000,0.00010453548)  (0.0000000,-0.00025114717)  (0.0000000,1.4055915e-06)  
(-0.0000000,-2.7577852e-06)  (0.0000000,0.00027086797)  (0.0000000,0.0015526303)  (0.0000000,0.00017933784)  (0.40950094,0.0000000)  (0.0000000,0.00085484127)  (0.0000000,-0.0029139464)  (0.0000000,0.0017363680)  (0.0000000,0.00039435629)  (0.0000000,-0.0015835720)  (0.0000000,-0.00027745671)  
(-0.0000000,-3.4125093e-05)  (0.0000000,0.00018092392)  (0.0000000,0.00082495468)  (0.0000000,0.00011482616)  (-0.0000000,-0.00085484127)  (0.41352523,0.0000000)  (0.0000000,0.0045019159)  (0.0000000,0.00086574150)  (0.0000000,0.00053677880)  (0.0000000,-0.0010840050)  (0.0000000,-0.00014218824)  
(0.0000000,4.2279828e-07)  (0.0000000,3.7068142e-05)  (0.0000000,0.00022694182)  (0.0000000,5.0746280e-05)  (0.0000000,0.0029139464)  (-0.0000000,-0.0045019159)  (0.41854581,0.0000000)  (0.0000000,0.00038683957)  (0.0000000,0.00024579166)  (0.0000000,-0.00062345924)  (0.0000000,-9.0242312e-05)  
(-0.0000000,-0.00018674768)  (-0.0000000,-1.2641899e-05)  (-0.0000000,-0.00095577357)  (0.0000000,0.00077034440)  (-0.0000000,-0.0017363680)  (-0.0000000,-0.00086574150)  (-0.0000000,-0.00038683957)  (0.43128312,0.0000000)  (0.0000000,0.0036607459)  (0.0000000,-0.0025419632)  (0.0000000,-0.00050410597)  
(0.0000000,0.00014156970)  (-0.0000000,-0.00023443994)  (0.0000000,0.00015271232)  (-0.0000000,-0.00010453548)  (-0.0000000,-0.00039435629)  (-0.0000000,-0.00053677880)  (-0.0000000,-0.00024579166)  (-0.0000000,-0.0036607459)  (0.43481019,0.0000000)  (0.0000000,0.0015944169)  (0.0000000,0.00031731966)  
(-0.0000000,-0.00012054184)  (0.0000000,2.4176120e-05)  (0.0000000,0.00018919987)  (0.0000000,0.00025114717)  (0.0000000,0.0015835720)  (0.0000000,0.0010840050)  (0.0000000,0.00062345924)  (0.0000000,0.0025419632)  (-0.0000000,-0.0015944169)  (0.44220756,0.0000000)  (0.0000000,8.2888820e-05)  
(-0.0000000,-1.1945603e-05)  (0.0000000,1.1949702e-05)  (0.0000000,0.00023927823)  (-0.0000000,-1.4055915e-06)  (0.0000000,0.00027745671)  (0.0000000,0.00014218824)  (0.0000000,9.0242312e-05)  (0.0000000,0.00050410597)  (-0.0000000,-0.00031731966)  (-0.0000000,-8.2888820e-05)  (0.45218129,0.0000000)  
