(0.0000000,0.0000000)  (0.0000000,-5.8445568e-05)  (0.0000000,-5.8650200e-05)  (0.0000000,1.2534048e-05)  (0.0000000,0.00041134046)  (0.0000000,6.7402171e-05)  (0.0000000,7.7372054e-05)  (0.0000000,0.00016108448)  (0.0000000,-3.0284216e-05)  (0.0000000,0.00015172847)  (0.0000000,2.0312477e-06)  
(0.0000000,5.8445568e-05)  (0.22861545,0.0000000)  (0.0000000,0.00030829622)  (0.0000000,-1.9912264e-05)  (0.0000000,0.00023266617)  (0.0000000,-1.5814769e-05)  (0.0000000,1.6942529e-05)  (0.0000000,-5.0219262e-05)  (0.0000000,-0.00012655158)  (0.0000000,-0.00044595592)  (0.0000000,4.3822651e-05)  
(0.0000000,5.8650200e-05)  (-0.0000000,-0.00030829622)  (0.33418176,0.0000000)  (0.0000000,-4.4265194e-05)  (0.0000000,0.00064333416)  (0.0000000,-0.00040035526)  (0.0000000,0.013505491)  (0.0000000,-9.2520861e-05)  (0.0000000,-0.0010268039)  (0.0000000,6.2052649e-05)  (0.0000000,0.00038483694)  
(-0.0000000,-1.2534048e-05)  (0.0000000,1.9912264e-05)  (0.0000000,4.4265194e-05)  (0.37370732,0.0000000)  (0.0000000,0.00015261200)  (0.0000000,-0.00035890187)  (0.0000000,-0.00057057560)  (0.0000000,5.4869493e-05)  (0.0000000,0.00016102761)  (0.0000000,-5.1521098e-05)  (0.0000000,4.3792315e-05)  
(-0.0000000,-0.00041134046)  (-0.0000000,-0.00023266617)  (-0.0000000,-0.00064333416)  (-0.0000000,-0.00015261200)  (0.38146246,0.0000000)  (0.0000000,0.00079350580)  (0.0000000,0.00024897068)  (0.0000000,-0.0033925509)  (0.0000000,0.0029475385)  (0.0000000,0.0010242759)  (0.0000000,-0.0032463158)  
(-0.0000000,-6.7402171e-05)  (0.0000000,1.5814769e-05)  (0.0000000,0.00040035526)  (0.0000000,0.00035890187)  (-0.0000000,-0.00079350580)  (0.40791665,0.0000000)  (0.0000000,0.0018380023)  (0.0000000,-0.00014290016)  (0.0000000,-0.00028637097)  (0.0000000,0.00034923037)  (0.0000000,-0.00030581077)  
(-0.0000000,-7.7372054e-05)  (-0.0000000,-1.6942529e-05)  (-0.0000000,-0.013505491)  (0.0000000,0.00057057560)  (-0.0000000,-0.00024897068)  (-0.0000000,-0.0018380023)  (0.41868766,0.0000000)  (0.0000000,-0.0016075500)  (0.0000000,-0.0041934016)  (0.0000000,-0.0051499907)  (0.0000000,0.0013129103)  
(-0.0000000,-0.00016108448)  (0.0000000,5.0219262e-05)  (0.0000000,9.2520861e-05)  (-0.0000000,-5.4869493e-05)  (0.0000000,0.0033925509)  (0.0000000,0.00014290016)  (0.0000000,0.0016075500)  (0.42990133,0.0000000)  (0.0000000,0.0018176862)  (0.0000000,-0.00029097988)  (0.0000000,0.00098810456)  
(0.0000000,3.0284216e-05)  (0.0000000,0.00012655158)  (0.0000000,0.0010268039)  (-0.0000000,-0.00016102761)  (-0.0000000,-0.0029475385)  (0.0000000,0.00028637097)  (0.0000000,0.0041934016)  (-0.0000000,-0.0018176862)  (0.44246536,0.0000000)  (0.0000000,-0.00033161480)  (0.0000000,-0.0028226848)  
(-0.0000000,-0.00015172847)  (0.0000000,0.00044595592)  (-0.0000000,-6.2052649e-05)  (0.0000000,5.1521098e-05)  (-0.0000000,-0.0010242759)  (-0.0000000,-0.00034923037)  (0.0000000,0.0051499907)  (0.0000000,0.00029097988)  (0.0000000,0.00033161480)  (0.44599261,0.0000000)  (0.0000000,0.0020733523)  
(-0.0000000,-2.0312477e-06)  (-0.0000000,-4.3822651e-05)  (-0.0000000,-0.00038483694)  (-0.0000000,-4.3792315e-05)  (0.0000000,0.0032463158)  (0.0000000,0.00030581077)  (-0.0000000,-0.0013129103)  (-0.0000000,-0.00098810456)  (0.0000000,0.0028226848)  (-0.0000000,-0.0020733523)  (0.45022528,0.0000000)  
