(0.0000000,0.0000000)  (0.0000000,-1.0148766e-05)  (0.0000000,3.6755759e-05)  (0.0000000,0.00030314142)  (0.0000000,0.00024961965)  (0.0000000,7.5759260e-05)  (0.0000000,0.00017987343)  (0.0000000,0.00026179662)  (0.0000000,9.1442481e-05)  (0.0000000,2.1700096e-05)  (0.0000000,-5.9334205e-06)  
(0.0000000,1.0148766e-05)  (0.20976168,0.0000000)  (0.0000000,-7.1852189e-06)  (0.0000000,-0.00035954667)  (0.0000000,-9.6565917e-05)  (0.0000000,0.00018037881)  (0.0000000,0.00026007540)  (0.0000000,0.00027399541)  (0.0000000,-1.4627292e-05)  (0.0000000,-1.8751685e-05)  (0.0000000,-7.8834133e-06)  
(-0.0000000,-3.6755759e-05)  (0.0000000,7.1852189e-06)  (0.35322259,0.0000000)  (0.0000000,-0.013043124)  (0.0000000,2.6744047e-05)  (0.0000000,-0.00023739307)  (0.0000000,5.2550583e-05)  (0.0000000,-0.0017479512)  (0.0000000,-0.00013257775)  (0.0000000,0.00011214327)  (0.0000000,0.00015261916)  
(-0.0000000,-0.00030314142)  (0.0000000,0.00035954667)  (0.0000000,0.013043124)  (0.37679174,0.0000000)  (0.0000000,-0.0082538971)  (0.0000000,0.0045009400)  (0.0000000,-0.0020556212)  (0.0000000,-0.0026327694)  (0.0000000,-0.0015230346)  (0.0000000,-0.00058621589)  (0.0000000,6.3536523e-05)  
(-0.0000000,-0.00024961965)  (0.0000000,9.6565917e-05)  (-0.0000000,-2.6744047e-05)  (0.0000000,0.0082538971)  (0.39272868,0.0000000)  (0.0000000,0.00086354285)  (0.0000000,-0.00062304600)  (0.0000000,0.0010903211)  (0.0000000,0.00019983899)  (0.0000000,-0.00089855882)  (0.0000000,-0.0010178545)  
(-0.0000000,-7.5759260e-05)  (-0.0000000,-0.00018037881)  (0.0000000,0.00023739307)  (-0.0000000,-0.0045009400)  (-0.0000000,-0.00086354285)  (0.40268880,0.0000000)  (0.0000000,0.00049057842)  (0.0000000,-7.5932239e-05)  (0.0000000,-5.4623131e-05)  (0.0000000,-0.00024017337)  (0.0000000,0.00016299652)  
(-0.0000000,-0.00017987343)  (-0.0000000,-0.00026007540)  (-0.0000000,-5.2550583e-05)  (0.0000000,0.0020556212)  (0.0000000,0.00062304600)  (-0.0000000,-0.00049057842)  (0.41505182,0.0000000)  (0.0000000,0.00056089781)  (0.0000000,-0.0021917187)  (0.0000000,-0.0014435608)  (0.0000000,-0.00056778991)  
(-0.0000000,-0.00026179662)  (-0.0000000,-0.00027399541)  (0.0000000,0.0017479512)  (0.0000000,0.0026327694)  (-0.0000000,-0.0010903211)  (0.0000000,7.5932239e-05)  (-0.0000000,-0.00056089781)  (0.41779648,0.0000000)  (0.0000000,0.0020388219)  (0.0000000,0.00068417400)  (0.0000000,-0.00048848892)  
(-0.0000000,-9.1442481e-05)  (0.0000000,1.4627292e-05)  (0.0000000,0.00013257775)  (0.0000000,0.0015230346)  (-0.0000000,-0.00019983899)  (0.0000000,5.4623131e-05)  (0.0000000,0.0021917187)  (-0.0000000,-0.0020388219)  (0.44887968,0.0000000)  (0.0000000,0.0029291971)  (0.0000000,0.0082156554)  
(-0.0000000,-2.1700096e-05)  (0.0000000,1.8751685e-05)  (-0.0000000,-0.00011214327)  (0.0000000,0.00058621589)  (0.0000000,0.00089855882)  (0.0000000,0.00024017337)  (0.0000000,0.0014435608)  (-0.0000000,-0.00068417400)  (-0.0000000,-0.0029291971)  (0.45604186,0.0000000)  (0.0000000,0.0041361546)  
(0.0000000,5.9334205e-06)  (0.0000000,7.8834133e-06)  (-0.0000000,-0.00015261916)  (-0.0000000,-6.3536523e-05)  (0.0000000,0.0010178545)  (-0.0000000,-0.00016299652)  (0.0000000,0.00056778991)  (0.0000000,0.00048848892)  (-0.0000000,-0.0082156554)  (-0.0000000,-0.0041361546)  (0.45764305,0.0000000)  
