(0.0000000,0.0000000)  (0.0000000,1.0239757e-05)  (0.0000000,3.2863851e-06)  (0.0000000,-5.4509588e-05)  (0.0000000,8.7327586e-05)  (0.0000000,0.00019558377)  (0.0000000,2.2456524e-05)  (0.0000000,0.00016916487)  (0.0000000,1.2769253e-05)  (0.0000000,7.5745513e-06)  (0.0000000,-2.7076677e-05)  
(-0.0000000,-1.0239757e-05)  (0.21185146,0.0000000)  (0.0000000,4.3725481e-05)  (0.0000000,-2.2845051e-05)  (0.0000000,-6.1882526e-06)  (0.0000000,4.3355570e-05)  (0.0000000,-4.4278193e-05)  (0.0000000,3.7731623e-07)  (0.0000000,2.1926745e-05)  (0.0000000,1.8518316e-06)  (0.0000000,1.2901845e-06)  
(-0.0000000,-3.2863851e-06)  (-0.0000000,-4.3725481e-05)  (0.34346680,0.0000000)  (0.0000000,-0.0044588018)  (0.0000000,-0.00013489735)  (0.0000000,-3.8841227e-05)  (0.0000000,-0.00023510374)  (0.0000000,-0.00067277199)  (0.0000000,-0.00060861654)  (0.0000000,-0.0017999784)  (0.0000000,0.0012725194)  
(0.0000000,5.4509588e-05)  (0.0000000,2.2845051e-05)  (0.0000000,0.0044588018)  (0.37053048,0.0000000)  (0.0000000,0.0021271223)  (0.0000000,0.0060840374)  (0.0000000,0.00082103251)  (0.0000000,-0.00040294339)  (0.0000000,-0.00092598891)  (0.0000000,2.0344613e-05)  (0.0000000,0.00028903403)  
(-0.0000000,-8.7327586e-05)  (0.0000000,6.1882526e-06)  (0.0000000,0.00013489735)  (-0.0000000,-0.0021271223)  (0.38469314,0.0000000)  (0.0000000,0.00018738284)  (0.0000000,-0.00017862686)  (0.0000000,-0.00073388106)  (0.0000000,0.0010022358)  (0.0000000,0.0039107216)  (0.0000000,-8.8960681e-06)  
(-0.0000000,-0.00019558377)  (-0.0000000,-4.3355570e-05)  (0.0000000,3.8841227e-05)  (-0.0000000,-0.0060840374)  (-0.0000000,-0.00018738284)  (0.39862813,0.0000000)  (0.0000000,0.00011771533)  (0.0000000,0.00092374191)  (0.0000000,-0.00030896512)  (0.0000000,-0.0010617073)  (0.0000000,-0.00020298213)  
(-0.0000000,-2.2456524e-05)  (0.0000000,4.4278193e-05)  (0.0000000,0.00023510374)  (-0.0000000,-0.00082103251)  (0.0000000,0.00017862686)  (-0.0000000,-0.00011771533)  (0.40466503,0.0000000)  (0.0000000,-0.00032378075)  (0.0000000,-0.0010788656)  (0.0000000,-0.00068414540)  (0.0000000,0.00072941266)  
(-0.0000000,-0.00016916487)  (-0.0000000,-3.7731623e-07)  (0.0000000,0.00067277199)  (0.0000000,0.00040294339)  (0.0000000,0.00073388106)  (-0.0000000,-0.00092374191)  (0.0000000,0.00032378075)  (0.41814652,0.0000000)  (0.0000000,-0.0027051130)  (0.0000000,0.0014222795)  (0.0000000,0.0013209202)  
(-0.0000000,-1.2769253e-05)  (-0.0000000,-2.1926745e-05)  (0.0000000,0.00060861654)  (0.0000000,0.00092598891)  (-0.0000000,-0.0010022358)  (0.0000000,0.00030896512)  (0.0000000,0.0010788656)  (0.0000000,0.0027051130)  (0.44686744,0.0000000)  (0.0000000,-0.011630567)  (0.0000000,0.0059473073)  
(-0.0000000,-7.5745513e-06)  (-0.0000000,-1.8518316e-06)  (0.0000000,0.0017999784)  (-0.0000000,-2.0344613e-05)  (-0.0000000,-0.0039107216)  (0.0000000,0.0010617073)  (0.0000000,0.00068414540)  (-0.0000000,-0.0014222795)  (0.0000000,0.011630567)  (0.45225295,0.0000000)  (0.0000000,-0.0091863182)  
(0.0000000,2.7076677e-05)  (-0.0000000,-1.2901845e-06)  (-0.0000000,-0.0012725194)  (-0.0000000,-0.00028903403)  (0.0000000,8.8960681e-06)  (0.0000000,0.00020298213)  (-0.0000000,-0.00072941266)  (-0.0000000,-0.0013209202)  (-0.0000000,-0.0059473073)  (0.0000000,0.0091863182)  (0.46291261,0.0000000)  
