(0.0000000,0.0000000)  (0.0000000,5.7777627e-05)  (0.0000000,2.5766243e-05)  (0.0000000,7.7726960e-05)  (0.0000000,5.1490593e-05)  (0.0000000,-1.6338975e-05)  (0.0000000,1.8377328e-05)  (0.0000000,1.3458781e-05)  (0.0000000,5.1080367e-06)  (0.0000000,-2.8445260e-05)  (0.0000000,5.2550474e-05)  
(-0.0000000,-5.7777627e-05)  (0.20871284,0.0000000)  (0.0000000,-4.9849193e-05)  (0.0000000,1.5083147e-05)  (0.0000000,1.0056059e-06)  (0.0000000,-2.9840419e-06)  (0.0000000,-8.4784256e-05)  (0.0000000,2.3894365e-05)  (0.0000000,-1.1065993e-05)  (0.0000000,-3.6438756e-06)  (0.0000000,5.6577145e-05)  
(-0.0000000,-2.5766243e-05)  (0.0000000,4.9849193e-05)  (0.34277774,0.0000000)  (0.0000000,0.0034088049)  (0.0000000,0.00030880605)  (0.0000000,-0.0010037231)  (0.0000000,0.00055114273)  (0.0000000,0.00014536700)  (0.0000000,0.0048545710)  (0.0000000,-0.00019177718)  (0.0000000,2.5295889e-05)  
(-0.0000000,-7.7726960e-05)  (-0.0000000,-1.5083147e-05)  (-0.0000000,-0.0034088049)  (0.35492099,0.0000000)  (0.0000000,0.00085020467)  (0.0000000,-0.0037815638)  (0.0000000,0.0013110038)  (0.0000000,0.00015857552)  (0.0000000,-0.0015686475)  (0.0000000,-0.00054560885)  (0.0000000,-0.00020325030)  
(-0.0000000,-5.1490593e-05)  (-0.0000000,-1.0056059e-06)  (-0.0000000,-0.00030880605)  (-0.0000000,-0.00085020467)  (0.38133457,0.0000000)  (0.0000000,-0.010741163)  (0.0000000,0.00032014664)  (0.0000000,0.00033553561)  (0.0000000,-6.3027960e-05)  (0.0000000,-0.00024006561)  (0.0000000,-3.0413312e-05)  
(0.0000000,1.6338975e-05)  (0.0000000,2.9840419e-06)  (0.0000000,0.0010037231)  (0.0000000,0.0037815638)  (0.0000000,0.010741163)  (0.39638970,0.0000000)  (0.0000000,0.0013080187)  (0.0000000,0.0037420133)  (0.0000000,0.00056352351)  (0.0000000,0.0029627547)  (0.0000000,0.00028504170)  
(-0.0000000,-1.8377328e-05)  (0.0000000,8.4784256e-05)  (-0.0000000,-0.00055114273)  (-0.0000000,-0.0013110038)  (-0.0000000,-0.00032014664)  (-0.0000000,-0.0013080187)  (0.39830161,0.0000000)  (0.0000000,-0.00011120083)  (0.0000000,-0.0018423887)  (0.0000000,-0.00020573037)  (0.0000000,4.4976504e-05)  
(-0.0000000,-1.3458781e-05)  (-0.0000000,-2.3894365e-05)  (-0.0000000,-0.00014536700)  (-0.0000000,-0.00015857552)  (-0.0000000,-0.00033553561)  (-0.0000000,-0.0037420133)  (0.0000000,0.00011120083)  (0.40781559,0.0000000)  (0.0000000,0.0014702201)  (0.0000000,-0.00048096116)  (0.0000000,1.8904676e-05)  
(-0.0000000,-5.1080367e-06)  (0.0000000,1.1065993e-05)  (-0.0000000,-0.0048545710)  (0.0000000,0.0015686475)  (0.0000000,6.3027960e-05)  (-0.0000000,-0.00056352351)  (0.0000000,0.0018423887)  (-0.0000000,-0.0014702201)  (0.43853919,0.0000000)  (0.0000000,-4.5909567e-05)  (0.0000000,0.00028330826)  
(0.0000000,2.8445260e-05)  (0.0000000,3.6438756e-06)  (0.0000000,0.00019177718)  (0.0000000,0.00054560885)  (0.0000000,0.00024006561)  (-0.0000000,-0.0029627547)  (0.0000000,0.00020573037)  (0.0000000,0.00048096116)  (0.0000000,4.5909567e-05)  (0.45555327,0.0000000)  (0.0000000,0.0038294836)  
(-0.0000000,-5.2550474e-05)  (-0.0000000,-5.6577145e-05)  (-0.0000000,-2.5295889e-05)  (0.0000000,0.00020325030)  (0.0000000,3.0413312e-05)  (-0.0000000,-0.00028504170)  (-0.0000000,-4.4976504e-05)  (-0.0000000,-1.8904676e-05)  (-0.0000000,-0.00028330826)  (-0.0000000,-0.0038294836)  (0.46831961,0.0000000)  
