(0.0000000,0.0000000)  (0.0000000,2.6708381e-05)  (0.0000000,-6.8575632e-05)  (0.0000000,0.00019022548)  (0.0000000,0.00050330474)  (0.0000000,-4.6936852e-05)  (0.0000000,-0.00013491366)  (0.0000000,0.00068705679)  (0.0000000,0.00014063842)  (0.0000000,0.00011195124)  (0.0000000,5.9728094e-05)  
(-0.0000000,-2.6708381e-05)  (0.20873672,0.0000000)  (0.0000000,0.00012958978)  (0.0000000,-0.00011960452)  (0.0000000,-8.9414997e-05)  (0.0000000,0.00011745666)  (0.0000000,0.00061782377)  (0.0000000,8.9002797e-05)  (0.0000000,-1.4743556e-05)  (0.0000000,-0.00012848235)  (0.0000000,6.3841540e-05)  
(0.0000000,6.8575632e-05)  (-0.0000000,-0.00012958978)  (0.35484455,0.0000000)  (0.0000000,-0.00016157301)  (0.0000000,-0.00016374675)  (0.0000000,-0.0011395439)  (0.0000000,-0.00045504916)  (0.0000000,-0.00016035332)  (0.0000000,0.00012820290)  (0.0000000,-0.00054724811)  (0.0000000,0.00060089491)  
(-0.0000000,-0.00019022548)  (0.0000000,0.00011960452)  (0.0000000,0.00016157301)  (0.38166275,0.0000000)  (0.0000000,-0.00024810184)  (0.0000000,0.0037040719)  (0.0000000,-0.0011890688)  (0.0000000,-0.00040364638)  (0.0000000,0.00080721641)  (0.0000000,7.3023356e-05)  (0.0000000,0.00033932326)  
(-0.0000000,-0.00050330474)  (0.0000000,8.9414997e-05)  (0.0000000,0.00016374675)  (0.0000000,0.00024810184)  (0.39470527,0.0000000)  (0.0000000,0.0018845833)  (0.0000000,0.0010672209)  (0.0000000,3.1825432e-05)  (0.0000000,-0.00055271344)  (0.0000000,-0.00074047670)  (0.0000000,-0.00011544767)  
(0.0000000,4.6936852e-05)  (-0.0000000,-0.00011745666)  (0.0000000,0.0011395439)  (-0.0000000,-0.0037040719)  (-0.0000000,-0.0018845833)  (0.40090258,0.0000000)  (0.0000000,0.00053419515)  (0.0000000,-0.00033431675)  (0.0000000,-0.00022109534)  (0.0000000,5.4744241e-05)  (0.0000000,-7.9830844e-05)  
(0.0000000,0.00013491366)  (-0.0000000,-0.00061782377)  (0.0000000,0.00045504916)  (0.0000000,0.0011890688)  (-0.0000000,-0.0010672209)  (-0.0000000,-0.00053419515)  (0.41635442,0.0000000)  (0.0000000,0.00083770606)  (0.0000000,-2.0475415e-05)  (0.0000000,-0.00012438786)  (0.0000000,0.00050941648)  
(-0.0000000,-0.00068705679)  (-0.0000000,-8.9002797e-05)  (0.0000000,0.00016035332)  (0.0000000,0.00040364638)  (-0.0000000,-3.1825432e-05)  (0.0000000,0.00033431675)  (-0.0000000,-0.00083770606)  (0.42080519,0.0000000)  (0.0000000,-0.00036944137)  (0.0000000,-0.00011859903)  (0.0000000,-0.0011702814)  
(-0.0000000,-0.00014063842)  (0.0000000,1.4743556e-05)  (-0.0000000,-0.00012820290)  (-0.0000000,-0.00080721641)  (0.0000000,0.00055271344)  (0.0000000,0.00022109534)  (0.0000000,2.0475415e-05)  (0.0000000,0.00036944137)  (0.44840745,0.0000000)  (0.0000000,-0.0016684804)  (0.0000000,-6.5440266e-05)  
(-0.0000000,-0.00011195124)  (0.0000000,0.00012848235)  (0.0000000,0.00054724811)  (-0.0000000,-7.3023356e-05)  (0.0000000,0.00074047670)  (-0.0000000,-5.4744241e-05)  (0.0000000,0.00012438786)  (0.0000000,0.00011859903)  (0.0000000,0.0016684804)  (0.45524696,0.0000000)  (0.0000000,0.0021274136)  
(-0.0000000,-5.9728094e-05)  (-0.0000000,-6.3841540e-05)  (-0.0000000,-0.00060089491)  (-0.0000000,-0.00033932326)  (0.0000000,0.00011544767)  (0.0000000,7.9830844e-05)  (-0.0000000,-0.00050941648)  (0.0000000,0.0011702814)  (0.0000000,6.5440266e-05)  (-0.0000000,-0.0021274136)  (0.45890890,0.0000000)  
