(0.0000000,0.0000000)  (0.0000000,8.3849266e-06)  (0.0000000,-3.3472656e-05)  (0.0000000,-0.00048532162)  (0.0000000,6.4301970e-06)  (0.0000000,-6.4277140e-05)  (0.0000000,-2.8222460e-05)  (0.0000000,0.00020323129)  (0.0000000,5.8186648e-05)  (0.0000000,5.2999956e-05)  (0.0000000,0.00021354054)  
(-0.0000000,-8.3849266e-06)  (0.21281688,0.0000000)  (0.0000000,0.00012991817)  (0.0000000,8.6650089e-05)  (0.0000000,-0.00016041271)  (0.0000000,4.5784692e-05)  (0.0000000,-1.6326429e-06)  (0.0000000,-3.6370974e-06)  (0.0000000,-0.00029143520)  (0.0000000,-1.7907442e-05)  (0.0000000,-5.9232900e-05)  
(0.0000000,3.3472656e-05)  (-0.0000000,-0.00012991817)  (0.36212782,0.0000000)  (0.0000000,-3.4550366e-05)  (0.0000000,-0.00016349215)  (0.0000000,-0.0032189359)  (0.0000000,-0.00027544161)  (0.0000000,8.3227115e-05)  (0.0000000,0.0011075660)  (0.0000000,7.7157000e-05)  (0.0000000,2.6897561e-06)  
(0.0000000,0.00048532162)  (-0.0000000,-8.6650089e-05)  (0.0000000,3.4550366e-05)  (0.39485962,0.0000000)  (0.0000000,-0.00032926598)  (0.0000000,-0.00021918432)  (0.0000000,0.0035553675)  (0.0000000,0.0010318303)  (0.0000000,-0.00038611256)  (0.0000000,0.00049591016)  (0.0000000,0.00039784305)  
(-0.0000000,-6.4301970e-06)  (0.0000000,0.00016041271)  (0.0000000,0.00016349215)  (0.0000000,0.00032926598)  (0.41147385,0.0000000)  (0.0000000,-0.0075534424)  (0.0000000,-0.00053736756)  (0.0000000,-0.00072359481)  (0.0000000,-0.00058656699)  (0.0000000,0.00047919801)  (0.0000000,0.00015162840)  
(0.0000000,6.4277140e-05)  (-0.0000000,-4.5784692e-05)  (0.0000000,0.0032189359)  (0.0000000,0.00021918432)  (0.0000000,0.0075534424)  (0.42139080,0.0000000)  (0.0000000,-0.0051246340)  (0.0000000,-0.00023892233)  (0.0000000,-0.00058395050)  (0.0000000,0.00084288867)  (0.0000000,0.00085355459)  
(0.0000000,2.8222460e-05)  (0.0000000,1.6326429e-06)  (0.0000000,0.00027544161)  (-0.0000000,-0.0035553675)  (0.0000000,0.00053736756)  (0.0000000,0.0051246340)  (0.42653045,0.0000000)  (0.0000000,-0.020815318)  (0.0000000,-0.00039632187)  (0.0000000,0.0010551634)  (0.0000000,-0.0015436705)  
(-0.0000000,-0.00020323129)  (0.0000000,3.6370974e-06)  (-0.0000000,-8.3227115e-05)  (-0.0000000,-0.0010318303)  (0.0000000,0.00072359481)  (0.0000000,0.00023892233)  (0.0000000,0.020815318)  (0.43427621,0.0000000)  (0.0000000,-1.0911780e-05)  (0.0000000,0.0020485877)  (0.0000000,0.0015148325)  
(-0.0000000,-5.8186648e-05)  (0.0000000,0.00029143520)  (-0.0000000,-0.0011075660)  (0.0000000,0.00038611256)  (0.0000000,0.00058656699)  (0.0000000,0.00058395050)  (0.0000000,0.00039632187)  (0.0000000,1.0911780e-05)  (0.44527875,0.0000000)  (0.0000000,3.8007751e-05)  (0.0000000,2.2824702e-05)  
(-0.0000000,-5.2999956e-05)  (0.0000000,1.7907442e-05)  (-0.0000000,-7.7157000e-05)  (-0.0000000,-0.00049591016)  (-0.0000000,-0.00047919801)  (-0.0000000,-0.00084288867)  (-0.0000000,-0.0010551634)  (-0.0000000,-0.0020485877)  (-0.0000000,-3.8007751e-05)  (0.45997262,0.0000000)  (0.0000000,0.022223979)  
(-0.0000000,-0.00021354054)  (0.0000000,5.9232900e-05)  (-0.0000000,-2.6897561e-06)  (-0.0000000,-0.00039784305)  (-0.0000000,-0.00015162840)  (-0.0000000,-0.00085355459)  (0.0000000,0.0015436705)  (-0.0000000,-0.0015148325)  (-0.0000000,-2.2824702e-05)  (-0.0000000,-0.022223979)  (0.46354342,0.0000000)  
