(0.0000000,0.0000000)  (0.0000000,1.5368027e-05)  (0.0000000,9.9278064e-05)  (0.0000000,0.00025436740)  (0.0000000,6.1881502e-05)  (0.0000000,-1.8375669e-05)  (0.0000000,-0.00010020243)  (0.0000000,-5.3417883e-06)  (0.0000000,-9.3743852e-05)  (0.0000000,4.2685584e-05)  (0.0000000,-0.00014074659)  
(-0.0000000,-1.5368027e-05)  (0.21390541,0.0000000)  (0.0000000,-0.00054500358)  (0.0000000,-4.0297774e-05)  (0.0000000,-6.7627132e-06)  (0.0000000,2.1660938e-05)  (0.0000000,-0.00038695801)  (0.0000000,0.00025699309)  (0.0000000,-0.00041874650)  (0.0000000,0.00015824774)  (0.0000000,-0.00019386501)  
(-0.0000000,-9.9278064e-05)  (0.0000000,0.00054500358)  (0.34121219,0.0000000)  (0.0000000,0.00058992328)  (0.0000000,7.7353230e-05)  (0.0000000,-0.00013156221)  (0.0000000,-0.00055270434)  (0.0000000,-0.00015596576)  (0.0000000,-2.7954581e-05)  (0.0000000,-3.0723790e-05)  (0.0000000,-0.00046760390)  
(-0.0000000,-0.00025436740)  (0.0000000,4.0297774e-05)  (-0.0000000,-0.00058992328)  (0.35114200,0.0000000)  (0.0000000,-0.00020258501)  (0.0000000,-0.00010561874)  (0.0000000,-0.0011152113)  (0.0000000,0.00016226663)  (0.0000000,8.8132294e-05)  (0.0000000,2.3777890e-05)  (0.0000000,0.00036477199)  
(-0.0000000,-6.1881502e-05)  (0.0000000,6.7627132e-06)  (-0.0000000,-7.7353230e-05)  (0.0000000,0.00020258501)  (0.37694388,0.0000000)  (0.0000000,0.0015677851)  (0.0000000,-0.00011314112)  (0.0000000,-2.0380170e-05)  (0.0000000,0.00019154068)  (0.0000000,0.00020713431)  (0.0000000,9.8500403e-05)  
(0.0000000,1.8375669e-05)  (-0.0000000,-2.1660938e-05)  (0.0000000,0.00013156221)  (0.0000000,0.00010561874)  (-0.0000000,-0.0015677851)  (0.38811271,0.0000000)  (0.0000000,0.00012613211)  (0.0000000,-0.00016749420)  (0.0000000,-3.5724746e-05)  (0.0000000,8.3240592e-05)  (0.0000000,-0.00011035230)  
(0.0000000,0.00010020243)  (0.0000000,0.00038695801)  (0.0000000,0.00055270434)  (0.0000000,0.0011152113)  (0.0000000,0.00011314112)  (-0.0000000,-0.00012613211)  (0.40699074,0.0000000)  (0.0000000,0.00091292560)  (0.0000000,0.00047714944)  (0.0000000,0.00062861530)  (0.0000000,-0.00033940599)  
(0.0000000,5.3417883e-06)  (-0.0000000,-0.00025699309)  (0.0000000,0.00015596576)  (-0.0000000,-0.00016226663)  (0.0000000,2.0380170e-05)  (0.0000000,0.00016749420)  (-0.0000000,-0.00091292560)  (0.41808386,0.0000000)  (0.0000000,-0.0027273332)  (0.0000000,0.00026711037)  (0.0000000,0.00055263873)  
(0.0000000,9.3743852e-05)  (0.0000000,0.00041874650)  (0.0000000,2.7954581e-05)  (-0.0000000,-8.8132294e-05)  (-0.0000000,-0.00019154068)  (0.0000000,3.5724746e-05)  (-0.0000000,-0.00047714944)  (0.0000000,0.0027273332)  (0.42509592,0.0000000)  (0.0000000,-0.00031575215)  (0.0000000,-0.0013266124)  
(-0.0000000,-4.2685584e-05)  (-0.0000000,-0.00015824774)  (0.0000000,3.0723790e-05)  (-0.0000000,-2.3777890e-05)  (-0.0000000,-0.00020713431)  (-0.0000000,-8.3240592e-05)  (-0.0000000,-0.00062861530)  (-0.0000000,-0.00026711037)  (0.0000000,0.00031575215)  (0.44516519,0.0000000)  (0.0000000,0.0020600215)  
(0.0000000,0.00014074659)  (0.0000000,0.00019386501)  (0.0000000,0.00046760390)  (-0.0000000,-0.00036477199)  (-0.0000000,-9.8500403e-05)  (0.0000000,0.00011035230)  (0.0000000,0.00033940599)  (-0.0000000,-0.00055263873)  (0.0000000,0.0013266124)  (-0.0000000,-0.0020600215)  (0.44964132,0.0000000)  
