(0.0000000,0.0000000)  (0.0000000,7.7580065e-05)  (0.0000000,-6.7586895e-05)  (0.0000000,-3.8067925e-06)  (0.0000000,-1.1995317e-05)  (0.0000000,1.2695801e-06)  (0.0000000,-7.6829458e-05)  (0.0000000,-1.3498735e-05)  (0.0000000,1.6170539e-05)  (0.0000000,-5.8179916e-06)  (0.0000000,0.00013170472)  
(-0.0000000,-7.7580065e-05)  (0.23580023,0.0000000)  (0.0000000,0.00033817220)  (0.0000000,8.8062841e-06)  (0.0000000,-2.2925869e-06)  (0.0000000,-2.3354842e-06)  (0.0000000,-6.3334130e-05)  (0.0000000,0.00014692207)  (0.0000000,4.5291350e-05)  (0.0000000,3.8466262e-05)  (0.0000000,0.00010129477)  
(0.0000000,6.7586895e-05)  (-0.0000000,-0.00033817220)  (0.33257286,0.0000000)  (0.0000000,-1.8822270e-05)  (0.0000000,9.4262696e-06)  (0.0000000,2.6054810e-05)  (0.0000000,0.00012369090)  (0.0000000,-1.9753354e-05)  (0.0000000,-9.2855607e-07)  (0.0000000,-0.00020798132)  (0.0000000,0.00024353163)  
(0.0000000,3.8067925e-06)  (-0.0000000,-8.8062841e-06)  (0.0000000,1.8822270e-05)  (0.36127173,0.0000000)  (0.0000000,0.0012023799)  (0.0000000,-0.00067222649)  (0.0000000,7.5938782e-06)  (0.0000000,9.1732100e-05)  (0.0000000,-0.00067796787)  (0.0000000,2.0061108e-05)  (0.0000000,3.2647102e-05)  
(0.0000000,1.1995317e-05)  (0.0000000,2.2925869e-06)  (-0.0000000,-9.4262696e-06)  (-0.0000000,-0.0012023799)  (0.37068741,0.0000000)  (0.0000000,-0.00047138741)  (0.0000000,-3.6172492e-06)  (0.0000000,-8.0148032e-05)  (0.0000000,0.00027190609)  (0.0000000,-7.5234078e-06)  (0.0000000,-1.6042131e-05)  
(-0.0000000,-1.2695801e-06)  (0.0000000,2.3354842e-06)  (-0.0000000,-2.6054810e-05)  (0.0000000,0.00067222649)  (0.0000000,0.00047138741)  (0.39353993,0.0000000)  (0.0000000,3.2631386e-06)  (0.0000000,-0.00014961269)  (0.0000000,0.00088764958)  (0.0000000,3.8549483e-06)  (0.0000000,3.5937185e-05)  
(0.0000000,7.6829458e-05)  (0.0000000,6.3334130e-05)  (-0.0000000,-0.00012369090)  (-0.0000000,-7.5938782e-06)  (0.0000000,3.6172492e-06)  (-0.0000000,-3.2631386e-06)  (0.42254364,0.0000000)  (0.0000000,-0.00021051994)  (0.0000000,-4.9169549e-05)  (0.0000000,0.00011787526)  (0.0000000,0.00034168940)  
(0.0000000,1.3498735e-05)  (-0.0000000,-0.00014692207)  (0.0000000,1.9753354e-05)  (-0.0000000,-9.1732100e-05)  (0.0000000,8.0148032e-05)  (0.0000000,0.00014961269)  (0.0000000,0.00021051994)  (0.43277847,0.0000000)  (0.0000000,-8.3715674e-05)  (0.0000000,-0.0011081464)  (0.0000000,-0.0021866112)  
(-0.0000000,-1.6170539e-05)  (-0.0000000,-4.5291350e-05)  (0.0000000,9.2855607e-07)  (0.0000000,0.00067796787)  (-0.0000000,-0.00027190609)  (-0.0000000,-0.00088764958)  (0.0000000,4.9169549e-05)  (0.0000000,8.3715674e-05)  (0.44037411,0.0000000)  (0.0000000,-0.00021537670)  (0.0000000,-0.00035300708)  
(0.0000000,5.8179916e-06)  (-0.0000000,-3.8466262e-05)  (0.0000000,0.00020798132)  (-0.0000000,-2.0061108e-05)  (0.0000000,7.5234078e-06)  (-0.0000000,-3.8549483e-06)  (-0.0000000,-0.00011787526)  (0.0000000,0.0011081464)  (0.0000000,0.00021537670)  (0.44603451,0.0000000)  (0.0000000,-1.3199165e-05)  
(-0.0000000,-0.00013170472)  (-0.0000000,-0.00010129477)  (-0.0000000,-0.00024353163)  (-0.0000000,-3.2647102e-05)  (0.0000000,1.6042131e-05)  (-0.0000000,-3.5937185e-05)  (-0.0000000,-0.00034168940)  (0.0000000,0.0021866112)  (0.0000000,0.00035300708)  (0.0000000,1.3199165e-05)  (0.45023373,0.0000000)  
