(0.0000000,0.0000000)  (0.0000000,7.3883915e-06)  (0.0000000,2.9670735e-05)  (0.0000000,-8.9389197e-05)  (0.0000000,0.00020087754)  (0.0000000,0.00014625089)  (0.0000000,-0.00031927684)  (0.0000000,2.6506756e-05)  (0.0000000,-6.0344632e-05)  (0.0000000,-8.4722687e-06)  (0.0000000,1.3923384e-05)  
(-0.0000000,-7.3883915e-06)  (0.21551487,0.0000000)  (0.0000000,8.9770795e-05)  (0.0000000,2.4325650e-05)  (0.0000000,-5.9162165e-05)  (0.0000000,6.8721242e-05)  (0.0000000,-8.1309554e-05)  (0.0000000,-0.00028479706)  (0.0000000,-4.5902157e-05)  (0.0000000,1.5431275e-05)  (0.0000000,1.4342715e-05)  
(-0.0000000,-2.9670735e-05)  (-0.0000000,-8.9770795e-05)  (0.35668957,0.0000000)  (0.0000000,0.00056331396)  (0.0000000,0.00011647574)  (0.0000000,-0.0019398160)  (0.0000000,-0.00085125487)  (0.0000000,0.0019558191)  (0.0000000,0.0012770887)  (0.0000000,0.0018591257)  (0.0000000,8.9793198e-05)  
(0.0000000,8.9389197e-05)  (-0.0000000,-2.4325650e-05)  (-0.0000000,-0.00056331396)  (0.38372607,0.0000000)  (0.0000000,0.00094065088)  (0.0000000,0.0034476858)  (0.0000000,-0.00049381191)  (0.0000000,6.6887581e-05)  (0.0000000,-0.0021768405)  (0.0000000,0.00059940107)  (0.0000000,-0.00019223547)  
(-0.0000000,-0.00020087754)  (0.0000000,5.9162165e-05)  (-0.0000000,-0.00011647574)  (-0.0000000,-0.00094065088)  (0.38971078,0.0000000)  (0.0000000,-0.0020583987)  (0.0000000,0.0056560032)  (0.0000000,-0.00044434555)  (0.0000000,-0.00074862836)  (0.0000000,0.0011771231)  (0.0000000,-0.00043071288)  
(-0.0000000,-0.00014625089)  (-0.0000000,-6.8721242e-05)  (0.0000000,0.0019398160)  (-0.0000000,-0.0034476858)  (0.0000000,0.0020583987)  (0.40831906,0.0000000)  (0.0000000,0.021712687)  (0.0000000,0.00027189321)  (0.0000000,0.00073708447)  (0.0000000,0.0011758577)  (0.0000000,-0.00084168400)  
(0.0000000,0.00031927684)  (0.0000000,8.1309554e-05)  (0.0000000,0.00085125487)  (0.0000000,0.00049381191)  (-0.0000000,-0.0056560032)  (-0.0000000,-0.021712687)  (0.41006045,0.0000000)  (0.0000000,-0.0038328736)  (0.0000000,0.00016571864)  (0.0000000,-0.0015453370)  (0.0000000,-0.00033599802)  
(-0.0000000,-2.6506756e-05)  (0.0000000,0.00028479706)  (-0.0000000,-0.0019558191)  (-0.0000000,-6.6887581e-05)  (0.0000000,0.00044434555)  (-0.0000000,-0.00027189321)  (0.0000000,0.0038328736)  (0.42248778,0.0000000)  (0.0000000,-0.00050189036)  (0.0000000,-0.0015917512)  (0.0000000,-0.00022674009)  
(0.0000000,6.0344632e-05)  (0.0000000,4.5902157e-05)  (-0.0000000,-0.0012770887)  (0.0000000,0.0021768405)  (0.0000000,0.00074862836)  (-0.0000000,-0.00073708447)  (-0.0000000,-0.00016571864)  (0.0000000,0.00050189036)  (0.43995535,0.0000000)  (0.0000000,-0.012992939)  (0.0000000,-0.00089724078)  
(0.0000000,8.4722687e-06)  (-0.0000000,-1.5431275e-05)  (-0.0000000,-0.0018591257)  (-0.0000000,-0.00059940107)  (-0.0000000,-0.0011771231)  (-0.0000000,-0.0011758577)  (0.0000000,0.0015453370)  (0.0000000,0.0015917512)  (0.0000000,0.012992939)  (0.44352927,0.0000000)  (0.0000000,1.1909830e-05)  
(-0.0000000,-1.3923384e-05)  (-0.0000000,-1.4342715e-05)  (-0.0000000,-8.9793198e-05)  (0.0000000,0.00019223547)  (0.0000000,0.00043071288)  (0.0000000,0.00084168400)  (0.0000000,0.00033599802)  (0.0000000,0.00022674009)  (0.0000000,0.00089724078)  (-0.0000000,-1.1909830e-05)  (0.46188931,0.0000000)  
