(0.0000000,0.0000000)  (0.0000000,2.6084399e-06)  (0.0000000,3.4945421e-05)  (0.0000000,0.00021394900)  (0.0000000,0.00016000858)  (0.0000000,-0.00012546471)  (0.0000000,-1.2044838e-05)  (0.0000000,-0.00023834069)  (0.0000000,3.6994012e-05)  (0.0000000,-2.7745855e-06)  (0.0000000,-4.9482762e-06)  
(-0.0000000,-2.6084399e-06)  (0.15306034,0.0000000)  (0.0000000,0.00061217727)  (0.0000000,-0.00020826739)  (0.0000000,-8.9314236e-05)  (0.0000000,-5.8207242e-05)  (0.0000000,3.1379658e-05)  (0.0000000,-1.4476141e-05)  (0.0000000,-3.3736522e-05)  (0.0000000,6.0029912e-06)  (0.0000000,-6.6074793e-08)  
(-0.0000000,-3.4945421e-05)  (-0.0000000,-0.00061217727)  (0.28699533,0.0000000)  (0.0000000,-0.00041901109)  (0.0000000,4.9153137e-05)  (0.0000000,0.0010222267)  (0.0000000,-0.00044464006)  (0.0000000,-0.00016485192)  (0.0000000,0.00042136724)  (0.0000000,-2.6528315e-05)  (0.0000000,2.9262587e-06)  
(-0.0000000,-0.00021394900)  (0.0000000,0.00020826739)  (0.0000000,0.00041901109)  (0.29185385,0.0000000)  (0.0000000,-4.6342442e-05)  (0.0000000,0.00016264806)  (0.0000000,-0.00041979099)  (0.0000000,0.00086899596)  (0.0000000,-4.6180244e-05)  (0.0000000,2.0577271e-05)  (0.0000000,2.6125056e-06)  
(-0.0000000,-0.00016000858)  (0.0000000,8.9314236e-05)  (-0.0000000,-4.9153137e-05)  (0.0000000,4.6342442e-05)  (0.33109294,0.0000000)  (0.0000000,4.2528854e-06)  (0.0000000,3.1766824e-05)  (0.0000000,0.00019677421)  (0.0000000,-6.0248085e-05)  (0.0000000,2.8103896e-06)  (0.0000000,5.6863978e-06)  
(0.0000000,0.00012546471)  (0.0000000,5.8207242e-05)  (-0.0000000,-0.0010222267)  (-0.0000000,-0.00016264806)  (-0.0000000,-4.2528854e-06)  (0.35558230,0.0000000)  (0.0000000,0.0010467982)  (0.0000000,0.00013562025)  (0.0000000,-0.00046439370)  (0.0000000,2.7600216e-05)  (0.0000000,8.8845327e-06)  
(0.0000000,1.2044838e-05)  (-0.0000000,-3.1379658e-05)  (0.0000000,0.00044464006)  (0.0000000,0.00041979099)  (-0.0000000,-3.1766824e-05)  (-0.0000000,-0.0010467982)  (0.37958454,0.0000000)  (0.0000000,-0.0093597921)  (0.0000000,0.0024448652)  (0.0000000,-0.00023459353)  (0.0000000,-7.3673024e-05)  
(0.0000000,0.00023834069)  (0.0000000,1.4476141e-05)  (0.0000000,0.00016485192)  (-0.0000000,-0.00086899596)  (-0.0000000,-0.00019677421)  (-0.0000000,-0.00013562025)  (0.0000000,0.0093597921)  (0.38205579,0.0000000)  (0.0000000,-0.0041039267)  (0.0000000,0.00028131270)  (0.0000000,0.00017038535)  
(-0.0000000,-3.6994012e-05)  (0.0000000,3.3736522e-05)  (-0.0000000,-0.00042136724)  (0.0000000,4.6180244e-05)  (0.0000000,6.0248085e-05)  (0.0000000,0.00046439370)  (-0.0000000,-0.0024448652)  (0.0000000,0.0041039267)  (0.39299419,0.0000000)  (0.0000000,-5.1738966e-06)  (0.0000000,5.0270041e-05)  
(0.0000000,2.7745855e-06)  (-0.0000000,-6.0029912e-06)  (0.0000000,2.6528315e-05)  (-0.0000000,-2.0577271e-05)  (-0.0000000,-2.8103896e-06)  (-0.0000000,-2.7600216e-05)  (0.0000000,0.00023459353)  (-0.0000000,-0.00028131270)  (0.0000000,5.1738966e-06)  (0.42358458,0.0000000)  (0.0000000,3.6486002e-06)  
(0.0000000,4.9482762e-06)  (0.0000000,6.6074793e-08)  (-0.0000000,-2.9262587e-06)  (-0.0000000,-2.6125056e-06)  (-0.0000000,-5.6863978e-06)  (-0.0000000,-8.8845327e-06)  (0.0000000,7.3673024e-05)  (-0.0000000,-0.00017038535)  (-0.0000000,-5.0270041e-05)  (-0.0000000,-3.6486002e-06)  (0.43686616,0.0000000)  
