(0.0000000,0.0000000)  (0.0000000,2.7562602e-05)  (0.0000000,1.8415834e-05)  (0.0000000,-3.8505964e-05)  (0.0000000,-2.4201847e-06)  (0.0000000,-1.8562823e-05)  (0.0000000,1.6512061e-05)  (0.0000000,-2.2333531e-05)  (0.0000000,1.1664746e-05)  (0.0000000,-1.8000619e-05)  (0.0000000,8.1213351e-05)  
(-0.0000000,-2.7562602e-05)  (0.22404138,0.0000000)  (0.0000000,-3.7873043e-05)  (0.0000000,0.00038381578)  (0.0000000,-0.00014208789)  (0.0000000,0.0015335500)  (0.0000000,0.00019534985)  (0.0000000,-0.0036682070)  (0.0000000,0.0023804468)  (0.0000000,0.00011750916)  (0.0000000,-9.1889097e-05)  
(-0.0000000,-1.8415834e-05)  (0.0000000,3.7873043e-05)  (0.33561574,0.0000000)  (0.0000000,-0.00046960364)  (0.0000000,0.00021119023)  (0.0000000,0.0032530547)  (0.0000000,0.00032726507)  (0.0000000,-0.0081161634)  (0.0000000,0.0062968115)  (0.0000000,0.00059898860)  (0.0000000,-0.00044635262)  
(0.0000000,3.8505964e-05)  (-0.0000000,-0.00038381578)  (0.0000000,0.00046960364)  (0.35749715,0.0000000)  (0.0000000,1.8055581e-05)  (0.0000000,-0.0013072612)  (0.0000000,-0.00010634559)  (0.0000000,0.0018227123)  (0.0000000,-0.0013602135)  (0.0000000,-0.00098296322)  (0.0000000,0.00017025560)  
(0.0000000,2.4201847e-06)  (0.0000000,0.00014208789)  (-0.0000000,-0.00021119023)  (-0.0000000,-1.8055581e-05)  (0.37446529,0.0000000)  (0.0000000,-0.0011681855)  (0.0000000,-8.6721011e-05)  (0.0000000,-0.0012990739)  (0.0000000,0.00011557285)  (0.0000000,0.00039377875)  (0.0000000,0.00020237600)  
(0.0000000,1.8562823e-05)  (-0.0000000,-0.0015335500)  (-0.0000000,-0.0032530547)  (0.0000000,0.0013072612)  (0.0000000,0.0011681855)  (0.37818088,0.0000000)  (0.0000000,-0.00015109748)  (0.0000000,-0.00016452597)  (0.0000000,0.00043080576)  (0.0000000,0.00062613157)  (0.0000000,-7.0932507e-05)  
(-0.0000000,-1.6512061e-05)  (-0.0000000,-0.00019534985)  (-0.0000000,-0.00032726507)  (0.0000000,0.00010634559)  (0.0000000,8.6721011e-05)  (0.0000000,0.00015109748)  (0.41819724,0.0000000)  (0.0000000,0.0098568849)  (0.0000000,0.00037568589)  (0.0000000,1.4920737e-05)  (0.0000000,-0.00059349986)  
(0.0000000,2.2333531e-05)  (0.0000000,0.0036682070)  (0.0000000,0.0081161634)  (-0.0000000,-0.0018227123)  (0.0000000,0.0012990739)  (0.0000000,0.00016452597)  (-0.0000000,-0.0098568849)  (0.42279832,0.0000000)  (0.0000000,-0.00043924347)  (0.0000000,0.00080062888)  (0.0000000,5.8373827e-05)  
(-0.0000000,-1.1664746e-05)  (-0.0000000,-0.0023804468)  (-0.0000000,-0.0062968115)  (0.0000000,0.0013602135)  (-0.0000000,-0.00011557285)  (-0.0000000,-0.00043080576)  (-0.0000000,-0.00037568589)  (0.0000000,0.00043924347)  (0.43717596,0.0000000)  (0.0000000,0.00073046441)  (0.0000000,0.0021534543)  
(0.0000000,1.8000619e-05)  (-0.0000000,-0.00011750916)  (-0.0000000,-0.00059898860)  (0.0000000,0.00098296322)  (-0.0000000,-0.00039377875)  (-0.0000000,-0.00062613157)  (-0.0000000,-1.4920737e-05)  (-0.0000000,-0.00080062888)  (-0.0000000,-0.00073046441)  (0.44661773,0.0000000)  (0.0000000,-0.018432324)  
(-0.0000000,-8.1213351e-05)  (0.0000000,9.1889097e-05)  (0.0000000,0.00044635262)  (-0.0000000,-0.00017025560)  (-0.0000000,-0.00020237600)  (0.0000000,7.0932507e-05)  (0.0000000,0.00059349986)  (-0.0000000,-5.8373827e-05)  (-0.0000000,-0.0021534543)  (0.0000000,0.018432324)  (0.46097277,0.0000000)  
