0.99697347  -0.0026843389  0.00094542002  -0.012560645  -0.0036036763  -0.0013588257  0.022403454  0.0025361308  -0.0049919360  0.0018210938  0.0053227203  
0.0024862020  0.99650249  -0.0035019029  -0.0028175379  0.011155457  -0.0019761938  -0.0012078966  0.015401601  0.0048827296  0.00068246971  0.00077992135  
-0.0038364636  0.0015408601  0.69691521  0.016645138  -0.47855588  -0.20587100  -0.0072741971  0.36775582  0.0013187328  0.21940064  -0.040134856  
0.014828137  -0.00027303228  -0.00011573871  0.97237027  0.12563931  -0.091714651  -0.065302253  0.070144862  0.028608126  -0.0035189175  0.00064557898  
-0.0020361221  0.0047816182  -0.52159410  0.028840971  -0.62110234  -0.53558501  -0.029235447  -0.073720305  0.11312095  -0.082766578  0.010733276  
0.023848869  -0.0055862977  0.063198628  -0.10946165  0.17399688  -0.17034865  -0.92278381  0.026313417  0.23832250  -0.050475190  0.0016356209  
-0.0038332216  -0.0065369806  0.092466067  -0.11681993  0.49758358  -0.77005027  0.18345322  0.017907761  -0.27844621  0.061081172  -0.0088765024  
0.0032682806  0.014595213  0.35270094  0.057667913  -0.076164269  -0.12168380  0.080524211  -0.84679240  0.29171790  0.057615202  0.0073787353  
0.00070745883  0.010573757  0.030338079  0.063989501  -0.22384898  0.094348436  -0.29120454  -0.29252207  -0.84056772  0.0076541833  0.00081422233  
0.0048996156  0.0011992978  0.065053685  0.0014525660  -0.014802688  -0.013695184  0.025093311  0.0046965892  -0.0027095676  -0.40089298  -0.90823176  
-0.0024908296  -0.00033789437  0.20578685  0.00083131894  -0.066110656  -0.050702002  0.066734579  0.084643684  0.0012703103  -0.82341523  0.40078918  
