0.99899350  -0.00057183312  -0.00037759381  0.0012224294  -0.0044081240  0.0023639062  -0.00084688094  -0.0045264790  -0.0052240045  0.0023518437  0.0024845107  
0.00093794908  0.99862105  -0.0091959594  0.0053446218  -0.0038352820  -0.0072066526  0.012403977  0.012007904  -0.0017011327  -0.0010118781  0.0010625690  
0.0059459144  0.0084185828  0.77799457  0.14451579  0.10865756  -0.053323840  0.16443879  -0.079946224  0.17892202  -0.022949037  -0.0032690792  
0.0049528790  -0.010269116  -0.022986650  0.52523280  -0.63669579  -0.55715924  0.020459712  0.020347589  -0.014323040  -0.035568308  0.038815808  
-0.0051807012  0.0034246250  0.17926106  -0.67375526  -0.69374136  0.14847805  0.047381098  0.00015932483  0.033973798  0.017138901  0.037062828  
0.0019526503  -0.0017953634  -0.012032778  -0.49269893  0.30437099  -0.80036088  -0.015101618  -0.0020329282  0.0012392737  -0.12595792  0.066086415  
-0.0028041064  0.014946410  -0.17933052  0.0051451207  -0.050698727  0.016730894  -0.43505057  -0.81275226  0.15833462  -0.10429104  0.055675405  
-0.0036196047  -0.0058301559  -0.031245771  0.0028915333  0.025328940  0.019640135  0.79899459  -0.50180314  -0.10833988  -0.12048192  0.10347470  
-0.0059017844  0.0036963608  0.17379889  0.0014952296  0.0040752964  0.0028344549  -0.16030343  -0.10193316  -0.94802069  0.060045131  0.12875977  
0.0017966422  -0.0012564183  0.027522898  0.029347400  -0.026751585  0.12401861  -0.070840124  0.14307311  -0.061022211  -0.97295788  -0.0096020567  
-0.0036877560  -0.0015422734  -0.0068788380  0.035957827  0.034327797  0.061303116  -0.041768739  0.10909150  0.12918524  0.029428607  0.92348035  
