0.99742141  0.0020152550  -0.0010387297  -0.0066399647  0.024164860  0.0023292315  0.0075613153  -0.017660624  0.0012686774  -0.012959231  0.0024167648  
-0.0019382491  0.99699385  -0.017483301  -0.019207877  0.0013886458  -0.0057672988  -0.015565498  -0.00048275963  -0.00083238261  -0.00069854865  -0.0076998790  
-0.00074875924  0.015034142  0.96896958  -0.12204490  -0.010412885  0.037667275  0.0011474043  -0.013704775  -0.021879405  -0.018555233  -0.0018200529  
0.0052991487  0.021245649  0.11956297  0.98518954  0.026900272  0.029846529  0.0093619134  -0.010079276  0.0097884828  -0.0013347873  0.024371335  
-0.025425069  -0.00033610779  0.0045356302  -0.028343220  0.98600287  0.039241967  0.075488943  -0.015657826  0.0032613812  -0.015077702  -0.0044558062  
-0.0015013766  0.0039344717  -0.040887268  -0.023834586  -0.035797547  0.99349832  -0.047037957  -0.0036389834  0.028511227  0.0064625276  0.011342002  
-0.0047538652  0.015578295  -0.0059996924  -0.0093075025  -0.075478639  0.043505908  0.98831370  0.0064306130  -0.015677298  0.095938713  0.0098877274  
0.015721670  0.00086177545  0.012749045  0.0084438160  0.013030499  0.0075504534  0.0081100390  0.98598386  -0.044090192  -0.13896326  -0.014774535  
-0.010859863  2.2021072e-05  0.0065880638  0.0074085624  -0.026319740  0.0070139696  0.095432394  -0.13181309  0.13455838  -0.86055200  -0.20362751  
0.0011534062  0.00092140254  0.022300604  -0.013932756  0.0010266663  -0.028101036  0.0031899779  0.063293559  0.98459911  0.12244839  0.030191383  
-0.0040092146  0.0053746917  -0.0024045162  -0.035753463  -0.00063427788  -0.0050455796  0.0097202753  -0.016824031  -0.0023386692  -0.20406174  0.93821602  
