0.99573463  0.00096285862  0.0077518207  -0.036713723  0.022930117  0.0095895901  0.010360642  0.0034383404  -0.0058782234  0.0069498321  -0.015590765  
-0.0010216793  0.99437875  -0.044926641  -0.010659561  0.0029782567  -0.027655769  0.0077115801  -0.0040104058  -0.0063573366  0.0071733103  -0.013849569  
0.0092182637  -0.043596745  -0.98862491  0.0019826901  -0.045415762  -0.0017479287  -0.067074338  0.061530896  -0.0091678913  -0.00089586863  0.010478034  
-0.035731049  -0.010817778  0.00064044003  -0.99336093  -0.0094519917  -0.0049778334  -0.0082709644  0.017314223  -0.044547087  -0.025784054  0.0088641609  
-0.022889506  -0.010877895  -0.080750207  -0.0077201349  0.38500248  0.073611887  0.80092697  -0.053962179  -0.20695044  0.019546353  0.040372957  
-0.010786789  0.023271131  -0.010167207  -0.0057654760  0.45549772  0.83166913  -0.16911367  -0.019929678  0.076166222  -0.0087678514  -0.0084959009  
-0.0076064307  -0.017158407  -0.034913388  -0.0034967068  0.68507672  -0.50912283  -0.14334319  -0.34627139  0.057001960  -0.013022984  0.011413203  
0.0015525263  0.00015020020  -0.011204774  0.012565975  -0.077963252  0.10948587  -0.32910065  -0.59889192  -0.60735912  0.039962704  0.13982361  
0.00041816664  -0.0061978654  -0.049422466  -0.029571795  -0.16654416  0.088350711  0.11268272  -0.57425615  0.46697734  -0.22453965  -0.54223660  
0.0077878866  0.0066120824  0.010041924  0.038216798  0.043092982  -0.022115735  -0.026681923  0.15587639  -0.22413432  -0.91409505  -0.011181432  
-0.014840897  -0.014155734  0.013902257  0.016357751  0.059487726  -0.037596887  -0.024773560  0.21995842  -0.48230741  0.15621208  -0.79405277  
