0.99828295  -0.00060785924  -0.0015383306  -0.0023050356  0.0047993175  -0.0027871556  -0.00052943093  0.0016920290  0.00036772774  -0.0015976304  -0.0023654589  
0.00058815674  0.99792217  -0.0027785164  -0.0027394719  0.0053791574  0.0019396010  -0.016765792  0.0017299713  -0.00051739335  0.0011990756  0.00050166421  
0.0013660653  0.0029756393  0.97355623  -0.094646927  0.10219885  0.077073125  0.071341983  0.010970805  -0.013861205  0.0030951599  0.034206888  
0.0031214584  -0.0016798887  0.15978040  0.79517563  -0.37279551  -0.19650512  -0.38687183  -0.033978250  0.022998443  -0.026272962  0.023902562  
-0.0026696273  -0.00052553431  -0.058416015  0.51314149  0.82363428  0.097814755  0.17572878  0.078769479  0.00023076347  -0.029751507  0.0056120738  
0.0037517678  0.0022611124  -0.037970950  0.18644586  -0.26133561  0.93369988  0.13197021  0.033998969  -0.0054945062  0.020616999  -0.023329581  
-2.4302918e-05  0.018335559  -0.0011927449  0.22363719  -0.30064302  -0.25140542  0.87880167  0.0071528919  0.058925665  -0.036127051  0.074712484  
1.2342975e-05  -0.00039072004  0.0086917151  0.0078797400  -0.076025543  -0.064339370  -0.011736499  0.89212548  -0.35793298  0.10557974  -0.19348353  
0.0013306470  -0.0027079518  -0.013257289  -0.00014623273  0.015184306  0.00030058208  -0.020287249  0.15396133  0.31210344  0.77612835  0.51261403  
0.0032741606  0.0011651994  -0.0081082507  0.049617998  0.0079708690  -0.014654441  0.055622187  -0.37166621  -0.83635558  0.38048860  0.050244014  
0.00026322457  0.0015456811  0.035228125  0.040354913  0.0072267076  -0.036501816  0.055584281  -0.14148279  0.24047841  0.47781533  -0.82434390  
