0.99092413  0.0035680697  -0.0060491620  -0.048103548  -0.0085826440  -0.030934871  0.0014968059  0.019197275  -0.0031480744  0.0050087032  -0.0097741664  
0.0023703244  -0.98146773  0.010636584  -0.014245963  0.0091736773  0.012769876  -0.054399956  -0.0056167540  -0.029004127  0.017464770  -0.013977033  
0.014972945  -0.059674361  -0.68586813  0.29167038  0.14216706  -0.044950643  0.17863569  0.037807739  0.36818458  -0.11004077  0.035455217  
-0.039015778  -0.011377814  -0.31459289  -0.66393942  -0.64756930  -0.080843841  0.053685234  0.034421407  0.064259257  -0.029154412  0.029069383  
0.016966341  -0.011584146  0.038487708  0.61385049  -0.61118216  -0.44919411  -0.035474795  0.035955260  -0.12533936  0.036757117  0.038209912  
-0.038813187  -0.0043270436  0.038124863  -0.26685590  0.36910376  -0.87835669  0.0049742779  -0.015458404  0.028714202  0.0078649450  -0.0043531073  
-0.00090574945  -0.048857534  0.22125881  0.0032906524  -0.034810838  -0.00089483718  0.95621642  0.0062042090  0.0069814971  -0.098191826  0.0063022887  
0.020892144  0.00017887439  -0.0087234936  0.010704586  -0.042228341  -0.0066006575  0.0031628430  -0.96678956  0.037895664  -0.048870802  0.19466227  
-0.0070354905  0.013426848  -0.35107857  -0.010424350  0.10237207  0.0056094413  0.067492840  -0.058004000  -0.85683344  -0.21965385  -0.13495367  
-0.0071573428  0.013268909  -0.15865639  -0.0015212034  0.018697985  0.014548463  0.12621662  -0.10599483  -0.077656370  0.90940260  -0.22771888  
0.00060251572  0.0026560879  0.055141469  0.021621071  -0.064764998  -0.013653791  -0.066804040  -0.14448163  0.23208929  -0.27536556  -0.66092518  
