0.99861697  -0.0041598531  0.0010666537  -0.012875778  -0.0044265804  -0.0017005818  -0.00099481061  0.0026670926  -0.0086792606  -0.0026262630  -0.0029995112  
0.0033506082  0.99163319  0.019542371  -0.0036543942  -0.012383133  -0.0038734527  0.0096201707  0.00014896774  -0.00021175391  -0.0018892721  -0.00068283159  
-0.0031284594  -0.010283863  0.62303004  0.087761927  0.40730112  0.20967679  0.10687380  0.080370903  -0.057675789  -0.048990893  0.063821333  
-0.011561634  -0.0033282156  0.038932033  -0.98486725  0.10568673  0.021225346  0.031317686  0.010537206  0.074578779  -0.022194229  0.0045661603  
0.0024027432  -0.00042139899  -0.15392499  -0.0014698405  -0.30211592  0.89038416  0.24610339  0.093268135  0.12215943  0.045917363  -0.020659748  
-0.0062776818  -0.018718000  0.41238586  -0.093426474  -0.81519006  -0.12130965  -0.19757929  -0.039855650  -0.21156377  0.034914232  -0.016376220  
-0.0011473627  0.010799059  0.092351042  0.0058476460  0.14916539  0.30105963  -0.91071260  -0.0045553996  0.15394705  -0.013632637  -0.029711341  
-0.0033240378  0.0054279082  -0.068370865  -0.057811483  0.18139581  0.20309133  -0.042918641  -0.24645544  -0.86588633  0.20444469  -0.073000286  
-0.0043498002  0.0030746515  -0.16884890  -0.014166641  -0.0051502788  -0.060836960  -0.093291137  0.89228041  -0.24118340  -0.12874873  -0.12791779  
0.0043786009  3.1805645e-05  0.060273899  -0.0051105838  0.014715799  -0.043432027  -0.012218308  0.22223350  0.085389197  0.80468705  0.52872065  
0.00083397252  0.0017486664  -0.0039639962  -0.0032473239  -0.037320096  0.062713461  -0.012061831  0.012283208  -0.16274015  -0.52990222  0.81216656  
