0.99661405  0.0044537896  0.0019856504  0.0078154929  0.0081210481  -0.0090313399  -0.027587049  0.0064996713  -0.0019692003  -0.0029441272  -0.00091145117  
-0.0041262793  0.99588661  0.011667209  0.015999510  -0.0012920088  -0.011515156  0.0025735346  -0.024787864  0.0066578501  -0.0092302546  0.0045250434  
-0.00064569374  -0.010664306  0.87974352  -0.11079663  0.0043505358  0.051338347  0.023357207  -0.020027744  0.026281141  -0.21444435  -0.012078747  
-0.017305122  -0.014433979  0.11146536  0.86112293  0.41066682  -0.075520046  -0.22883780  -0.0056414191  -0.071156495  0.00095408549  0.027492959  
0.00099747686  -0.0091451055  0.055524686  0.38840884  -0.86810165  -0.044806759  -0.13404601  -0.019132684  0.18058264  0.028826939  -0.11487924  
0.024760224  -0.0064944376  0.0045748997  0.26407423  0.014534029  0.047266580  0.94129207  0.010390003  0.17469405  0.010665572  -0.044899687  
-0.0074667445  -0.0082505041  -0.039239257  -0.070932493  0.0087599803  -0.96895422  0.066565035  0.064647410  0.014000960  -0.038515545  0.013719404  
-0.0069280802  0.023952220  0.017456682  -0.0062542905  0.044627730  0.063671135  -0.057059322  0.96014588  0.22268399  0.034250028  -0.060527113  
-0.0018377964  -0.0073441198  0.034739628  -0.069529341  0.19368243  -0.015596003  -0.14725933  -0.23031541  0.83762713  0.31541285  0.019311175  
-0.0027889860  -0.0095167816  -0.18423150  0.023827810  0.043615310  0.022065538  -0.060451520  -0.040620526  0.30882720  -0.90857680  -0.012555479  
0.0021723340  -0.0039845932  0.013685342  0.031486126  -0.11026940  0.016860078  0.027911036  0.054061466  0.081128464  -0.0075438853  0.96720545  
