0.99795639  0.00036044575  0.0021124232  -0.00086522035  0.0058868834  0.0063237232  0.00010354058  0.018696749  -0.0069275057  -0.00013652543  0.0021265089  
-0.00033520615  0.99747682  0.014565908  0.011272348  0.00059245037  0.0081496382  -0.016694699  -0.0013582245  0.0051784507  0.013249031  0.00070322202  
-0.0013287979  -0.014123092  0.86965958  -0.043801579  0.0064284963  -0.0074147194  -0.0096940945  0.0018793968  -0.0045949547  0.0047906204  -0.0033133243  
0.00091120004  -0.011100106  0.037060304  0.99397408  -0.00064907518  -0.037864686  0.0031477368  0.0050521041  -0.0016835397  0.00047020398  -0.0031476509  
0.0063037900  0.00084422260  0.0037794325  -0.00090425545  -0.99517962  -0.0019375225  -0.0022755532  -0.025365547  -0.067681236  0.0018700468  -0.00013951514  
-0.0023135357  -0.0035691197  0.0086486171  0.033612088  0.0048034519  0.91152123  -0.022863150  -0.19513304  -0.033091267  -0.34953464  0.0078641677  
-0.0042464255  -0.015466767  -0.016578179  0.0028383918  0.0093486427  0.0071113062  -0.97091876  0.14943549  -0.16560796  0.013624352  0.00046464966  
-0.016038332  -0.0075312161  0.00058971331  0.0097243320  -0.021576481  0.37072146  0.11796920  0.73823914  0.039895734  0.54175305  -0.047031943  
-0.0042574034  0.0071245258  0.0022657612  -0.0055533873  -0.050750543  -0.12007027  -0.023469089  0.51031947  0.53148669  -0.65069670  -0.016091447  
0.012141798  -0.013845692  -0.00022407313  0.0049686422  -0.045894140  0.097876760  -0.18803448  -0.35141362  0.81538281  0.38891257  0.0053666710  
-0.0028994800  -0.00028427211  -0.00041954575  -0.0069473494  -0.0017305062  0.0018389231  0.0073294366  0.049974200  0.0023306916  0.015154302  0.98059725  
