0.99690593  0.0048490002  -2.1681435e-05  0.013608847  -0.0033112484  -0.025127846  0.0074569433  0.0058884731  0.00062959278  0.0033969149  -0.0036211901  
-0.0057728524  0.99014698  0.015866715  0.014685978  0.013091762  0.0025759288  0.010142970  -0.019441571  0.0094560488  0.0019622237  0.0066324904  
0.0027445360  -0.0078592235  0.85049337  -0.083575439  -0.0058186628  -0.045634377  -0.079979273  0.066045041  -0.0041668588  0.068369755  -0.0022301976  
-0.020459841  -0.014395436  0.081482440  0.98648472  -0.078249889  -0.039085908  0.014718497  -0.0079494675  -0.031858189  -0.0079525259  -0.0055820196  
-0.00069466628  -0.014047217  0.013915371  0.072897934  0.98196334  -0.080493167  0.030810511  0.017385799  0.030509499  0.0043138441  -0.018903381  
0.023917445  -0.0040856347  0.045988646  0.044099265  0.080295544  0.97821170  -0.15288415  0.0045283809  -0.0036674428  0.017769662  -0.0079384713  
-0.0017924464  -0.0052739569  -0.084349986  -0.010474365  -0.014235704  0.15282311  0.92852219  0.050741907  0.0043402465  0.038628609  0.011688628  
-0.0065340107  0.018898806  -0.017806311  0.013954703  -0.021853033  -0.0056135451  -0.018849735  0.98514462  0.073592415  0.0086803660  -0.053741252  
0.00062462563  0.0096207702  -0.0064490214  -0.026931357  0.030769541  -0.0034857640  0.0050656464  0.072342088  -0.98777631  0.068129197  0.016343241  
-0.0054834901  -0.0079961247  0.027309448  0.011185630  -0.0076619233  -0.018099023  0.023275172  -0.026256956  0.067197360  0.97189958  0.087999769  
0.0012168315  -0.0050933651  0.0014878660  0.0052633450  0.017602451  0.0057645971  -0.015420307  0.054717209  0.014086898  -0.086746736  0.98826058  
