0.99471143  -0.0095807906  0.014657589  -0.0057711952  -0.025516181  -0.013325427  0.013531261  0.00054384089  -2.9772018e-06  0.0083201273  0.018418782  
-0.010727444  -0.99037819  -0.023142974  -0.0032800407  0.049349426  -0.055949247  0.018519738  -0.032048876  0.0070215839  0.011041497  -0.0015204977  
-0.0029873197  -0.021029880  0.97972365  -0.00024126081  0.11525754  0.10223337  0.027413494  -0.042969892  0.00030567428  -0.0025172735  0.00081715702  
0.0077606668  0.00025886827  -0.0057743315  0.97792577  0.069449432  0.0041309872  -0.081615712  -0.0047196527  0.13894010  -0.011093233  0.015046489  
-0.024536054  0.044825913  0.050689319  0.071934372  -0.27529383  -0.52753924  0.61305216  -0.26812811  -0.016134069  -0.028931766  -0.0053297643  
0.012559052  0.0044025983  -0.14227695  0.013801230  0.38393084  0.67050656  0.54278598  -0.18172911  -0.017606289  -0.048425928  -0.014828182  
-0.017607721  -0.065370010  0.056006122  0.077562544  -0.69971551  0.31871375  0.35778908  0.25645425  0.032122077  0.052057669  0.016827896  
-0.00065000260  -0.0024971074  -0.014366173  -0.0069319453  -0.26985859  0.16534910  -0.24494832  -0.89002405  0.0077812455  0.043266540  0.059064928  
-0.0033994860  0.010489216  0.00040956274  -0.14023954  0.017718790  -0.0081240752  0.022148322  -0.0089362340  0.97220515  0.010117064  -0.024562046  
0.0076257052  0.011214021  -0.0020230376  0.023720083  0.021140078  0.0056119469  0.0097809810  -0.018473878  -0.022957498  0.77688372  -0.61341813  
-0.014051971  0.024295703  0.0069556865  -0.029499537  0.14478174  -0.13003473  0.12289808  -0.049348763  -0.0083491601  0.042868887  0.028419287  
