0.99753760  -0.0023711500  -0.0019373283  0.0016201347  -0.0020885476  0.010586523  0.015359074  0.0053717073  0.0035100425  -0.0013891917  -0.0013533839  
0.0017607127  0.98965931  -0.024659308  0.00089967944  0.016526491  0.00062066506  0.0036200837  0.0043860459  -0.014396365  0.0025547035  -0.00089385677  
0.0033532194  -0.029794505  -0.77383938  0.036306378  -0.034716347  -0.19138078  0.060088975  -0.016185529  0.031514561  0.072052853  0.014466672  
0.0021900190  0.0042590758  -0.037114022  -0.98020219  -0.14160986  -0.068126861  -0.0072868082  -0.022048308  0.046352841  -0.027876762  0.0058916638  
0.00010284193  0.018951487  -0.11146343  0.16098741  -0.87454137  -0.27720599  -0.013303541  -0.035753871  0.025172584  0.011407387  -0.0044596775  
0.00023998221  0.0033231802  0.16747227  0.019439017  0.24631413  -0.75798166  0.53068245  0.0015723059  0.17286575  -0.036185323  0.087132785  
-0.015859767  0.0030326894  -0.057588508  -2.1799483e-05  -0.13795964  0.50290911  0.74696163  -0.35767664  0.17168456  -0.039199612  -0.034735714  
-0.0062649219  0.010067971  -0.011283546  0.024101054  -0.030761000  0.13591448  -0.042787074  0.52980832  0.80291223  0.011720675  -0.12252054  
0.0099899993  0.011301893  0.011177256  0.040465986  0.089866263  -0.099545954  -0.37421340  -0.73151353  0.45736492  -0.013131907  0.11140860  
0.00098900104  0.00094036498  0.041143200  -0.023780577  -0.030231953  0.084059033  0.030346652  0.092697610  0.030951257  0.41367938  0.78972877  
-0.0029255448  0.0014057247  -0.061077698  0.037343343  -0.030345965  0.082053148  -0.012817055  0.11202450  0.014640507  -0.57287064  0.57117176  
