0.99805983  0.00074431986  0.0026584237  0.0015096919  -0.023911236  -0.014645528  -0.00034196103  0.0025568317  -0.00082173362  -0.0028595103  -0.0030994445  
-0.00014881782  0.99684371  0.0072706311  -0.013865647  0.011954885  -0.0019652229  0.011444941  -0.031027252  -0.015017002  -0.015054848  0.024806006  
-0.0033196450  -0.0073810514  0.80849456  0.15713928  -0.092264876  -0.073096375  0.00076062757  -0.14424360  0.00016586786  -0.067974837  0.12012808  
-0.0063535871  0.017784819  -0.099881296  0.85902731  -0.37674447  -0.23428327  -0.035887459  0.046167358  -0.00033753185  -0.025996710  -0.057606550  
-0.021003072  0.0056099877  -0.031063879  -0.36266029  -0.87275303  0.14459701  -0.10288093  0.034961924  0.067075955  -0.21500751  -0.019817511  
-0.015698440  -0.0045930273  -0.033076534  -0.28105195  -0.038534524  -0.95588350  0.0021340462  0.0023225131  -0.00067452257  -0.0087987829  -0.018769219  
0.0023734612  0.010338740  -0.039448225  0.022558121  0.10987900  -0.0089434164  -0.89273463  0.22601104  -0.31242099  -0.11342545  0.021016818  
0.0051520910  0.0017215347  0.11687032  -0.030586920  0.025451320  -0.00077279207  -0.42187475  -0.45605498  0.67388967  0.16944720  -0.032365143  
-0.0012509785  -0.033518176  -0.0091038864  -0.014574916  0.043254620  0.0037865307  -0.012148627  -0.74468367  -0.49415452  -0.27371319  -0.16838071  
-0.0027205218  -0.0025715643  -0.062669128  -0.035497807  -0.22765570  0.0088315681  -0.049963191  -0.19948404  -0.32947718  0.81504509  0.31595205  
-0.0068585161  0.028167194  0.14637375  -0.032123915  -0.0072408520  0.015042269  -0.034336445  0.13128570  -0.0070685885  0.37673909  -0.84361607  
