0.99693467  -0.0031766781  0.0063846464  0.016673977  0.0028800032  0.027325631  0.00040457478  0.0015613118  -0.00034188661  -0.0071492692  -0.0030236845  
-0.0043621415  -0.99600633  -0.019922365  -0.00031801858  -0.0096402941  0.0011222387  -0.015193581  -0.015823174  -0.013202451  0.0057075223  -0.012351419  
0.0060223230  0.019542953  -0.98813719  -0.023204592  0.0073759813  0.038000923  0.0081818951  0.010123532  -0.035239696  -0.0088589600  -0.010686863  
-0.031795335  -0.0034062770  -0.011751622  0.91264700  0.22796654  0.29474490  -0.0092831540  -0.062660736  0.082990896  -0.010650428  0.090185177  
-0.014429132  0.0098507702  0.0089182707  0.094585298  -0.88848428  0.43140300  -0.0026347990  0.040824092  -0.057258784  0.0083479823  -0.032232509  
-0.0067553271  -0.0050549348  0.039512498  -0.37973785  0.34454171  0.83087653  -0.014273195  -0.066595098  0.13844650  0.022249726  0.074150522  
0.0012196050  0.015582365  -0.0024831221  -0.00090420725  0.0069063712  -0.0050293163  -0.99181999  0.026216666  -0.057252623  -0.0028162985  -0.014588773  
0.0029669465  0.024384765  -0.0066857190  -0.0082902388  0.025076871  0.036477915  0.011995660  -0.82544900  -0.43868852  0.041622281  -0.19249189  
0.0078919241  -0.0010378829  -0.050880352  -0.038437045  -0.13830601  -0.13707844  -0.057465813  -0.39535602  0.70035071  0.40258500  0.28375619  
0.0035070907  -0.0078014057  -0.0081872341  -0.055310842  -0.054766757  -0.042394342  -0.0048902846  -0.12090671  -0.15706182  -0.51048462  0.81869009  
-0.0056070714  -0.0016747271  -0.0099290900  -0.0062754695  -0.043984391  -0.024255570  -0.024792767  -0.19483314  0.45372662  -0.74642069  -0.42058750  
