0.99610291  -0.0010265011  0.0029161117  -0.0080172628  -0.020873963  0.0037746788  0.0053769799  -0.028390402  -0.0062892691  -0.0053334407  -0.0031072973  
0.0011817156  0.99567229  -0.0052072617  0.0049620995  0.0027860852  -0.0057696568  -0.025602542  -0.0032059157  0.00044772506  0.0050156810  -0.0026529165  
-0.0027536388  0.0055070649  0.99374723  0.0095715370  0.0089333140  0.046497299  0.018042228  0.0074827146  -0.0057286577  0.021457513  -0.025729599  
0.0077103500  -0.0049266580  -0.0037871241  0.98047438  0.0050815006  -0.15306614  0.051041735  0.015105281  -0.033706673  -0.0044044009  -0.014146445  
0.020738665  -0.0046066388  -0.0046050699  -0.015431260  0.98978802  -0.077803518  -0.043613884  -0.0017049239  0.021712472  0.031734336  0.0036998928  
-0.00010600342  0.0039415178  -0.047718814  0.15318206  0.078011553  0.97850535  -0.020209164  0.015076236  0.0076765085  -0.0014061119  0.0036726753  
-0.0057775183  0.025478381  -0.019580687  -0.047269040  0.044622653  0.023957446  0.99238712  -0.033990817  0.0021232563  0.0049100708  -0.021583632  
0.028414624  0.0041527280  -0.0057751044  -0.018267714  0.00092636437  -0.012564670  0.035269709  0.99139667  0.014029799  0.0067144940  0.048286672  
0.0053385457  -0.00077125434  0.0048710034  0.033033006  -0.023985208  -0.010603387  0.00043037372  -0.016515167  0.99154333  0.068683503  -0.00092390860  
0.0039225525  -0.0056070842  -0.023788300  0.0016330820  -0.029487384  0.0031200759  -0.0053741672  -0.0030911309  -0.069264445  0.98754431  -0.087903354  
0.0018309494  0.0026254250  0.023951667  0.013908392  -0.0058451812  -0.0029276426  0.020534308  -0.048470784  -0.0063344308  0.087988635  0.99029349  
