0.99761076  -0.0010025862  -0.00080612074  0.00059679597  0.0053361026  0.0068356633  -0.0021416132  0.00082378189  0.00012346245  -0.0036413443  -0.0087006233  
0.00082685818  0.95625651  -0.22728403  -0.042672743  0.030907251  0.028253152  0.030579016  -0.064367450  0.025209478  -0.0066389700  -0.0015919152  
-0.0014352123  -0.23733367  -0.55875280  -0.19079216  0.17350555  0.15824615  0.17945818  -0.39804227  -0.056392670  0.0028665690  0.029805381  
0.0075293957  -0.027168376  -0.26493181  0.55540623  -0.38706504  -0.63107895  0.10013291  -0.13511751  0.035004376  0.10321369  0.12319527  
0.0040653774  -0.0049233143  -0.0034554664  -0.53071043  -0.83937215  0.042980846  -0.019273578  -0.019825219  0.0052799670  -0.032763834  -0.046359443  
0.0038797654  0.0056751781  0.093277703  -0.56510075  0.32158698  -0.74086999  -0.0099444042  0.0011801812  0.021600659  -0.099670497  0.056896401  
-0.0013831496  0.00057031043  0.0040575551  0.033259556  0.0051531436  -0.0063136447  -0.91558954  -0.36694992  0.088790335  0.046703010  0.087133010  
-0.0029032618  -0.055112422  -0.45326188  -0.014871610  0.0091385385  -0.045675026  -0.32868342  0.75848125  -0.26918877  0.0030386746  -0.046079907  
0.0013972613  0.025175783  -0.019936636  -0.032973152  -0.0053503024  -0.020896378  0.012742845  -0.27050063  -0.90133742  0.085784227  0.038156017  
-0.0068288275  -0.0032081902  -0.0027284117  0.022870148  0.027029050  -0.11619942  -0.036929964  -0.088421331  0.0029548142  0.30674200  -0.90587249  
0.0054414596  0.0063359525  0.015754022  -0.14873098  0.039678467  0.031161636  0.044271055  0.078027295  0.096291015  0.88513119  0.19314381  
