0.99903615  -0.00088316520  0.0021163460  -0.013212908  0.0069738065  0.0034729363  0.0013542802  -0.0057895145  0.0042221352  0.00057733457  0.0084324869  
0.00079777046  0.99853384  -0.0059099398  -0.0025325455  -0.0073492916  0.0066474544  0.023858960  -0.0065153746  -0.0024435733  0.0013029514  0.00073053615  
-0.0018180805  -0.0038968983  0.91889870  -0.0028140382  -0.10725719  0.14500031  0.32162395  -0.0039821170  -0.023767605  -0.035345006  -0.0064694418  
-0.012338249  -0.0035407205  -0.016089662  -0.99594046  -0.054747529  -0.020145354  0.026537261  -0.0017112504  -0.011104751  3.9051735e-05  -0.0084829974  
0.0069709894  0.0057301652  0.082388970  0.039241556  -0.87114462  -0.24529109  -0.40674531  0.028241773  0.053868892  0.016060950  0.018295563  
-0.0050670546  0.0093112549  0.11578510  -0.038036032  0.086803746  0.73232668  -0.61861554  -0.22980222  0.0014632545  0.031769795  0.027976411  
-0.0060525336  0.021962206  0.33708434  -0.035460700  0.45897165  -0.58856459  -0.54201556  -0.040383656  0.075617765  0.048547216  0.061519750  
0.0047798127  0.0094132616  0.040628845  -0.014008738  0.063345512  0.16144914  -0.14915746  0.96758101  0.046372751  0.0033507477  0.026032292  
0.0033995021  -0.0011385582  0.014532429  0.011253757  -0.012053620  -0.042746719  -0.045297001  0.042382638  -0.91353414  0.38733374  0.031123272  
-0.0017181361  -0.0027197405  0.0075520973  -0.0021965512  -0.010994281  0.032324098  0.088620334  -0.011554847  0.37910106  0.91771432  -0.028226079  
-0.0085499807  -0.0029130719  -0.022175468  -0.0070901374  -0.019259286  0.020015981  0.070808855  -0.018731242  0.029901413  0.0094365012  0.99164695  
