0.99687464  -0.00086385619  -0.00098877121  0.0064913339  0.0071824942  -8.4896155e-05  -0.019686821  0.0059313321  -0.0039022667  0.00018368497  3.3564123e-05  
-0.00014452449  -0.98837394  0.050923326  0.0089414536  -0.0032238404  0.022126747  -0.0035389129  -0.013799053  0.014842524  6.3534966e-08  8.4791631e-05  
0.0017821453  0.050450852  0.79036115  -0.091775304  -0.044377844  -0.095049957  0.0090868952  0.0049551062  6.9296353e-05  -0.0074201667  0.047164324  
0.015801683  -0.0090555026  -0.10304708  -0.84906980  -0.46240693  0.079679120  0.17810486  -0.076418220  0.037619320  -0.041198768  0.0042609834  
-0.0023423635  0.0069975322  0.0031461543  0.43451425  -0.87225767  -0.033791592  -0.18285156  -0.072188085  -0.051894722  0.030507563  0.0022243218  
-0.0014189828  0.023840325  -0.088164684  0.084098336  0.014829367  0.93764015  -0.021804620  -0.050002996  0.00056813981  0.027386940  -0.0055318966  
0.018707997  0.0046979295  0.0061157142  0.23490501  -0.038841681  -0.024106329  0.88701910  -0.35435316  0.082122175  0.11541012  0.054143236  
0.0016594313  -0.0032768407  0.0018767290  0.0067708905  -0.083405564  0.023547027  0.13600740  0.65321679  0.40478587  0.60470135  0.039897724  
-0.00031421324  0.015855037  0.0044539133  0.055570947  -0.0090403458  -0.0010050377  -0.091226161  -0.12077636  0.86816782  -0.43663363  0.069068588  
-0.0027850903  -0.011188400  -0.0039694849  0.085335685  -0.091346369  0.046695392  0.33084496  0.61559480  -0.17034798  -0.59504453  -0.13560025  
-0.0018240196  0.00016165535  -0.045619487  0.0011225195  -0.0013314832  0.011901673  -0.0030679376  0.10620082  -0.081262975  -0.087907901  0.85264270  
