0.99905384  -0.0024781537  0.0028606800  -0.0078765343  0.0013218171  -0.0053386049  0.0019375241  0.00014984141  -0.0013330045  -0.0010335708  -0.0053263391  
0.0022521019  0.99883693  -0.0088517326  -0.0075594504  -0.0039027757  -0.00061340090  0.0030385232  -0.0062534281  0.0063375759  -0.0014817293  -0.0036476404  
0.0025711282  -0.0090138470  -0.99588931  -0.012051364  0.0029258972  0.010075028  0.0073085491  -0.0068662637  0.0054460074  -0.0027552262  0.0015071282  
0.0075569282  0.0076028080  -0.012267957  0.99587772  0.064157026  -0.028953627  0.0028803245  -0.018385174  -0.014101825  0.013426825  -0.016310311  
-0.0023975111  0.0033338078  0.0035558533  -0.064814021  0.99631817  -0.013991796  -0.0055799660  -0.0043278852  -0.010581641  -0.010755800  -0.015665404  
0.0055345871  0.00030466429  0.010579523  0.027959266  0.015727499  0.99353872  0.016219686  -0.080237917  0.018015834  -0.016846690  0.026087136  
-0.0019740974  -0.0027580361  0.0069802469  -0.0032680770  0.0052115694  -0.013105287  0.99814024  0.033601421  -0.0062573916  0.00037703123  -0.012811870  
0.00040133439  0.0072657698  -0.0063747148  0.020022939  0.0080595888  0.079357097  -0.031469455  0.98879526  -0.045554185  0.016148696  0.091820216  
-0.0020752450  0.0055806230  -0.0044579170  -0.012798212  -0.013853112  0.015522075  -0.0051960394  -0.038860196  -0.98738459  -0.12630253  -0.061694085  
0.00054774845  0.0018877682  -0.0029850612  -0.015746418  0.0080437482  0.018580518  -0.00068798625  -0.020128631  -0.12356447  0.98987675  -0.026163346  
0.0054634116  0.0034265521  0.00096864375  0.011802845  0.014713463  -0.032867860  0.015113114  -0.091162217  -0.061284608  0.016634913  0.99072056  
