0.99794809  -0.0029362709  -0.00052182536  -0.0046362914  -0.010569370  -0.0063137606  0.00029982568  -0.0058711156  -0.0010131137  -0.0050176524  -0.0054039875  
-0.0020896601  -0.99773113  0.0063324251  0.013912951  0.00079616956  -0.0015126690  0.0033798125  -0.0064498950  -0.0024581848  -0.00015671481  0.00027380194  
-0.00025011100  0.0099475952  0.67422768  0.16807820  0.031782736  0.040294908  0.62371466  -0.11278348  -0.16226062  0.15886191  -0.055119456  
-0.0091430784  0.012024150  -0.20057015  0.93232457  -0.026512953  -0.26661475  -0.0070918924  -0.0079729812  0.047917928  0.068452871  -0.0084979259  
-0.0033492311  0.00028453231  0.020629586  0.14935496  -0.79948358  0.53509606  -0.022879353  0.11062284  -0.078475875  -0.13341741  0.026420409  
0.0098568697  0.0020719173  0.037083563  0.23640611  0.55058865  0.77302216  -0.17662029  -0.021264126  0.060332764  0.025077487  -0.020707485  
0.0021565040  -0.00028105504  0.60427656  0.060790084  -0.037648006  -0.16688773  -0.63466043  0.37078645  -0.0013599410  0.14653160  -0.031311864  
0.0081152313  -0.0064186989  -0.16840746  -0.041287855  0.049946438  0.055109740  0.34401665  0.82219794  0.29384575  0.25365317  -0.065952485  
4.2632703e-05  -0.00064530797  -0.21258030  -0.028641717  0.0043877676  0.034787901  -0.090559247  0.070190271  -0.74449344  0.46069586  -0.37436021  
-0.0043913977  -3.6076078e-06  0.010041866  0.070134939  0.18991633  -0.062703191  0.089967280  0.37124553  -0.50090534  -0.58236193  0.29485801  
-0.0076426544  0.00038047283  0.050090909  0.015399058  0.025684893  -0.037489802  0.028995095  0.043259604  0.11735598  -0.46465570  -0.86337535  
