0.99783199  -0.00033895868  -0.00084278645  -0.0028046364  -0.0046202220  0.0061909197  0.021725786  -0.00033995956  0.0020908271  0.0054341766  0.0029851640  
0.00027190461  0.99169348  -0.0019712696  -0.0023377494  0.0019493115  -0.0010527053  0.00097282773  0.013824795  0.0074236007  0.010612982  -0.0028993225  
0.0016103541  0.0054508714  -0.74065727  0.010608123  -0.047334586  0.12744235  0.0062758032  -0.066322268  -0.073984197  -0.072246729  -0.0087404303  
-0.010195227  -0.00032653397  0.057182241  -0.17239991  -0.96412670  0.069866687  0.10420134  0.12898814  0.018623859  0.0087303806  0.00018182844  
0.011988090  -0.0029421449  -0.037704512  -0.88635482  0.12388228  -0.025417436  -0.40547702  0.10769879  0.050242256  -0.10503475  0.026896184  
0.018282767  0.0046290840  -0.032939290  0.35491719  -0.19560335  -0.13481014  -0.87730241  -0.18323278  -0.042603008  0.016120266  0.047626828  
-0.0046716378  -0.0057497480  -0.064104922  0.063373565  0.062154497  0.91787638  -0.15069034  0.19218789  0.029152914  0.14140990  -0.019042056  
0.0018515871  -0.0097218823  0.095382497  0.13451832  0.070960842  -0.16075298  -0.12470947  0.86893044  -0.23863906  0.18157136  -0.011527865  
-0.0028983942  0.0036284658  0.031603956  -0.16135469  -0.011653433  0.018338247  0.042854331  -0.28013475  -0.78161875  0.51919001  0.040123775  
0.0047336997  0.011888822  0.081463540  0.058288138  -0.0077116370  0.11333876  0.013643305  0.049967299  -0.55505051  -0.80665372  0.0073519441  
0.0041363326  -0.0017134842  -0.0013164371  -0.015711968  -0.0087146371  -0.021962590  -0.046821967  -0.030274463  -0.034059010  0.0083366345  -0.99398248  
