0.99848789  -0.0017465221  0.0022397546  0.0064934673  -0.021301204  0.0036955892  -0.00088419428  -0.0017788445  0.00083630747  -0.00017610839  0.0031568600  
-0.0024838741  -0.99164742  -0.023038364  -0.013785876  0.00025753826  -0.0036114981  -0.0054305854  -0.0071554452  -0.0044195210  -0.00035260768  -0.0013513664  
0.0028553620  -0.029433334  0.74865896  0.041184792  0.13674975  0.056964114  0.13446524  0.050660529  0.12454856  -0.030474505  0.0037311292  
-0.0059020587  0.0099047958  -0.073695684  -0.81682650  -0.37966211  -0.25575361  0.025964263  0.027606112  0.0027813580  -0.17640776  -0.0098393374  
0.021363315  0.0090424266  -0.13658459  -0.35855617  0.90674858  -0.13892393  -0.014719558  -0.059381407  0.0032948491  -0.012196614  0.0044454463  
-0.0020273570  0.0045886555  -0.078687909  -0.27138457  0.011386824  0.93686644  -0.075465429  -0.15634528  0.018924122  -0.032722121  -0.064592609  
-0.00092663254  0.0040849096  -0.096902725  0.10377600  -0.057652800  -0.13365454  0.13524965  -0.94246601  -0.0070744896  0.055044553  0.0077475532  
0.00032547768  0.0010086274  -0.023261322  0.081619932  -0.0071478381  -0.080316661  -0.95144380  -0.055561547  0.032174977  -0.0011403458  0.0086608024  
-0.0011201535  0.0026273762  -0.085692910  -0.074784640  -0.040065978  -0.024206182  0.019412920  0.022783009  0.86521835  0.47706407  -0.023306350  
-0.00019205548  0.0033739800  -0.076068761  0.15486318  0.035224313  -0.0067663442  0.014857985  -0.042985071  0.47310382  -0.85318499  -0.044879861  
-0.0036811689  0.00096950616  -0.013465220  -0.0074108215  -0.0043386999  0.061251853  0.0038585908  -0.0025718985  0.041569677  -0.030883965  0.96972627  
