0.99774753  0.00027858966  -1.9530657e-05  0.010369361  0.0015541560  -0.0059197499  0.0027752974  0.013149371  0.0052481713  -0.0076928554  0.0013368854  
-0.00027680098  0.99760662  -0.0016818390  0.0028586538  0.0080222375  0.00069551142  0.0084942924  0.0052764196  -0.0052319529  0.0079607929  -0.0010576739  
-0.0016840458  0.0061514666  0.74974354  0.025786040  -0.51851539  0.0048960051  0.0018272036  -0.013543401  -0.0011446258  -0.0035688443  0.00016549389  
-0.0089575999  -0.0033749420  0.032979866  0.98568860  0.074821728  -0.0017135681  -0.0071081069  -0.0055224495  -0.0041779019  0.0041683488  -0.00020932354  
-0.00056007544  0.0056727399  -0.52296883  0.078241487  -0.82471070  0.035941254  0.014514207  0.054744978  -0.017645913  -0.020480263  0.0033371053  
0.0098564646  -0.0031995344  -0.0069936548  0.00099328649  0.010121501  0.68098340  0.51967100  -0.50157519  -0.019663203  0.096549785  -0.0062173856  
-0.012227694  -0.0086088783  0.032167397  0.0054727716  0.028866744  -0.084318834  0.74770011  0.63754016  0.066968850  -0.11002763  0.0057514908  
0.0049257112  -0.0053939101  -0.023072884  0.0010481131  -0.028417029  -0.62718526  0.36954898  -0.39851592  -0.42086931  0.30187290  -0.021892751  
-0.0021578300  0.0041228247  -0.021107243  0.0022565165  -0.035070304  -0.31049769  0.13138078  -0.27961029  0.83816387  0.14888761  -0.016674236  
0.0044539634  -0.0081803775  0.0047899023  -0.00054465239  -0.0033308767  0.18066708  -0.10116478  0.30565859  0.075109059  0.90173697  -0.0046730204  
-0.0010361538  0.00095908862  0.00048814685  0.00011559151  -0.00040218758  -0.013449162  0.0083999074  -0.018935078  0.0027936511  0.017178804  0.99592342  
