0.99792062  0.00049033369  0.00084389356  -0.0058398303  0.025665393  -0.0036967616  0.012015854  -0.012825926  0.0015245807  0.0027081678  -0.0012075457  
-0.00050065012  0.99112425  -0.0012886117  0.0031425210  -0.0030732799  -0.0049150898  0.011600573  0.00037159626  -1.1172474e-06  -0.0011026761  -0.0030069268  
-0.0020799199  -0.0010489592  -0.72308437  -0.15863629  0.063485317  0.17666147  0.087995980  -0.0053752011  0.013291869  0.032713440  -0.0010878032  
0.0075577690  -0.0020311150  -0.10716811  0.97406065  -0.039287039  0.12269109  -0.022161368  0.025256145  0.0076284007  -0.0045254731  -0.028008310  
-0.021705045  -0.0091853281  0.042566663  0.056292930  0.42962092  -0.018267490  0.89143530  0.0012822633  -0.00010625787  0.0086695088  0.0025315825  
-0.00099263673  0.0068860984  0.15582348  -0.083846052  0.19340507  0.94946933  -0.090039256  -0.0028953248  -0.0016922620  0.0014068703  -0.044612292  
-0.017726681  0.0064290749  0.018858767  0.047642415  0.87515684  -0.20885963  -0.42300216  0.0021669391  -0.0029358308  0.020053612  0.0059770768  
0.012716476  0.00017135031  0.0011978419  -0.026701161  5.4403802e-05  0.00088788948  0.00080613258  0.99717430  0.034906906  -0.0039214245  -0.00030320819  
-0.0020770677  0.0011295403  0.014817550  -0.0042818043  0.0030367248  -0.0030858670  -0.0023708218  -0.034919125  0.99626186  -0.040561028  -0.0063608863  
-0.0021637336  0.0020515541  0.032344407  -0.0054238208  -0.020865962  -0.0036475130  0.0031443416  0.0013521802  0.039484380  0.96239319  -0.14149743  
-0.0015071759  -0.0015560838  -0.0043601728  -0.022743926  0.0017888376  -0.047252511  0.0039825885  -0.0010048788  -0.012504992  -0.14035856  -0.98508373  
