0.99786407  -0.0016295099  -0.0033245196  -0.025584582  0.00094400013  -0.015100480  -0.015903199  -0.0028806160  -0.0076478149  0.012727690  -0.00096626417  
0.0016990002  0.98987201  0.00042357943  0.0016096094  -0.011168503  -0.0025504628  0.0037209416  -0.0037561357  -0.015027880  -0.0023105495  0.0099838858  
-0.0021406523  -0.0078391654  0.55503550  -0.070488131  -0.43800136  -0.029039168  0.051482680  -0.081021940  -0.066241513  -0.00068326670  0.010156196  
-0.024961608  0.0013799325  -0.10669904  -0.96438568  -0.010608118  0.17861726  -0.081295292  -0.069548928  -0.045829072  0.0019087318  -0.0087059052  
-0.013358900  0.00083995394  -0.031595237  -0.20737944  -0.051136216  -0.87608948  0.18684472  0.30068239  0.17559381  0.051837837  -0.13666452  
-0.0015992015  0.0083700658  0.42879825  -0.075350153  0.86767229  -0.048626068  0.046785213  -0.011513923  0.042075418  -0.0089938875  0.055457575  
0.014808468  -0.0069461401  -0.11368782  -0.030435302  0.0073401183  0.084159454  0.92559772  -0.21149633  -0.12419291  -0.20072117  0.096892211  
0.00069557864  0.0056869561  0.027229772  -0.0033535276  -0.055960185  -0.13356597  -0.072462288  -0.66587409  0.69251455  -0.044351419  0.18326921  
-0.014367099  -0.015603150  -0.099498818  0.0069652978  0.029273138  -0.36289027  -0.18068419  -0.35548597  -0.57595334  0.083037180  0.59188677  
0.0091088569  -0.0013658739  0.0027264668  -0.0066641344  -0.0098979969  -0.075091953  -0.18619014  0.10773812  -0.015110824  -0.96618095  0.079347365  
-0.0085721822  0.0010081199  -0.0065210989  0.031522260  0.064141011  -0.15698934  -0.092619258  -0.51075044  -0.33422016  -0.092431970  -0.74146005  
