0.99825411  0.0012389304  0.0014784961  -0.014687922  0.014488935  -0.0047835418  -0.0039348460  0.00067762717  -0.00039539077  -0.00056526423  -0.00031724269  
-0.0012277924  0.99808034  -0.013203301  0.0071165992  0.0047053878  -0.0026792676  -0.0013807099  0.011448509  0.0096029048  -0.0052582977  -0.00065594794  
-0.0022155484  0.014059782  0.97293613  -0.11587817  -0.033494026  0.011331150  0.014568289  0.013296476  0.0024499284  0.013473280  -0.065024457  
0.0058050976  0.0052321424  -0.10855126  -0.70860825  -0.59325260  0.15558880  0.26698174  0.078321701  -0.018520429  -0.16217102  -0.020477453  
-0.016969882  -0.00070982311  -0.045257692  -0.58187717  0.79086968  0.067187096  0.10834794  0.094017074  -0.060362494  -0.021071035  0.0012245668  
0.0020947610  0.0013291712  0.0068761630  0.0027127114  -0.0010500709  0.85647005  -0.50549962  -0.0061391808  0.0032935303  -0.018947408  0.00014715976  
0.0076342887  0.00024630252  0.023570397  0.31032026  0.093924840  0.47615443  0.80586840  -0.064801158  0.087675267  0.021520941  0.024829637  
-0.00077746477  0.014012002  -0.0024824545  -0.13280945  0.0091501622  -0.010011494  -0.0076906000  -0.97220822  -0.15759461  0.071175511  -0.0025234527  
-0.0022600592  -0.0091476808  -0.0031262737  -0.024700071  0.068784388  -0.049742355  -0.059294076  -0.16723686  0.85997060  -0.43159982  -0.15476935  
0.00023202786  -0.0017838714  0.032470871  0.15845601  0.058200333  -0.013105948  0.0076142946  -0.0050123944  -0.44081915  -0.85735264  -0.073026706  
0.00084443202  -0.0018070948  0.061568058  -0.023668204  -0.014035322  -0.020887658  -0.030001036  0.0017791563  0.13591593  -0.018707146  0.79082253  
