0.99833639  0.0028716704  -0.00012723686  -0.0011671366  0.011267487  0.011323384  -0.0049285485  -0.0045672610  0.0055852556  0.0021874359  0.0015017840  
-0.0042771076  0.92868535  -0.31343559  -0.0064359843  -0.0053996738  0.0034256008  0.024683035  -0.063677975  -0.052149816  0.00092355790  0.00070903778  
-0.0032514955  -0.30693615  -0.59841978  -0.11119865  -0.020747526  0.047598164  0.16642858  -0.39475900  -0.31035389  -0.010626799  -0.0079002325  
-0.0025511831  0.029686404  0.078724108  -0.93110669  -0.12065343  0.27608809  -0.0084694265  -0.010824076  0.069141245  -0.066088623  -0.10121599  
-0.015217194  0.0038001719  0.0030713704  0.12728730  0.67731290  0.72097604  0.033397436  -0.0035582122  0.023512027  0.0016475468  0.0062571245  
0.0013252847  -0.0035581643  -0.0084554154  0.27955327  -0.72197101  0.62662876  0.023812441  0.014486780  0.050448486  0.0041820581  0.017241986  
-0.0071612450  0.048345915  0.23584277  0.029922631  -0.0047995229  0.028555641  -0.70995653  -0.64756459  -0.057403901  0.048312907  0.065508921  
0.00038768522  0.077503440  0.36088573  0.046832577  -0.0056136827  -0.044048716  0.66973776  -0.59543657  0.11988913  0.021074373  -0.0034805118  
-0.0049717920  -0.057292335  -0.31561298  0.0070758440  0.023924672  -0.049266994  -0.068954303  -0.13083809  0.91011927  0.040522842  -0.018777488  
-0.0015039095  0.0056112925  0.0037925883  -0.053128208  -0.0040558150  0.0041058366  0.039513125  -0.014139085  0.032495477  -0.49848064  0.77810501  
-0.0041482832  0.0018183317  0.0042270879  -0.086731781  -0.011915155  0.021715364  0.051588280  0.013667034  -0.028435449  0.78429689  0.23551843  
