0.98984880  -0.0010536320  0.010142037  -0.049010204  -0.023973108  -0.016441524  0.0046903239  0.0096563423  0.00064770559  0.0059378023  -0.00019461860  
0.00063274218  0.98524397  -0.066261345  0.014691888  -0.033432250  -0.021462909  -0.0097173684  0.025415405  0.0083650213  0.022351474  0.023245439  
-0.0095580773  0.076785836  0.87389095  -0.20704353  0.18470140  0.076553701  -0.068616862  -0.17348094  0.0072808893  -0.067848456  0.040328556  
0.033485049  0.018033620  -0.12914772  0.26434282  0.92809118  0.076370707  0.030128461  0.020796538  -0.12165162  0.014961874  0.081937881  
0.040573035  -0.010010702  0.24609970  0.88248824  -0.18793218  -0.28739826  -0.10320709  -0.058377844  0.0056553236  0.010367759  0.019994790  
-0.024721287  -0.011723477  -0.010425653  -0.25746094  0.16594683  -0.93000519  0.057774300  -0.025700591  0.11902607  0.032852906  -0.037443959  
-0.011863207  -0.015148251  0.12479806  -0.056221102  -0.048362700  -0.10495711  -0.19796094  0.77482584  -0.50934344  -0.081241335  0.18250795  
0.0062782611  0.017952677  -0.15037611  -0.047528503  -0.043621780  -0.090291209  -0.26162250  -0.49093556  -0.60448492  -0.50611087  -0.066626806  
0.0046386662  -0.0087606701  -0.047325813  -0.046094680  0.092587446  0.028237585  -0.86836397  0.081389943  0.39228746  -0.077748713  -0.12329702  
0.00032257899  0.022167432  0.076020527  0.029547942  0.048694857  0.023106345  0.044936700  0.12930605  -0.19522014  0.17088541  -0.91823668  
-0.0055344527  -0.017867171  -0.0078384631  -0.058324995  -0.047178148  -0.019965678  -0.25551890  -0.24415263  -0.35064827  0.77799232  0.15963333  
