0.99766750  0.00091929376  -0.0018286130  0.018508814  -0.0084218869  0.0059659236  0.0070545941  0.0093336799  -0.0051850148  -0.0057758888  0.011969672  
-0.00066112027  0.99703682  0.028365673  -0.0013506636  0.0058451213  -0.0013381618  0.013790666  0.0087037998  0.0049833869  0.0016214518  -0.0016245068  
-0.00063320461  0.027673859  -0.95044627  0.014394019  -0.0028236501  -0.010148406  0.036954314  0.012969558  -0.066187120  0.10702680  -0.057022520  
0.018654531  -0.00099418759  -0.020785535  -0.98614473  0.078824177  0.10260267  0.012700980  -0.024810376  -0.028795072  -0.051268650  -0.023628508  
0.0035073939  -0.0021702436  0.0063898575  -0.12678187  -0.37225353  -0.88890680  0.11572156  -0.057562950  0.16392089  0.064917143  -0.018079334  
-0.0071617929  -0.0092502331  -0.012982118  0.011140797  -0.39505343  0.26989048  0.85727178  0.012038466  0.014028334  -0.096871459  0.028513419  
-0.0014067386  -0.016514120  0.017123326  0.026465498  0.77494084  -0.26618213  0.43802344  0.32863757  0.087676269  0.065652080  -0.029796621  
0.010988478  -0.0014223190  0.0049455095  -0.00077010890  0.12453045  0.15115890  0.064700539  -0.54388734  0.63295388  0.46608905  -0.13029395  
5.6109805e-05  -0.0039491426  -0.039451592  -0.022019207  -0.20303958  0.13492513  -0.15830549  0.63528744  0.61545587  -0.12413089  -0.30478284  
-0.0023463831  -0.0041850244  0.088286241  -0.065406888  -0.16585804  0.070998657  -0.023950292  0.39757498  -0.14176093  0.79178252  0.34344586  
-0.0039658007  0.0016051222  0.015082513  -0.0015667526  -0.0065447109  0.0032283611  0.011538616  -0.021712055  -0.067379394  0.093306611  0.091687817  
