0.99857015  0.0016767448  -0.00026985538  0.012372592  0.00012610661  -0.00086789330  -0.011701950  -0.0046876669  0.0040527096  -0.0030830342  0.00057281074  
-0.0016564809  0.99823244  0.016019896  0.0048276757  0.010220918  0.0016718131  -0.0042634287  0.00097361363  -0.0095108353  0.0020585911  0.00052829378  
0.00075864513  0.016495862  -0.99419399  -0.0055352754  -0.038456783  -0.0032441495  0.0082823198  0.019088972  0.0034947410  -0.032705784  -0.0065811449  
-0.012860145  -0.0050183021  -0.0063714856  0.99523318  0.016385174  -0.041976646  -0.032502041  0.022061662  -0.0011242018  0.013579592  0.0020071789  
0.00026920139  -0.0074519613  -0.037082701  -0.040077172  0.80102854  -0.55504309  -0.059773884  -0.070780999  -0.028996059  0.17229302  0.018408568  
-0.0010173841  -0.0068455901  -0.028160524  0.024843700  0.55274162  0.82619074  -0.013563359  -0.032528235  0.013160232  0.072070820  0.010482103  
0.011263932  0.0034711831  0.0076726343  0.030371969  0.070291640  -0.026554052  0.99340855  0.024276134  0.0096566782  -0.040003809  -0.030013808  
0.0065081871  -0.0024804564  0.013267487  -0.024899912  0.059830575  -0.0074906735  -0.022546788  0.98595968  -0.078687228  0.089736382  0.033044181  
-0.0040409305  0.0090507757  0.0047277100  -0.0024743664  0.027232286  -0.029009432  -0.015241665  0.079639887  0.99385574  -0.024749002  -0.0034329448  
0.0027601796  0.00092053637  -0.025688351  -0.0054942007  -0.18509832  0.036832371  0.053853970  -0.071979640  0.036915870  0.97322943  -0.045918336  
-0.00044886636  4.5947927e-05  -0.0068672925  -1.6050967e-05  -0.029145075  0.0027790992  0.034368534  -0.033143080  0.0088077458  0.036381807  0.99590886  
