0.99800658  -0.00070629668  -0.0012527127  -0.00028193920  0.017415105  -0.0061652828  0.0075214282  0.015568699  0.011026546  -0.00012339811  0.0013636796  
0.00060034070  0.99753693  0.0011240050  -0.0076017579  0.018783233  0.012679361  -0.0030388655  -0.00022217423  -0.013408262  -0.015831901  -0.00074999618  
-0.0017386741  0.00072953136  0.74738347  0.54335610  0.066042530  0.034569049  0.17979157  0.035651146  -0.057604082  -0.029438506  0.011498470  
-0.0028923369  -0.0027952470  -0.53605467  0.71840490  0.32922667  0.24485356  0.022134121  -0.058299256  0.060532213  -0.026947458  -0.0034839327  
0.015821626  0.0087987396  -0.097392032  0.12629296  -0.81365765  0.51942112  0.16977360  0.0090498805  -0.072548968  -0.023150539  0.00021557631  
-0.0010972673  0.021538675  -0.16493729  0.34232024  -0.44419931  -0.79421553  -0.027589264  0.077907460  0.081307442  -0.032524367  -0.0013794843  
0.010306158  -0.014518667  -0.046089069  0.070232174  0.011479614  -0.032519052  -0.34211973  0.16155412  -0.89419974  -0.11813982  -0.0021630362  
-0.017926071  0.00016327574  -0.038594100  -0.019318918  0.058508078  0.077640750  0.050122703  0.97598786  0.14939496  0.0020512386  -0.0013485884  
0.0057511568  0.0046536182  0.14262859  0.12719496  -0.11723625  0.14042584  -0.87209956  0.00023232292  0.27393655  0.13744617  0.00062344835  
-3.3390365e-05  -0.013717832  0.028297303  -0.040943863  0.0031523175  0.030423323  -0.095707998  -0.019562586  0.15153040  -0.97615010  4.5646367e-06  
-0.0015419911  0.0010934312  -0.011817629  -0.0042463322  0.00039624842  -0.00011752653  -0.0031194525  0.015643228  0.0018632191  0.00015059040  0.98021713  
