0.99804675  0.0022234594  0.00059063526  0.0022340274  0.0018417709  -0.0013918481  -0.017427297  0.0047244507  0.0089436414  -0.0097013901  -0.010304383  
-0.0019394280  0.99023842  -0.0076254044  -0.0042279492  0.0062769335  0.0057280946  0.0027488766  0.016100743  -0.0012518390  0.0071408157  0.00037587536  
0.0019010885  0.0018502115  -0.74757444  -0.00078687968  -0.091173741  -0.020040660  0.0027717707  -0.13366489  0.041273478  0.010630774  -0.0032840035  
-0.0026330877  0.0039228924  0.00076556181  0.97939584  0.00083492595  0.00058040512  0.032890025  0.038054710  0.025084961  -0.049159042  0.00018538128  
0.00054837530  -0.00037057320  -0.17698559  -0.00097826021  -0.91493162  -0.068813559  -0.011723356  0.16214706  -0.014251467  0.021697664  0.0014054883  
-0.0017879457  0.0070255276  0.023224700  -0.011042863  0.056812622  -0.96834263  0.081815507  -0.023138057  -0.027283139  -0.21090284  0.0060744754  
-0.0026841095  -0.017068056  -0.17175611  -0.037101288  0.18534294  0.017989349  0.051613854  0.92958850  -0.22481519  -0.10444388  -0.0083802055  
-0.016091250  -0.00025912079  0.00074101140  -0.048244928  0.0053217356  0.058456852  -0.070248043  0.16703700  0.86332673  -0.39441020  -0.011842300  
0.010453908  0.0030312851  0.018219652  -0.040102789  -0.060032101  0.17222296  0.82433026  -0.12371996  -0.17922641  -0.41901074  0.0037006658  
-0.010241279  0.0079782133  -0.0011323827  -0.0067395194  -0.041967616  0.13472502  -0.47870953  -0.13778023  -0.33617891  -0.76828782  -0.043984813  
-0.0093535084  -0.00020624533  0.0044514051  0.0020236631  -0.00090019058  -0.011909682  0.027167217  -0.0035779079  0.0072694869  0.036170985  -0.99665606  
