0.99472352  0.00046529121  -0.0032792061  -0.0052641064  -0.037477693  -0.013289151  -0.0060877744  0.029683727  -0.014701124  -0.011029873  0.0031029953  
-0.00047930706  0.99412467  -0.021856652  0.012997411  -0.0010191651  -0.0072994848  0.024653881  -0.0044054599  -0.012392029  -0.011036294  0.0021921942  
0.0015766945  0.017207813  0.92739185  0.18178783  -0.056438256  -0.019160071  0.0096165717  0.014938901  -0.036983031  -0.022239425  -0.061648889  
0.027713441  0.015330188  0.14595561  -0.62192467  0.32054398  0.63894147  0.048767743  -0.23407036  0.038698090  0.038411853  -0.0041593387  
-0.034373547  0.0038728743  -0.0068652237  -0.25376842  -0.93116262  0.22803135  -0.033018741  -0.0017372499  -0.061815739  -0.016461150  -0.0066211253  
-0.011156304  0.0029504029  0.10731303  -0.67921699  0.015081263  -0.70837718  0.021401688  -0.042639110  -0.054689516  -0.053082422  0.025345920  
2.1225427e-05  0.029346085  0.024657063  -0.045384434  0.020363318  -0.012869507  -0.93298431  0.013275767  0.30448335  0.11887026  -0.025394408  
-0.027100105  0.0065682321  0.019916774  -0.18079075  0.092147501  0.13526137  -0.025636227  0.95202325  -0.12205816  -0.045671469  -0.015546431  
0.010570758  0.0092310451  0.043449596  -0.028947413  -0.060717299  -0.064209019  0.25372893  0.12002421  0.38851131  0.81505507  0.012178337  
0.0029532519  8.0929437e-05  0.024889846  -0.019358581  -0.049410481  -0.0028594331  0.20587863  0.089288991  0.79396211  -0.51792652  0.0017233087  
-0.0037887972  -0.00039209093  0.060252766  0.022378758  -0.0063515491  0.020063302  -0.026138147  0.0063049236  0.0063179885  0.0011645316  0.97990564  
