0.99726533  -0.00076235097  0.00062242989  0.0099561185  0.022602662  0.010295712  0.017735685  -0.022465629  -0.0073395927  -0.0051092835  0.00019871594  
-0.0012016727  -0.98882095  0.049438769  0.0046134021  -0.0055491830  -0.023583846  0.017429812  0.00063784438  -0.0025350591  0.0013370186  -0.0020613444  
-0.00011660371  -0.047321954  -0.70331965  0.035413190  0.071859498  -0.090658402  0.057987680  -0.012238791  0.076048843  -0.010934566  0.041684456  
-0.0092890019  0.0071170635  0.029726427  0.99410613  -0.0029149515  -0.014511214  -0.0023437177  0.0062953281  -0.0069397955  -0.0062966990  -0.018429390  
-0.029610729  -0.0041177859  0.089560758  0.0077408487  0.71502915  0.50889023  0.46032779  -0.0054757864  -0.0037008231  0.0015270240  -0.019505216  
0.0070396471  -0.020151556  0.054623561  0.011810409  -0.51823246  0.80264860  -0.12160504  0.047994537  -0.0046361757  0.016143049  -0.062272794  
-0.0046211235  0.022970205  0.019938331  -0.0024585070  -0.45467360  -0.15167576  0.87232554  -0.049598703  0.0081718378  0.012921806  0.0019854659  
0.020468680  0.0022989366  -0.011740280  -0.0065476535  0.0045671191  -0.041044078  0.054494303  0.97871056  -0.061103822  -0.16124591  0.016285695  
-0.0081003737  -0.0027188575  -0.071853289  -0.0042218506  -0.0043231843  -0.0030371682  0.0063793390  -0.078326344  -0.97636493  -0.061728852  0.0091789846  
-0.0041937994  0.00079523577  0.022515732  -0.0039008565  -0.019538244  0.022641117  -0.0023746556  -0.15603874  0.11793526  -0.89917590  0.047568769  
-8.8720355e-05  0.0093310267  -0.028860793  -0.046457203  0.012817551  -0.048658770  0.00045202341  0.0067192592  -0.0077132690  -0.041469428  -0.76900859  
