0.99774582  -0.0020299081  0.0021129663  0.0096865024  -0.00033416597  0.0050788366  -0.012040949  0.0014989844  -0.0042619415  -0.0095532923  0.0036234383  
0.0018921415  0.99743143  -0.018198807  0.00062588268  0.0096917905  -0.0014366385  -0.0054224676  0.010689471  0.0074009265  -0.0011000504  0.0011837056  
-0.0026618598  0.018001873  0.98396891  -0.0014826546  0.0024081973  -0.017529931  0.011940842  0.0038132179  -0.0026440055  -0.0040834315  0.024005608  
0.0083733637  0.0013985723  0.00097664722  -0.99065286  -0.0057298675  0.061675478  -0.047687416  -0.067006075  -0.029026750  -0.048571138  -0.021115434  
0.0015416328  -0.0099374056  -0.0023208903  -0.010953648  0.98598469  -0.072980221  0.076723301  -0.046390265  0.065310782  -0.031842280  0.011418634  
-0.0076629655  0.00021827863  0.018873045  0.075869030  0.071217825  0.97078882  -0.12033212  -0.043979477  0.039661711  -0.14262171  -0.045280359  
0.0094823565  0.0056294086  -0.011140620  -0.028592493  -0.096752182  0.092886759  0.91511140  -0.21263842  0.26910674  -0.086341266  0.072022538  
0.0021270090  0.0060371947  0.0077303720  0.028562137  -0.023250410  0.0079591002  -0.21843100  -0.77330409  0.23821166  0.49841137  0.18668677  
-0.0031778477  0.010331760  0.0052875547  0.076367915  -0.0041047706  -0.076545213  0.049984416  -0.55262489  -0.63819923  -0.44123670  -0.25133035  
-0.0071341208  0.0017846112  -0.027651945  -0.0082794265  0.028834443  0.062338421  0.034716586  0.041359934  -0.36266661  -0.058223778  0.89282945  
-0.0057439414  -0.0051104252  -0.00045198120  0.027894516  -0.058746320  -0.15423311  -0.27277810  -0.15734827  0.55666466  -0.69869531  0.20350629  
