0.99938595  -0.0014133388  0.00086710318  -0.0033742177  -0.0010309810  0.0042300769  -0.0022980709  -0.0025313541  0.0073478550  0.0048907937  0.0031612481  
0.0013706443  0.99935177  -0.0028270617  -0.0017514165  0.00083392890  0.0033175234  0.0029751019  0.0075126447  -0.0015872698  0.0022997833  0.00040571161  
-0.00093333368  0.0029475756  0.98699485  0.040114728  0.025006121  -0.0015131180  -0.0031499227  -0.0035592719  -8.9766709e-05  0.0021979753  -0.0027556069  
0.0032969356  0.0013507569  -0.039544174  0.99574403  -0.047796264  -0.0084484735  -0.030343681  0.041665655  -0.0057490539  0.0034044697  0.00053808561  
0.0012450072  -0.00087078877  -0.026714496  0.046803243  0.99723193  0.027263429  -0.0077555490  0.0064032918  0.0044087920  -0.018441419  -0.0028235127  
-0.0040085874  -0.0033830961  0.0013428779  0.0073563137  -0.026035775  0.99498800  0.0093372475  -0.0028906979  -0.015575093  0.079162931  0.010484418  
0.0022554359  -0.0023021685  0.00045594870  0.034248276  0.0084919882  -0.015039026  0.98912554  -0.10354435  -0.034751026  0.061777100  -0.00088988575  
-0.0028252589  0.0074836725  -0.0062298794  0.036992181  0.0063689824  -0.012731116  -0.11357746  -0.98154856  -0.024494216  0.13044918  0.0091985622  
-0.0082299283  0.00028590343  -0.0010166412  0.0030978137  0.0039196481  -0.018631558  0.010049626  0.030181036  0.91138471  0.39700001  0.093253065  
-0.00030851146  0.0035218262  0.00080366677  0.011975128  -0.019940126  0.075972740  0.053169725  -0.13068160  0.40373320  -0.83528634  -0.33348613  
-0.0022955739  0.00076584358  0.0030652994  0.0032556643  -0.0041498860  0.017797566  0.019895935  -0.039799875  0.053553600  -0.33886171  0.93703033  
