0.99778201  -0.0012346689  0.0011271525  0.029715874  -0.0012799169  -0.010210697  -0.0059784331  -0.017365339  0.0024023239  0.0061509131  0.0049933721  
0.0011243811  0.99786811  0.0022666621  0.0032026382  0.014971243  0.0017193498  -0.0063987668  0.0048582811  0.0075821770  0.0021779388  -0.0050601134  
-0.00026094763  -0.0025630860  0.97302097  -0.0044740726  0.0073193889  -0.0076057016  -0.055136782  0.026181089  0.0096721041  0.00029410099  -0.0074008637  
-0.030851180  -0.0030254998  0.0030106745  0.99444952  -0.0033571296  -0.0034488061  -0.043059565  -0.029795715  -0.019181798  -0.010051018  0.013491129  
0.00040785814  -0.015583523  -0.0050474586  0.0028858134  0.99448144  0.0062193461  -0.0045972697  -0.026738553  -0.0030438375  0.021902014  -0.031516608  
0.0037772195  0.00060005244  0.0046306921  -0.015265035  -0.0040589934  0.92596316  -0.17227759  -0.19893503  -0.12066719  -0.015485012  0.22088328  
-0.0071853625  0.0032724569  -0.0065991869  -0.025949994  -0.028963783  -0.10446411  -0.26812285  -0.28219545  -0.74437031  0.21359742  -0.45977737  
-0.016195356  0.0051243218  0.022211168  -0.024651932  -0.0092724611  -0.22225116  0.069542301  -0.88313871  0.19712973  -0.15173834  0.21841667  
0.0051164838  0.0057527709  0.056886861  0.035066852  -0.0099771920  0.17643507  0.90692799  -0.11737934  -0.19866078  0.11340618  -0.17325734  
0.0085600413  0.00079887603  -0.00055096218  -0.0043066354  0.010203948  0.066094678  0.015970094  0.031715674  -0.091695989  -0.92968944  -0.33966827  
0.0027522969  -0.0088376076  -0.0097917739  0.011097661  -0.035827087  0.19560955  -0.12896181  -0.18547555  0.56688694  0.20934133  -0.70660317  
