0.99852836  0.0020320792  0.00039418625  -0.016489637  0.00070308305  0.0021502429  0.0088818732  -0.010590950  -0.0045880365  -0.012610178  0.00020611336  
-0.0019608687  0.99837264  -0.00067978819  -0.00082063078  -0.0087685993  0.0035129192  0.0032192592  -0.0084548792  -0.0068853090  0.012243240  -0.00045101559  
0.00048995668  0.0014207733  0.97447261  0.017096782  -0.021464424  -0.027642287  0.011138769  0.051330462  0.057071786  -0.00022356851  -0.0044646016  
0.0070089191  0.0075507736  0.017039810  0.48448929  0.81086591  0.27485682  0.016777518  0.10365713  -0.088396758  -0.032772644  -0.0063274826  
-0.016550127  0.0044876738  0.031532628  -0.79276348  0.47908587  0.11037097  -0.099790150  -0.23996207  0.16754950  -0.14610425  0.014375028  
-0.0034297058  -0.0046350036  0.020743367  0.0038066170  -0.31076284  0.93608906  -0.048566961  -0.061202126  0.055444707  -0.11516141  0.0053662418  
0.0060488730  -0.0031647059  0.0097466680  -0.29582863  0.027207307  0.11511317  -0.31999995  0.55803761  -0.51380143  0.39041610  -0.043383947  
-0.0099676146  -0.0075180286  0.0088317597  -0.17705202  0.034071852  0.10181072  0.91819420  0.0029331811  -0.22444940  0.21558107  0.014716387  
0.0088353581  0.0093102807  -0.074709342  -0.064640294  0.024416554  0.025905750  0.14141536  0.65290357  0.72784978  0.071144279  0.0039369318  
0.0099312251  -0.011354113  0.0072411465  0.072806217  0.049174915  0.072504263  -0.12387843  -0.37508610  0.28041001  0.86297706  0.020280601  
-0.00063300201  -0.00066415329  -0.0040021249  -0.0028166367  0.00033212216  0.0030630789  0.023215109  -0.034463069  0.030795824  0.0014124509  -0.99610597  
