0.99872417  0.0039895734  0.00066350325  0.0014472173  0.015123771  0.0043976850  0.00075048929  -0.0086933677  0.0015397690  0.00038560198  0.00059106321  
-0.0049613971  0.99193943  -0.014951364  -0.018001740  -0.0058746702  0.0067565511  -0.0098966995  -0.0066231541  0.0075603361  -0.0010351024  -0.00011825133  
0.0082171287  0.018378621  0.75429170  0.082209664  0.0011856099  -0.026318918  0.14410181  0.033671724  0.16712329  -0.011947955  -0.015639820  
-0.0032822372  -0.018586826  -0.053793933  -0.94717968  0.035800443  0.014195158  -0.078966151  -0.11763765  0.021273343  0.12174898  0.021666931  
0.016234835  -0.0056895188  -0.010983659  -0.025615067  -0.98633822  -0.053408399  -0.070423925  0.083673240  -0.0046972086  0.059380696  0.0035755292  
-0.0059366996  -0.0034318788  -0.036107965  0.064859731  -0.074037348  0.87534009  0.25993109  -0.27967803  0.070461864  0.25187340  -0.040318588  
-0.0025881194  -0.0053295447  -0.11082314  0.18358607  -0.043574915  -0.17090627  -0.33038430  -0.85599090  0.030677160  -0.11349107  -0.0054793526  
0.0039545941  -0.0044083816  -0.027769591  0.10011181  0.078005306  0.33799383  -0.83486279  0.33504043  -0.017719620  0.044734088  0.0027230871  
-0.00066011834  -0.0057508690  -0.18541163  0.0054630205  7.5331173e-06  -0.034660296  -0.012115626  0.078044016  0.96743811  -0.090425601  -0.041693109  
-0.0019868024  -0.0052133771  0.035811139  -0.12943871  -0.077714864  0.27253961  0.044061420  0.018935473  -0.065956708  -0.85607747  0.0026397708  
0.0010583676  -0.0012855465  0.0013875022  -0.0094794289  0.0017733332  -0.033161685  -0.015902205  0.011404955  -0.049939581  -0.0049213039  -0.94037735  
