0.99941323  -0.00059330485  0.0027256846  -0.0062311027  0.0040874076  0.0058412074  0.0014254891  -0.00014377288  -0.0021372998  0.0074737432  0.0064117337  
-0.00057539933  -0.99341978  0.0083934507  -0.00030911129  0.0020748273  -0.0017829927  -0.0019700235  -0.00056688768  -0.011720664  -0.0010352473  -0.0019734887  
0.00098594691  -0.010932733  -0.77506870  -0.061816398  -0.0036889938  -0.0019591495  -0.14401359  -0.082966934  -0.20872749  -0.0039044067  -0.018995518  
0.0036038263  0.0018302944  -0.090053947  -0.96232421  -0.010194890  -0.021394946  -0.0052891229  0.019567036  0.080333733  -0.039458578  -0.084728856  
0.0032877319  -0.0023796820  0.0016131680  0.0049526509  -0.99710250  0.020826909  0.0040333763  -0.0058041956  0.011314175  0.051058234  0.029208701  
0.0027472256  0.0013025314  0.026725101  -0.0051410772  -0.011069528  -0.97190218  -0.066465813  0.11919256  -0.0096879946  0.086337923  0.14583305  
-0.0016485846  -0.0012747766  0.14200512  -0.081335955  -0.0074457337  0.10112460  0.19810084  0.87882252  -0.22546807  -0.029169436  -0.050535881  
0.0012108735  0.0028171922  0.0059136177  0.050491808  -0.0020176506  0.094239889  -0.93369071  0.28358748  0.084484282  0.0038228416  0.0098953806  
-0.0018304248  0.015439275  0.21819863  -0.071474558  -0.011370675  -0.0094161490  -0.13105970  -0.21072523  -0.91436148  -0.0026252988  -0.043314188  
-0.0012894229  0.00032290390  -0.0030845334  0.031451643  0.018281920  -0.036105460  -0.0057484300  -0.0025905322  0.019044137  0.71098299  -0.67244961  
0.0094371915  0.00025130041  -0.0035620045  0.097499487  -0.059483228  -0.17466035  -0.026223177  -0.015387688  0.011271054  -0.53977222  -0.58290117  
