0.99780817  -0.0016223750  -0.0013938751  0.019117359  0.0068220143  0.014604283  0.0068647457  -0.0071994728  0.0016832257  0.0014517849  0.0054787252  
0.0020282359  0.99023202  0.019554216  -0.0050091928  0.013038523  0.0036414816  -0.0016883157  0.011617274  -0.0032506297  0.0058270344  0.0010884737  
-0.0013030320  -0.030703588  0.74259450  0.017416873  -0.10443783  -0.0098753031  0.0025149445  0.00040775611  -0.0046594722  -0.0042379995  -0.046851651  
-0.020622876  0.0048547138  -0.015625336  0.97797060  0.10583888  0.057163749  -0.0077038327  -0.089357121  -0.026202540  -0.077317420  0.00056885017  
-0.0013024427  -0.016814623  -0.11876820  -0.094711973  0.92404691  -0.16798448  0.0059577442  -0.0060292054  0.0066942911  0.011270852  -0.0015812931  
0.0027014161  0.0069553835  -0.0089017516  0.081379077  -0.14678997  -0.87715250  0.42409353  0.049658560  0.10279279  0.048080994  0.0070162976  
0.011923721  -0.00091995196  -0.0029236968  0.035652427  -0.057561342  -0.39576518  -0.87410418  0.22321919  0.063696743  -0.12107579  -0.031834460  
0.0022210564  0.0063522349  -0.0010617464  -0.091895770  -0.014041593  -0.078405518  0.072721946  -0.21022975  -0.39133549  -0.86091897  0.056433908  
-6.2415188e-05  -0.0089626353  -0.0070975913  0.035607963  -0.0027165870  -0.059482901  0.0051656791  0.33339172  -0.87574477  0.31622298  -0.0048714320  
-0.0029719521  0.0072065083  -0.020196950  -0.050396258  -0.042219566  -0.15548129  -0.20905359  -0.86473867  -0.21897140  0.26360416  -0.011278610  
0.0053362757  -0.0012166015  -0.053632041  0.0015245211  -0.0024539582  0.0029704476  -0.0039979763  0.058997372  0.0075089131  -0.043528976  0.10004166  
