0.99060571  0.00037004276  0.0077856691  -0.039220280  -0.030764320  0.028659968  0.0072166255  -0.0073724460  -0.0048823904  -0.0010724797  0.0098861818  
-0.00043723364  0.98245755  -0.038652567  -0.022421528  0.00013344904  0.011681895  -0.0021510370  -0.0078985839  0.0092101021  -0.035061014  0.0080794855  
0.0013382748  0.059529912  0.79440648  0.19272210  0.12498962  0.055087917  0.18764865  0.011566461  0.025991062  0.071447309  -0.015278522  
0.053366314  0.0025203227  -0.22262588  0.50590917  0.80985703  -0.069464393  -0.030052870  -0.068110197  -0.023896427  0.011562524  -0.067291681  
0.00049108275  0.010568552  -0.073788548  0.79111760  -0.48600343  0.31193962  -0.035558766  0.013163886  -0.024565887  -0.018231127  0.017383976  
0.024425039  0.018531576  0.035063005  0.22614563  -0.22948443  -0.91703174  -3.1904278e-06  -0.18366093  -0.014103943  0.016940174  -0.022073834  
-0.0070322857  0.0073754349  -0.19230618  0.00038931236  -0.019714006  -0.018731833  0.86938133  0.11697004  -0.36450386  0.18430293  0.077872377  
-0.016820125  -0.00090208335  -0.014692158  -0.067249815  -0.025508503  0.18072896  0.027137397  -0.93142983  -0.10099131  0.25010286  0.038221271  
0.0035496157  -0.031535789  0.094224310  0.035530752  0.024324018  0.0065339635  0.39843052  -0.11580266  0.80646040  -0.11664988  0.00069872819  
-0.0068464753  -0.029330405  0.029902753  0.011340414  0.028741197  0.0046194089  0.095265488  -0.18187662  -0.19454580  -0.83563085  0.35944285  
0.0036510779  -0.0019949232  -0.0069599588  0.0040012212  -0.059398740  0.016569275  0.048115777  -0.025584176  -0.092067005  -0.084629077  -0.69220484  
