0.99912900  -4.0049539e-05  -0.0037535559  0.0045811453  0.0043067624  -0.0049029670  0.0023539103  0.0027395465  0.0042621736  -0.0015073243  0.0056283424  
-0.00051154677  -0.99855576  -0.0070709466  -0.025287114  -0.0095636108  -0.0098880711  0.0074346070  -0.0074927614  -0.00014885909  0.0018629818  -0.0010141220  
-0.0011810641  0.0076331960  -0.78688664  -0.10504075  -0.071844503  0.059962329  0.16374284  0.019982649  -0.18659752  0.0039347790  -0.011915938  
-0.0047088355  0.0051881790  0.031169273  -0.62069923  0.60281709  0.48895280  0.012060213  -0.030174587  0.031206933  -0.068349409  -0.025077279  
0.0044122688  -0.023599111  -0.0051300524  0.59583295  -0.031897545  0.76691470  0.015019901  0.0069980150  -0.0030891910  -0.17709816  -0.10201330  
-0.0060738821  -0.015204527  -0.12536273  0.48631180  0.78842376  -0.34368883  0.045482802  -0.019128278  -0.014415717  -0.010883590  0.040588558  
-0.0021364840  -0.0065893441  0.14921070  -0.0059144934  0.033358817  0.016801717  0.29545512  0.92895591  -0.082433772  0.078957149  0.057585880  
-0.0042068617  0.010523257  -0.081264876  0.0037291906  -0.051371792  0.0045324278  0.87910345  -0.21954949  0.19777940  0.026006212  0.026147674  
-0.0047558600  -0.0022780802  -0.18622346  0.013675768  -0.011469291  0.017879079  -0.15719593  0.14215783  0.94142537  0.048429377  0.12976897  
-0.0035566031  0.0021214468  0.00082414657  -0.071156848  -0.043715548  -0.17237425  0.040858003  0.079329299  0.052775265  -0.96615938  -0.012998128  
0.0012242707  0.0027160608  -0.0088153599  -0.014659306  0.020380628  -0.087200085  0.013399205  0.064276452  0.12520081  0.084726543  -0.92252031  
