0.99881926  0.0014663808  0.00088328366  -0.016644486  -0.0082471474  0.0090256189  0.0032434303  -0.0049944268  0.0011107284  -0.0043078826  0.0060720024  
-0.0013344346  0.99844457  0.0011727232  0.0085228585  -0.017460008  -0.0053045475  0.0053312918  -0.010927950  0.0049856657  0.0073309976  0.00050857814  
0.00035108663  -0.0071601858  0.90940748  0.16436283  -0.28155482  -0.043630190  0.13285445  0.068817158  -0.015958641  -0.010454062  0.0022473992  
0.017282946  0.0037073368  0.059987231  0.79278753  0.58745565  0.061843194  -0.10284842  -0.042997624  0.014886324  0.0027663225  -0.0028108210  
0.0092897333  -0.015428688  -0.33451714  0.48741903  -0.48555330  -0.38791970  0.49627899  0.10491531  -0.033302075  -0.010789948  0.0076415602  
-0.0074360653  -0.0019178426  -0.10245987  0.16517032  -0.26845600  0.91548704  0.21391710  0.035268905  0.027105728  -0.0045439394  -0.033187102  
-0.0032744167  0.0055621885  0.068418953  -0.26708614  0.48764512  0.010305508  0.81502148  -0.078350682  0.029809951  0.0015499808  -0.0066013077  
0.0050647960  0.014409859  -0.016010870  -0.057084568  0.14952186  0.019724764  -0.0098014229  0.98023731  -0.085932396  -0.0064717881  0.018384829  
0.0020783410  0.0042246443  0.014013195  -0.0058054080  0.023952745  0.036402795  0.016870659  -0.090976500  -0.97670179  0.017220935  -0.044658065  
0.0046128658  -0.0075585301  0.0057838810  0.0052044968  -0.011084391  -0.0028163134  0.0063233748  0.011489810  0.018082018  0.99684121  -0.051254685  
-0.0059366687  -0.00093172540  -0.00065780087  0.0035658057  -0.0026056549  0.034731613  0.010107628  -0.021575398  -0.033502278  0.052495656  0.99397920  
