0.99764446  0.00073982603  -0.00046071879  0.010879788  0.00028615831  0.0020421938  0.019261453  0.011044817  -0.0071873256  -0.011864790  -0.0010111515  
-0.00011513802  0.97348733  -0.16547371  0.0014813013  -0.023154593  -8.1068747e-05  -0.0017867864  -0.0099627645  -0.0016473012  -0.011297560  0.0034189975  
0.0011972393  -0.16802074  -0.76151571  -0.0044730743  0.099351357  0.010654039  0.0069940081  -0.0036325803  -0.012822050  -0.016753104  0.079933657  
-0.011917756  0.0058654753  -0.034214588  0.90775642  0.33235944  0.081881128  0.027368621  -0.091855968  -0.064296578  -0.11112633  -0.013698267  
-0.0024785845  -0.023660051  0.10174629  0.35090412  -0.88017832  -0.068604330  -0.041967135  -0.037783875  0.014514415  -0.042771359  -0.0033537547  
-0.010813335  -0.0012109830  0.012931628  -0.069097231  -0.10168522  0.74926871  0.62462196  -0.048400672  0.026613560  -0.14401736  -0.017775711  
0.014667906  -0.00037179394  0.0085360467  -0.027841057  -0.033395031  0.61506766  -0.70185774  -0.065743697  -0.29909158  0.15780757  0.038534320  
0.011417173  0.0088043858  0.0015915360  0.11285764  0.0027576869  0.049590190  0.14975679  -0.13254968  0.28079386  0.90153791  0.12915241  
0.010608987  -0.0065122026  -0.012468861  -0.031980440  0.030185898  0.11921572  -0.26806933  -0.41742023  0.80840064  -0.25787834  -0.031990392  
0.0076603312  -0.0082002012  -0.018633012  -0.10219294  -0.011710330  -0.15060578  0.11587337  -0.86280967  -0.38628526  -0.014613424  -0.096500697  
0.0020270978  0.00015731284  -0.076135178  0.010959574  -0.0038132152  0.030125538  -0.029764808  0.11255025  0.037257234  0.072948725  -0.67924228  
