0.99711776  -0.00084980275  -0.0015052604  0.0021398501  0.032675154  0.0057469665  -0.00061928780  0.0061077669  -0.0058603511  -0.0046733707  -0.0042096442  
0.00037232482  0.99577814  -0.0036986799  0.00084329509  0.0072606572  -0.0036258476  -0.0020950052  -0.0092772310  -0.016865097  -0.00028223431  0.0071885456  
-0.0015465666  0.0029219300  0.78222182  -0.00075465723  -0.0025111540  -0.017486472  0.51771231  -0.019429752  -0.070164227  -0.051138145  -0.093586842  
-0.0043341502  -0.0015874974  0.018506555  0.99387779  0.059107674  -0.0099660299  -0.030285857  -0.0073525533  -0.018878600  0.015383858  0.0038862233  
-0.033069311  -0.0080765484  -0.0048523970  -0.057080462  0.97846878  -0.055815082  0.0014782458  0.094270629  -0.078734440  -0.11013315  0.038870012  
-0.0076913968  0.0020734805  -0.0068670886  0.0089850001  0.028268521  0.98241309  0.025640975  0.094327489  -0.094467525  -0.079673886  0.050200153  
-0.0015192871  0.0068378800  0.52081349  -0.031772899  -0.00023589745  0.022158804  -0.80150158  0.12430689  0.089432989  0.0061250771  0.0016772273  
0.00070595723  0.0016384590  -0.014720432  0.023361075  -0.13940158  -0.10811970  0.028998655  0.28291956  0.063314534  -0.83648498  0.39316697  
0.00011545278  -0.019675914  0.012419283  -0.021817716  -0.043042759  -0.053211772  -0.13803573  -0.46712829  -0.79583807  -0.069654107  0.28109763  
-0.0021324648  -0.0020626407  0.017528445  0.0021288920  -0.091233150  -0.082526292  0.041340507  0.69727980  -0.51867996  0.20810756  -0.015286661  
-0.0016226154  -0.0027176938  0.13183834  0.0062966598  0.025363858  0.063183938  -0.019948385  -0.39514998  0.062027377  -0.12712704  -0.076913801  
