0.99855165  0.0023316544  -0.00062227468  -0.0091732078  0.0018705661  -0.010040320  0.0019010296  0.0099182881  -0.0079978993  -0.0042160170  0.0083045443  
-0.0021077751  0.99826807  0.0014507587  -0.0036003818  -0.0085982844  -0.0022584287  -0.015308022  -0.0068606108  -0.0057872930  -0.00054339057  -0.011075592  
-0.00065783906  -0.00077913422  0.98201812  0.0012653333  0.015759089  -0.0053594250  -0.0020353747  0.032236093  0.023131377  0.0050273972  0.015418608  
0.0085091876  0.0049811725  -0.00057130785  0.98697248  0.058271629  -0.024017441  0.093235444  0.0049759308  -0.062654126  -0.0057019586  -0.0046031325  
0.0021706476  -0.0079578136  0.015563316  0.058750537  -0.99548083  0.00086516776  0.015442425  -0.016012601  0.012723347  0.0038544287  0.030740143  
0.010775316  -7.3883988e-05  0.0052732628  0.031678138  -0.0029181447  0.98496046  -0.089029880  0.040927484  0.0077239285  -0.048233873  -0.11564009  
-0.0023067281  0.015053383  0.0029288816  -0.095956715  0.0057220941  0.085368343  0.98294862  0.040854187  -0.073646544  -0.015792156  -0.042066918  
0.0075334816  0.0072377910  -0.023156736  0.052992684  0.011488247  -0.016166616  0.071326230  0.082531138  0.98363994  -0.016726667  -0.085121618  
0.010980433  -0.0084799738  0.036024677  0.0029999430  0.010488531  0.012239473  0.032469426  -0.95717257  0.055928849  -0.035736290  -0.24033791  
-0.0061594236  0.0028818287  0.00020951848  -0.0023385156  0.0075055225  -0.0059437116  0.0020837694  -0.045603878  0.015891977  -0.94227551  0.32587697  
0.0014951575  -0.011303740  0.0095410753  -0.015934535  -0.034333882  -0.13380396  -0.043442040  0.22418196  -0.089692581  -0.32040599  -0.88417312  
