0.99813044  -0.0021811013  -0.0031061064  -0.0034661291  -0.010627264  0.0078833752  -0.014571251  -0.012877452  -0.0050583848  -0.0040861099  -0.00038547730  
0.0019557981  0.99788289  0.00096767320  0.015494517  -0.0016543999  -0.0016552793  -0.013009971  0.0055074449  -0.0032510572  -0.00071842034  0.0045618774  
0.0017701411  -0.0022427993  0.88016274  0.12053304  0.050131375  0.35637224  -0.0030052383  0.059390062  0.0086508545  -0.020445559  -0.0046825873  
-0.0095024058  0.014276403  -0.013832559  -0.91930679  -0.020089035  0.35589222  -0.055272351  -0.10121389  -0.057193764  -0.0085518482  0.071762274  
-0.010063192  -0.0020148465  -0.024476319  0.083106733  -0.97494870  0.17318362  0.047162267  0.017149676  0.0069329811  -0.0020778855  -0.0016432678  
-0.0071560401  -0.0030211536  -0.37230979  0.32435498  0.18485645  0.82563741  -0.039635515  -0.039032895  0.095781486  -0.036038281  0.064096574  
0.017609451  0.0032210551  -0.057753547  -0.11923515  0.033181969  0.041756555  0.39124332  0.86109767  0.27513668  0.021397655  0.018925547  
-0.0079940137  -0.012647372  -0.0039654443  -0.013138957  -0.045942912  -0.042472834  -0.90324699  0.32685191  0.25566780  -0.024747260  0.0015934627  
-0.0039724151  -0.0074792886  -0.050022379  0.054782255  0.014885634  0.064005244  -0.13554608  0.35044146  -0.85995894  0.090803391  0.059687086  
-0.0033600023  -0.00073138154  -0.012213563  -0.0058599118  -0.0010150875  -0.025655517  0.018910648  0.048355673  -0.091081910  -0.98175335  -0.078517045  
-0.0017418929  0.0042580102  -0.028486762  -0.036988053  0.011285785  0.070172420  -0.0075483796  0.017545418  -0.030405655  -0.0080032481  -0.75417274  
