0.99854252  -0.00024970533  -0.00039261574  0.00011736731  -0.0013095555  -0.0038780872  -0.0023117171  0.0086124751  0.011346073  -0.0025943603  0.0048218570  
5.3092558e-05  0.99097941  0.0022925513  0.0067395569  -0.00056134355  -0.012494263  0.0018274153  -0.0092846236  0.00098744377  -0.00081717101  0.00086644580  
-0.00034421345  0.00069722414  -0.74369099  0.028442075  0.0053851426  -0.0090328909  -0.025144062  0.030618436  -0.0065563242  0.0026417549  0.00013182170  
0.00040360917  0.0073116968  0.067816459  -0.98428343  0.00085150562  0.081734429  0.0092933378  0.0078658360  -0.0030563967  -0.0059569086  0.0082338862  
-0.0016492352  -0.00020883132  0.0042676825  0.0010667768  -0.99129208  -0.0035915813  0.014293872  0.051680180  0.016096039  -0.0021948663  0.0019152260  
0.0038474480  0.011307751  -0.010783754  0.079413898  0.011381008  0.89802763  0.34804689  0.21037280  -0.094960925  0.044715690  -0.041841502  
0.0099038332  -0.0093524000  -0.015671458  -0.0052019234  -0.031631622  -0.095777911  0.62754005  -0.73547809  -0.19301070  0.076855702  -0.077699726  
0.0033194485  1.3220061e-05  0.0096808068  -0.021793182  0.023914108  -0.34535871  0.35499748  0.54284323  -0.64652761  0.12298335  -0.14565026  
-0.012095987  -0.0013240766  0.00055019275  -0.0078022587  0.038382481  -0.21931613  0.59308502  0.32636170  0.64071261  -0.20452760  0.16861076  
0.00021876438  0.0015501052  0.0025592478  -0.012333263  0.0059408463  -0.041441000  0.0068797161  0.055128002  0.32940866  0.84118101  -0.41255882  
0.0019023721  -0.00011514924  -0.0010311031  -0.0048666945  0.00072915000  0.00087754372  -0.019238348  0.0010151199  0.098253270  -0.46885429  -0.87499685  
