0.99825814  -0.0022376402  -0.00082996044  0.00037364324  0.029225507  0.00080369441  -0.0018930252  0.0080838254  0.0091191697  -0.0086027158  0.0083276798  
0.0021847665  0.99789250  -0.010012446  0.0058816508  0.0050291038  0.019669359  0.020132801  0.0016250134  -0.0041146705  0.0054547958  0.0010321962  
0.00091538509  -0.0032267291  0.83337138  0.069911408  0.037250802  0.28643820  0.30903710  -0.079533267  -0.016143205  0.045509996  -0.00062125313  
-0.0021435692  0.0068144605  0.15537346  0.88981677  0.045521042  -0.23211916  -0.31982900  0.097076196  -0.013886177  0.0099594672  -0.0059376833  
-0.028920145  -0.00051590071  0.025447203  -0.11008965  0.98147643  -0.10838517  -0.066899827  0.023638709  -0.0071159703  0.0064115767  0.0030835443  
0.0069420671  -0.021946587  -0.32584199  0.35003237  0.10801976  -0.0092622097  0.74962657  -0.37341748  -0.092253646  0.11425046  0.0010679506  
0.0031773421  0.013453575  0.20259836  -0.18646300  -0.11100675  -0.84841284  0.26636252  0.23105739  -0.15368077  0.15985244  -0.0033803525  
0.0055980720  0.016221872  0.10661846  -0.094022284  -0.045818093  -0.29393781  -0.30968607  -0.87695726  0.076612211  -0.0049134013  -0.0017428568  
-7.5633619e-05  -0.0010584946  0.0017652915  -0.0067820790  0.00047479338  0.0049105130  0.0047664228  0.047991232  0.72951007  0.67033066  -0.029870092  
0.015195372  -0.0053637215  -0.039921465  -0.040524221  -0.0067183149  0.16092798  -0.21481856  -0.038990872  -0.62292277  0.65416923  -0.069669392  
0.0073621035  0.0011433929  0.0025730820  -0.0012208498  0.0041999108  -0.0095789771  0.016247138  0.0022322481  0.023641452  -0.070567659  -0.99354665  
