0.99902207  -0.00021530532  0.0023004546  0.0093848743  -5.5802393e-05  -0.0071914907  -0.0038613418  -0.0030509792  -0.0077624892  0.0031231376  -0.0050524034  
-0.00031703756  -0.99172034  -0.0084426754  0.0016192883  -0.012025584  -0.00049778761  0.0066461006  0.0065429323  0.00088425419  0.0053346820  -0.0014453772  
0.00036069347  0.0096455473  -0.82755325  -0.015915372  0.098134991  -0.026591914  -0.051443586  0.082639767  0.00083123920  -0.044307138  -0.0059763419  
0.011044895  -0.0011799027  0.0099421053  -0.96760877  -0.018822617  0.22481530  0.0034155577  0.058126976  0.034432629  -0.0060951323  -0.00067173359  
-0.00080330605  0.011131323  0.13231306  0.017663658  -0.91314245  0.0023947306  -0.096445336  0.070918912  -0.023931503  -0.055143733  0.0054542526  
-0.0097400084  -0.00042423022  -0.018588324  -0.21426087  -0.039070462  -0.78630088  0.043827925  -0.32830307  -0.41006759  0.19589794  0.069457325  
-0.0038278084  0.0012860719  -0.066906745  0.050196107  -0.078988673  0.41042578  0.30123080  -0.73468592  0.016329403  0.41265132  -0.010291606  
-0.0058802143  -0.0099480385  0.071482004  0.0027672993  0.10850606  0.12461831  -0.92551564  -0.30847521  -0.079308166  0.023574657  0.049601384  
-0.0039836316  0.0018360967  -0.0059041418  0.079655901  0.017304950  0.35600731  0.039060236  0.28757766  -0.75440932  0.16005258  0.20095381  
-0.0011244310  0.0063275676  0.0082206249  0.0037843319  -0.0080703311  -0.094207772  -0.12987498  0.37192760  0.28984434  0.84089832  0.18334484  
0.0071353337  -0.00080323299  -0.013406042  -0.0010609185  -0.0040561463  -0.0015024606  0.066934776  -0.10450032  0.14997009  -0.21168926  0.94756396  
