0.99709881  -0.0010345581  0.0032970912  0.010466279  -0.0020178223  0.012478034  0.0023202552  -0.018898859  0.0066492656  -8.5287228e-05  0.0085970579  
0.0010795351  0.99668762  -0.0032390332  -0.0026817655  0.015243761  0.012966545  -0.019129795  0.0059992085  0.0018966302  -0.0044285237  -0.0010747047  
0.0015282756  0.0038275947  0.89479006  0.0012744339  -0.052163500  0.019241808  -0.016597808  0.0043383599  -0.00055337328  0.0072843704  -0.0066318819  
-0.00069414675  0.016178757  -0.068386987  -0.00032015691  -0.98569704  -0.094364109  0.0054735078  -0.012323294  0.0089581909  -0.014175777  0.00039279929  
0.010965145  -0.0036932635  0.0023005663  -0.99436614  0.0015254756  -0.012688033  -0.060776130  -0.019728362  0.0087535736  -0.023064270  0.00098284065  
-0.0049675736  -0.012676126  -0.031057902  -0.012093751  -0.091682972  0.85340225  -0.19494048  0.17944581  -0.15538555  0.39460274  -0.0041650445  
-0.0024683094  0.0092285421  0.012709257  -0.054287078  -0.021404340  0.28148249  0.82766977  0.27051611  0.33065048  -0.18490054  -0.0035074081  
-0.022675389  0.0034174165  0.00072178978  0.012337461  -0.013264459  0.29172028  0.10578612  -0.91968293  0.19952742  -0.091287250  0.031207415  
0.0019288834  0.011479701  0.0086131685  -0.031820847  -0.0013455457  -0.037103260  0.41708041  -0.15927812  -0.88078964  0.016369953  -0.0038249526  
0.0010440720  0.012153111  0.0071878518  -0.029739580  0.019658548  -0.29317910  0.26256984  -0.11447850  0.17312527  0.88876961  -0.0025687083  
-0.0075848659  0.0010447730  0.0049070719  0.00022006961  0.019610661  0.0050337009  -0.00072147497  0.025346230  -0.0084807726  0.0036905792  0.94029165  
