0.99875426  0.0034847254  -0.0011292496  0.0023251680  -0.0060741592  0.0061372340  0.0016462549  0.011968060  -0.00056656723  0.0020962245  -0.0046350772  
-0.0033457527  0.99830663  -0.012166116  0.0080890142  0.023687144  0.0031514058  -0.0024819086  -0.00032363895  -0.0050558264  -0.0032912362  1.9313435e-05  
0.0014139943  0.010328174  0.99447500  0.076832489  0.041298795  -0.0019214234  -0.00036217420  -0.0048089774  -0.017849690  -0.0013649751  -0.0011411292  
-0.0019058964  -0.0090863729  -0.076991216  0.99399394  0.0033982075  0.0029286542  0.014881618  -0.052241275  0.0022993098  0.0088797645  -0.00038981294  
0.0057116850  -0.024084787  -0.040462663  -0.0070439307  0.99589160  0.035639356  -0.035002527  -0.0097746500  0.00092099909  -0.00013906725  0.0044148329  
-0.0063536141  -0.00029379923  0.0088953733  -0.00052853029  -0.026760700  0.92213708  0.17423907  0.073718443  0.26947516  0.0075302414  -0.033107830  
-0.0033539729  -0.0042613735  -0.015460334  -0.0068833649  0.0062932231  0.21655589  0.37719612  -0.0099829571  -0.88582010  -0.0036151698  -0.035739859  
0.011571490  0.00054505735  0.00065981389  -0.051867932  -0.012014066  0.058251722  0.036871589  -0.95771715  0.037485997  0.0020789011  -0.0058862339  
-0.00069845335  -0.0033828195  -0.0040723661  0.010119049  -0.040872798  0.24098041  -0.88825928  -0.029977269  -0.33468056  0.020008249  0.022224318  
-0.0015243852  0.0035703987  0.0012084316  -0.0072780962  0.00094905530  -0.0089670250  0.0093718868  2.7452377e-05  -0.0079281928  0.98500461  0.00076619835  
0.0040497384  1.9769500e-05  0.0011165441  -0.00028393347  -0.0041498660  0.032892620  0.039784158  -0.0025138692  -0.015223927  0.00055851684  0.99690160  
