0.99603295  -0.0038451424  -0.0049371687  -0.0093285604  0.012784380  -0.026939428  0.013353283  -0.0040304548  0.0066548164  0.0036776176  -0.0054468696  
0.0034388163  0.99545010  -0.0033776336  -0.024109134  -0.0050497412  -0.0024056771  0.0032919073  -0.0024481263  -0.025038005  0.0042115163  -0.0031941373  
0.0032507938  -0.00025321789  0.98504846  -0.12951470  0.0063202976  -0.011018080  0.023567542  0.031348566  -0.0040295257  0.0083608659  -0.028620923  
-0.0090184742  -0.024383768  -0.12962699  -0.98232879  -0.014106578  -0.033958128  -0.048049429  0.043355911  -0.00033396912  0.0040356257  0.0037900836  
-0.012750871  0.0050909753  -0.0079903876  -0.010378943  0.99538106  -0.0086227085  -0.021293827  0.026946556  0.0038147088  -0.016643092  -0.0023464240  
0.015180571  -0.0012551435  -0.0027800464  -0.061852457  0.021804409  0.86108612  0.44697863  -0.21093683  -0.0050873262  -0.027933606  -0.010724652  
-0.023729069  -0.0042911791  -0.030425447  -0.020498344  0.013028556  -0.44989340  0.88520290  0.046358281  -0.0018737085  0.017324330  0.0064653475  
0.0099813065  0.0023361517  -0.023893469  0.036392031  -0.023356872  0.21123163  0.055725477  0.96778793  -0.039943430  0.00049563799  0.0050337087  
0.0060270525  -0.025470656  -0.0044918382  0.0018114161  0.0079910933  -0.0050029765  -0.0070658658  -0.037714284  -0.97417470  0.18727055  -0.021319302  
0.0039361495  -0.00047470488  0.0088467799  -0.0034640983  -0.015422047  -0.034041357  0.0025318810  -0.00070405164  -0.19220813  -0.96987658  0.089126958  
-0.0054747852  -0.0027701681  -0.027730864  -0.00099610134  -0.0053798172  -0.012697457  0.00083851432  0.0075156354  0.0066773376  -0.096789766  -0.98703093  
