0.99800353  -0.00037793064  -0.0027966965  -0.0070875597  0.032792824  -0.0034695623  -4.8657213e-05  -0.017139005  0.0073651458  -0.0025836859  0.00053660520  
-0.00054450782  -0.99112179  -0.0080405317  -0.0013895903  -0.0032530962  0.012658370  0.014391239  0.00033476455  0.0014146600  0.0016213814  -0.0056930541  
-0.0020261956  -0.0069252166  0.44763431  -0.62017534  0.00061441427  -0.066668077  0.058188638  -0.012069292  -0.012624135  -0.0042214030  -0.0090186854  
-0.0097947990  0.0068306272  -0.68956685  -0.68270862  -0.0043100562  -0.060577884  -0.044214564  -0.052100303  -0.0031970707  -0.00073706941  0.010662376  
0.031483203  0.0044391523  0.0018806482  -0.0028180476  -0.98769073  0.065407924  0.032836385  -0.0037342692  -0.013131703  -0.0065991528  0.0034330081  
0.00077871871  0.012945070  -0.047410399  -0.061514068  0.067808200  0.98377987  0.063660229  -0.0014056148  0.00055402928  -0.019113337  0.024288562  
-0.0014178806  0.014136612  -0.046995766  0.0071046783  0.028566068  -0.063777181  0.99266468  -0.00021323398  -0.0028920994  0.0045750732  0.0065291544  
0.017625184  -0.00027353637  -0.033009069  -0.042579084  -0.00084557015  -0.0020941940  -0.0013234781  0.98821134  -0.12556566  0.015550655  -0.0056382402  
0.0050203927  -0.00015285299  -0.015317328  0.0025955693  0.0061281913  0.0069001437  -0.00018865020  -0.12472243  -0.90144457  0.15373479  -0.15813017  
0.0013587183  0.0066435177  -0.00091800711  -0.0058038294  -0.0073885762  0.018196485  0.0010016176  0.012237134  0.21497162  0.81591756  -0.51381764  
-0.0012513335  -0.00053280943  -0.014351994  0.0025270095  0.0011229939  0.0069215959  0.0078107181  0.0094404162  0.047337250  -0.54314637  -0.83405094  
