0.99886514  0.0025536075  -0.00025812292  -0.0055160535  -0.0052728607  -0.0050182596  -0.00010971850  -0.0061055436  -0.0021174108  -0.0032378885  0.0045282004  
-0.0024034414  0.99840019  0.0045899358  0.024207662  -0.0029422544  -0.0047156732  0.011768272  -0.0046011891  -0.0012626200  0.0021569606  -0.00099200421  
-0.00072638460  -0.0092595674  0.96762443  0.18260706  -0.033505383  -0.033836628  0.012155302  -0.0033876283  0.0052299464  0.012460492  0.0054389777  
-0.0052389339  -0.023046348  -0.18372207  0.85659317  -0.34113182  -0.32203580  0.021376827  -0.0024307893  0.011939428  0.059502143  -0.015035317  
0.0055000378  -0.0054285919  -0.029259176  0.32585041  0.93058724  -0.10893760  0.0017291566  0.021499678  0.0034773607  -0.0056457551  0.0013778724  
-0.0054320965  0.0037218503  0.031921779  -0.34105691  0.010779599  -0.93782009  -0.0023113723  -0.0086745770  0.014789521  0.0084727590  0.015494813  
-0.0020020230  -0.011768357  -0.0087458760  -0.020286791  0.013791361  0.0071488305  0.94125063  -0.32761331  -0.038439991  0.023220867  -0.012561706  
-0.0054675262  -0.00079062415  -0.00078385738  0.0089357717  0.020031691  0.0059914774  -0.32884212  -0.93868408  -0.015217094  0.060125012  -0.032642418  
-0.0027885564  -0.00076546393  -0.019533800  0.0067142722  0.00083795934  -0.020543388  -0.031140834  0.027477061  -0.98287851  -0.035361752  -0.067311245  
0.0038509526  -0.00055345362  -0.0024902986  -0.049545574  0.024836082  0.024623161  -0.0041529511  0.068352503  -0.026400936  0.98966703  -0.091699116  
-0.0042551232  0.00040522027  -0.0080550921  0.012764149  -0.0035442329  0.011274751  -0.0014386616  -0.026512439  -0.071598096  0.092610757  0.99068308  
