0.99701667  0.0025772819  0.00041698344  -0.0055726152  0.022619286  0.0012749006  0.0042784933  -0.017613765  0.011347290  -0.0011528561  0.0040054390  
-0.0024872485  0.99648178  -0.018993847  -0.018828198  0.00043220136  -0.0065871165  -0.016719395  -0.00049672474  0.0010164832  -0.00092358362  -0.0081315267  
-0.00099540718  0.018276283  0.99418695  -0.049802006  -0.0064300258  0.032608145  0.023138918  -0.016696022  0.0010992391  -0.015553430  -0.0042900303  
0.0040374535  0.020268985  0.048099511  0.99156605  0.033225966  0.028699420  0.0022702937  -0.018880163  -0.0045637151  0.0085369297  0.040810250  
-0.023687396  8.0756375e-05  0.0024310611  -0.034808571  0.99207952  0.028195969  0.050930395  -0.042993796  0.0088389058  -0.00033788987  -0.0023166829  
-0.00051686093  0.0042588866  -0.032425420  -0.025143921  -0.025756217  0.99310806  -0.060405316  0.00032986551  -0.016797362  0.0070568724  -0.010380732  
-0.00030414154  0.016689164  -0.023429053  -0.00070429533  -0.046565677  0.056521141  0.98251531  0.092451428  -0.10629199  0.0033881565  -0.0074730942  
0.016798158  -0.00032141427  0.018875543  0.016591154  0.048223354  -0.0028126509  -0.088919135  0.98988224  0.0094019754  -0.060346873  0.0016059460  
-0.011252333  0.00050239015  -0.0070937254  0.0096655557  -0.015594127  0.022319625  0.10387175  -0.011410785  0.96043644  -0.21827642  -0.048792886  
-0.0013798750  0.0011771719  0.014641265  -0.0079507692  -0.00061459709  -0.0016521387  0.016124840  0.058489768  0.22066350  0.96932624  0.012886854  
-0.0037227938  0.0044979339  -0.0011930577  -0.053516049  -0.00039098266  0.016882234  0.010471463  -0.0024891354  0.051742944  -0.025771524  0.94058516  
