0.99853328  0.0030374804  -0.00065192942  0.010923534  -0.0012476775  0.0051995370  -0.0042462662  -0.00052197729  -0.0014425038  -0.0090365901  0.0056453713  
-0.0030597658  0.99752031  0.026065397  -0.00030789749  0.025165748  -0.015914009  -0.0021752798  -0.018219102  -0.0031758098  -0.0043858263  0.0042582028  
-0.0022186895  -0.035052450  0.88602034  0.053327859  0.033930602  -0.30563155  -0.15740236  -0.23745673  -0.020322979  -0.042022226  0.032505073  
0.011337831  -0.0021195898  0.050329770  -0.99578090  0.0016830403  -0.019638234  0.0045890268  0.00075284963  -0.019254417  -0.010085035  -0.027050028  
-0.0013041228  -0.024942125  -0.10447788  -0.00075180870  0.97920790  -0.12348670  -0.090406131  0.0076800029  -0.0019278317  -0.0098488005  0.0099943571  
-0.0013808286  -0.0030890758  -0.27878405  -0.0073403532  -0.064776116  0.19887915  -0.48721304  -0.64942933  -0.058704141  -0.16235473  -0.025179142  
-0.0040485551  0.0080310219  0.17988975  -0.010042574  0.015109557  0.42560177  -0.73545361  0.40038066  0.036069751  0.098406041  -0.00019684040  
0.0059374651  0.0046258172  -0.23134663  0.013339163  -0.15780907  -0.65395598  -0.34154695  0.45203037  -0.057005169  -0.16472049  -0.079480574  
0.0041811891  0.0017305608  -0.018033278  -0.015941464  -0.010809517  -0.054716633  -0.028153361  -0.039402179  0.98558483  -0.065916752  -0.013810340  
0.013936156  0.0022772804  -0.025378178  0.024570229  -0.0084402406  -0.13569502  -0.060263004  -0.13708143  0.012217126  0.57664633  -0.68814840  
-0.0087306520  -0.00079093229  0.057457869  0.016475292  0.026217686  0.056572806  0.039441265  -0.0081513939  -0.038896977  -0.68659934  -0.63819668  
