0.99877268  0.0018848491  -0.0014508872  0.010716648  0.0027964202  -0.0036096730  0.00017949328  -0.0027578526  -0.011191735  0.0019555109  -0.0045919316  
-0.0019507166  0.99808722  -0.0083897064  0.0010511040  0.0064142140  -0.0057718198  -0.0025875122  -0.017227629  -0.013799592  -0.012960880  0.014795379  
0.0020373915  0.0042895889  0.94802736  0.0052631398  -0.034353431  -0.067288579  -0.015990716  -0.15299889  0.060712864  -0.068365783  0.068146539  
-0.0077222361  0.0018922221  0.038497996  0.85492411  0.096474832  0.49806695  -0.065914491  0.029410567  -0.0037162677  -0.027477873  -0.035514535  
0.0071783985  0.0087463781  0.018056293  -0.27490291  -0.74197860  0.59299226  -0.088839944  0.030611055  0.031043056  -0.073307120  -0.036212639  
0.0050680946  -0.0023621619  0.056876372  -0.43141718  0.65159778  0.58326181  -0.19128571  -0.035779469  -0.022512460  -0.047560481  0.014598568  
-7.9102237e-05  0.0030632699  0.037168113  0.043316340  -0.059250781  -0.18837635  -0.92897699  0.21440140  0.037020957  0.13222231  0.048844354  
0.0020042863  0.024092145  0.17954766  -0.046367197  0.035953127  0.070355367  0.24059615  0.79768552  -0.034785793  0.40305769  -0.089791656  
0.0032964206  -0.011482887  -0.068937836  0.027830739  -0.033332999  0.042730386  0.034670951  -0.019776215  -0.042251372  -0.13909555  0.83477685  
0.0063863165  0.014835965  -0.030535579  0.0041035803  0.027589701  0.016199273  0.017083351  -0.21244454  0.77644679  0.057719867  -0.26197536  
-6.4337779e-05  0.0019904261  -0.020255962  -0.0010513323  -0.031910582  0.090393891  0.028966703  -0.32261251  0.099476040  0.85777175  0.27325175  
