0.99857444  0.00036188742  -0.0029300572  -0.0032655385  -0.0081363954  -0.00041298908  0.0083632431  0.015632412  -0.0045651776  -0.013057268  0.0018054325  
-0.00051815123  0.99836044  -0.011928741  -0.0026691189  0.00095661182  -0.00013119562  0.0033288727  0.0012737400  -0.013929117  0.0017522363  0.00043876839  
0.00014478775  0.010893414  0.89620719  -0.0039420314  -0.0074371207  -0.0039884119  -0.0019972403  0.0019077321  -0.20734471  -0.0064214547  0.0024791622  
0.0034087427  0.0028791400  0.053933490  0.97381654  -0.061005669  -0.16378491  -0.0043874103  -0.0018735630  0.027118190  -0.0029350281  -0.00042249809  
-0.0092272118  9.0581468e-05  -0.015706863  -0.051457479  -0.99230643  0.048636690  0.033386299  -0.014778891  -0.035495581  -0.036696931  -0.0080887904  
0.0012683492  -8.4670085e-05  -0.0052939045  0.16805528  0.038992620  0.97970666  0.016757435  0.020151633  -0.043038276  0.054859842  -0.0014986932  
-0.0086878043  -0.0024384548  0.00029616744  0.0036712973  0.037615361  -0.0086094911  0.97224091  -0.036996897  0.029009056  -0.16848561  0.044580383  
-0.018629801  0.00064629157  0.0081921560  0.00031628055  0.00016616643  0.010425595  -0.044551404  0.88937939  0.060362103  -0.44595565  -0.016355460  
-0.0055852896  -0.014842189  -0.20826474  0.028862321  0.035832267  -0.051441184  0.024595106  0.058273904  -0.96318242  -0.023353705  1.2178454e-05  
-0.00074338118  0.0021390033  -0.0063782973  0.0092180356  0.036105792  0.058578047  -0.16752810  -0.44682455  -0.011226531  -0.87293135  2.5639895e-05  
-0.0018374952  -0.00039588933  -0.0025301124  0.00013479996  -0.010158342  0.0024622451  -0.044028927  0.016220819  -0.00068468155  0.00038640778  0.99724533  
