0.99787643  0.00094525491  0.00069561679  0.010130132  -0.0017690186  0.00070319397  -0.012078455  0.010003382  0.0019921758  -0.0070973365  0.00090728818  
-0.00086784139  0.99768591  -0.0079236172  0.0021815965  -0.0037208839  -0.0034088197  0.0012738803  0.010651237  -0.0031961708  0.011622740  -0.0014062675  
0.00038544952  0.0051219411  0.75435519  0.015232648  -0.51649999  -0.054989775  -0.0032075150  -0.072095693  0.012177934  0.010341210  -0.00080403206  
-0.010981076  -0.0021160786  0.0010018592  0.98934839  0.018745870  0.0043137737  0.0083552177  0.0015927672  -0.00057677502  0.00010485388  -0.00014536152  
-0.00062938199  -0.0081137482  -0.52326471  0.012763660  -0.81945091  -0.11452760  0.057395927  0.030892075  -0.0091599123  0.012178847  0.00075632147  
0.0062009334  0.0018592407  0.0088578145  -0.0064034965  -0.074834179  0.78973629  0.60214488  0.024352353  -0.026025465  -0.033298229  0.0011323410  
-0.0032123573  -0.0095701207  0.080237597  -0.0026265424  0.042283876  -0.33921504  0.41199382  0.83057098  0.030313606  -0.014482533  -0.0034141483  
-0.014233438  -0.0031143232  0.0097364912  0.0041209520  -0.10302428  0.48405604  -0.67331463  0.53960635  -0.023156556  -0.053664443  0.0078507979  
-0.0032765000  0.0046957179  -0.016091963  0.0034572199  -0.0088446247  0.041092516  -0.033656449  -0.029481598  0.94205594  -0.083492030  0.0027492428  
0.0066412130  -0.011758236  -0.0014977424  -0.0019420291  0.0089754709  0.050178893  0.0027627283  0.048564654  0.14438576  0.96268799  0.023788411  
-0.00091016278  0.0016600498  0.0012447632  -2.6385144e-05  -0.0010005552  -0.0071337514  0.0052835950  -0.0032116084  -0.0070010428  -0.020660936  0.99617118  
