0.99897299  0.0028260590  1.2524344e-05  -0.0074065336  -0.0083930022  0.013575622  -0.0026124440  0.0051404457  0.00033378956  -0.0037368395  -0.0024544611  
-0.0025477905  0.99888527  -0.0011323161  0.012918254  -0.0043743476  -0.0029645592  -0.00027986512  0.011013297  0.0033385516  0.0022708682  -0.00054118620  
0.00014741557  0.0015689095  0.99635431  -0.051817978  0.0031830566  -0.031230949  0.0018027783  0.0034421290  0.031897983  0.016697928  0.0029144230  
0.0078732084  -0.012071832  0.051421042  0.98583650  0.14297409  0.030100367  -0.019097067  0.0048134887  0.0090463070  0.0091442259  -0.00060818406  
0.0068223711  0.0057475541  -0.010649467  -0.14228433  0.98723161  0.0099974806  0.016784809  0.040197508  0.017234604  -0.019193505  0.0087503085  
-0.0075653525  0.0021651625  0.020370380  -0.0053186882  -0.020448600  0.68596136  0.72361648  0.0048212900  0.010685727  -0.027469780  -0.0010841597  
-0.011981544  0.0023956874  0.021915910  -0.035314688  -0.00096778781  0.72421059  -0.68538003  0.0022081407  0.0025327407  -0.0067028601  0.012762366  
0.0056307850  0.010965912  0.0018208572  -0.0015135974  0.040893643  0.0070496792  0.0041108389  -0.99478389  0.0077647849  0.071712134  0.022208087  
-0.0022343803  -0.0010841561  -0.014772366  0.0023610028  -0.022720513  -0.021429309  -0.016697661  -0.039726124  0.78742966  -0.60824941  -0.011825409  
0.0023644589  -0.0042772948  -0.033240331  -0.012510278  -0.00045162624  0.013446511  0.0069837221  0.061696094  0.61106095  0.78265556  0.013455530  
0.0014178080  -0.00011740124  0.00088286779  0.0032617366  0.0060844467  0.0091157883  0.0013290571  -0.00052395726  -0.0089076670  0.021663649  -0.50879152  
