0.99462726  -0.0010602810  -0.0048246300  0.025149827  0.016170308  0.0032896858  0.016776301  0.020929489  -0.0060661125  -0.00017351683  0.0043316534  
0.0010664949  0.99395696  0.012822730  0.0096239007  -0.0098709533  -0.00039854940  -0.011514416  0.013613114  0.027226602  0.00049313531  -0.0014331997  
0.0021168518  -0.015452339  0.84676505  0.26655193  -0.12105608  -0.36638161  0.033751979  0.042810446  -0.0057281285  0.011908809  0.090359678  
-0.023738123  0.0067514771  -0.073465778  0.37184832  0.89537403  -0.19228922  -0.022714197  0.038342550  -0.057239688  0.0040589460  -0.0072974943  
0.0098273871  0.0049403228  0.10289496  -0.81492800  0.24893398  -0.37925521  -0.070012065  0.30192273  -0.028448928  0.052133153  0.0080859924  
0.0098071002  0.0050984294  0.44430255  -0.29928881  0.32467440  0.65644839  -0.0077794965  -0.38527761  0.054496102  -0.040928384  0.018357276  
0.017424013  -0.011827125  0.011782781  0.052310479  -0.044649900  -0.011810528  -0.98850525  -0.067344172  -0.0065856450  -0.0072061307  0.012327226  
-0.020747286  -0.0060661110  0.11358884  0.11516925  0.0071351528  0.46962118  -0.049222197  0.80106388  -0.29122395  0.066573869  0.0028277313  
-0.00066679883  -0.026634727  0.018017081  0.037883746  0.040636285  0.059864493  -0.021831573  0.29041078  0.82460018  -0.44743426  -0.093274777  
0.0015344916  0.013820813  0.0010896710  -0.041389621  -0.015906813  -0.057256869  0.011246565  -0.050992659  -0.45484641  -0.83241570  -0.066089920  
-0.014374082  -0.0019134708  0.022902450  0.0042927605  -0.00065661263  0.0021484460  -0.0053187609  -0.0056292725  0.039969310  -0.032981406  0.27871156  
