0.99930302  0.00048650549  -0.0037024282  -0.012604299  0.0035054950  -0.0070443409  -0.0021606208  -0.0027455838  -0.0011301718  0.0064238194  -0.0036948417  
0.0016225100  -0.99883027  0.0013825198  -0.0097836765  0.0013759908  0.0023226724  -0.021230904  0.019941999  0.0010443970  -0.00036944995  -0.00019922211  
-0.00090788856  0.012022726  -0.73711660  0.070854498  -0.0069313115  0.044391633  -0.44760324  0.21422049  0.032135087  0.00057274220  0.00074427545  
-0.00037277981  -0.011428382  0.044693057  0.99570030  0.0081058162  -0.0036659032  0.054904762  -0.023361959  -0.0016109655  -0.00021842538  0.0015681463  
-0.0018285082  0.0019637904  -0.0022978921  -0.0072475285  0.99868399  0.0051256710  0.0052550992  0.028642794  0.0066206418  0.0086716002  -0.0052878558  
-0.0085857532  -0.00061426793  -0.0058793155  0.00063029022  0.0044317177  -0.99662630  -0.057728608  0.024154478  0.029774783  -0.0011504821  -0.0051634927  
-0.0022604880  -0.025720188  -0.49060546  -0.027314223  0.012848815  -0.045886844  0.60990051  -0.58677004  -0.029048817  -0.0024137602  0.0027927386  
-0.0032548373  -0.0014068810  0.11976106  0.0098932391  0.025848900  0.016041086  -0.62192828  -0.76710655  0.00018271895  -0.0012897659  -0.00047810440  
0.00069007310  0.00033143575  -0.033735050  -0.00037075011  -0.0060350738  0.026557187  0.024129134  -0.013773849  0.99225412  -0.0031186541  0.00049887288  
-0.0057328228  -0.00038458105  0.0023813121  -0.00067060788  -0.0072554159  -0.00046893633  -0.00034057874  -0.0020709405  0.0045841050  0.93268222  -0.0038406216  
-0.0020442688  0.00011582582  -0.00066371471  0.0012413928  -0.0039316246  0.0056241384  0.0028716399  -0.0015205784  0.00055225875  -0.065064043  -0.98333778  
