0.99704798  -0.0032185370  0.0024870642  0.037102035  0.00060799213  -0.0059669633  0.015612819  -0.014898583  -0.0044148318  -0.0013440551  0.0083138436  
0.0028772778  0.99710560  -0.0082446881  0.0031683595  -0.011983608  0.0024435864  -0.0038246488  -0.010513866  0.015570441  0.00069421522  -0.0033698715  
-0.0021006470  -0.0027987183  0.71715763  -0.0036028541  -0.64699729  -0.062074080  -0.078618553  -0.024900564  -0.012297206  -0.012971323  -0.0060505159  
-0.034443297  -0.0032936003  0.0020825942  0.98909964  -0.00070004834  0.018730436  -0.045572697  0.016466468  0.012627225  0.012064585  -0.014268255  
-0.00015493065  -0.013331265  -0.64597341  0.0075562444  -0.71667454  -0.10251980  0.074822557  0.067911678  -0.013216741  -0.032377121  -0.012924132  
0.0081754483  -0.0021263880  -0.014044144  -0.019633901  -0.11402509  0.98171415  -0.043499736  0.081905937  -0.052390307  -0.064659040  0.016094661  
0.0038990934  0.0074174348  0.10026717  0.0094116679  0.016204359  -0.024255175  0.49715564  0.79356234  0.22234349  0.043514037  0.0050919792  
0.019985878  -0.0014677543  -0.057929647  -0.040223970  0.031002431  -0.061586242  -0.84121321  0.43662542  0.19361629  0.030678178  0.037668759  
0.00095592156  -0.018210005  -0.019264089  -0.0064101828  -0.044614489  0.093141486  0.062978475  -0.32764684  0.84152593  0.36348898  -0.012316644  
-0.0072661256  -0.0028799686  0.0075892789  0.015662737  0.015897564  -0.034385947  0.031509019  -0.071251421  0.31587133  -0.78051884  0.52193597  
-0.0045466867  0.0050785828  -0.0043850417  0.0041777862  -0.027238549  0.0046957706  0.010944670  0.045882232  -0.14665501  0.48243280  0.83386720  
