0.99808235  -0.0028303276  0.0015803480  -0.00017168603  -0.0029231741  0.0089007094  -0.010561838  -0.0051974015  0.0058985336  0.0057886894  0.0042187112  
0.0025935300  0.99779674  -0.017826163  -0.0020339446  0.0012903101  -0.0011278231  -0.0090272123  -0.0064847559  -0.011187986  -0.0015645540  0.0026914501  
-8.7015706e-05  0.018527622  0.98792375  0.0081463948  0.0027312144  0.012153683  0.10601038  0.0028808244  -0.00073171500  -0.0060877467  0.049085123  
-0.00038736879  0.0028009215  -0.017334104  0.99225029  -0.017602307  0.058485914  0.058760351  0.017622490  0.030435088  0.025682542  0.047027627  
0.0010579265  -0.0028228767  0.027673439  0.037443481  0.96380435  -0.030431026  -0.23077907  -0.020554238  -0.0032068988  0.028254382  -0.093062984  
-0.0086236576  0.00086793620  0.014086201  -0.040720704  -0.022476438  0.95881622  -0.13562165  0.070604596  -0.022998581  0.066044574  -0.21290987  
-0.0017809397  -0.0038832162  0.10850130  0.079073555  -0.24377366  -0.23757547  -0.68428642  -0.097410831  -0.049846012  0.18513885  -0.57684723  
0.00049234115  0.00086494246  0.023987704  -0.0010900610  -0.043309803  -0.038324512  -0.39619515  0.84205828  -0.012460949  -0.13792650  0.32536557  
-0.0039184991  0.012314360  0.0022424486  -0.027445584  0.0026318150  -0.013873311  0.050563572  0.10035985  0.97904656  0.024995424  -0.15210818  
-0.0094845900  -0.00075552386  -0.0010845661  -0.037436028  -0.015068794  0.027151905  -0.13773244  -0.089927261  0.063385312  0.87051638  0.43998066  
-0.0079572164  -0.0075003774  0.026621411  0.012061583  -0.064202660  0.11217784  -0.50073914  -0.50106391  0.17009146  -0.41112147  0.51480307  
