0.99908346  0.0039124541  -0.0031064657  -0.00095379351  -0.0044109386  0.0038786557  -0.0051041435  0.0038692466  0.00010933562  0.0022383590  -0.0010916936  
-0.0035605476  0.99869330  -0.015022170  -0.0085221266  0.0036480430  0.0045783253  -0.00019924231  -0.0089059966  0.0081139302  -0.00079016275  0.0016081050  
0.00053497767  0.013225431  0.86306145  0.054225164  0.0012333219  -0.13364884  0.012687444  -0.10703478  0.25488421  0.024900086  0.0053642095  
0.0023037642  0.010579467  -0.011598978  0.95709661  0.035991409  -0.20724526  0.015923029  0.14310686  -0.048404785  -0.0067219861  -0.012922583  
-0.0051912917  0.0046469319  0.013878894  0.022612392  -0.99102633  -0.015303698  -0.083094048  0.072408541  0.0023573096  -0.043089480  0.0019604924  
-0.0034873602  -0.0040153840  -0.051453887  0.090744896  0.043699981  0.055100292  -0.89888992  -0.40773796  -0.011931123  0.018763482  -0.043973753  
0.00076837434  0.0074411611  0.12028939  -0.24073885  0.087289556  -0.56293389  -0.36680891  0.65045899  -0.087931752  -0.029067145  -0.017312913  
0.0082951962  -0.0047920329  -0.12535704  -0.093291985  -0.055364334  -0.75457113  0.20815824  -0.56294814  -0.027565582  0.090867885  0.0072465592  
-0.00086087049  0.010340306  0.25504529  -0.018011317  -0.0027571689  0.044879691  0.044112084  -0.12439791  -0.92079783  -0.12544781  -0.028658471  
-0.0030731150  0.0028069840  0.023713807  0.0041628246  -0.036765042  0.059003238  -0.0088086792  0.075963890  -0.13067678  0.97666634  -0.038621422  
0.00089974924  -0.0014896082  0.0048884024  0.014028751  0.0044152350  0.00045626585  -0.045798675  0.00089066348  -0.038971856  0.033196194  0.99536859  
