0.99732517  -0.0011969077  0.0019015231  0.013372200  0.00048704594  -0.0053540528  0.011989962  0.0026762252  -0.013720727  0.0032232363  7.1688810e-05  
0.0010572474  0.99722110  -0.0024827316  0.0048406670  -0.0042669142  0.0090244184  0.0048394823  -0.010859422  -0.0025010515  0.0021402269  4.6104009e-05  
-0.00065614676  0.0024007441  0.98039759  -0.0039098667  -0.033460630  -0.0066419447  -0.012304746  -0.0099148427  -0.0069728917  0.017303809  0.0016937054  
-0.0083080440  -0.0061154186  -0.023566374  0.64840460  -0.75345898  -0.012898485  -0.0050247048  0.0030574834  0.022601531  -0.031162925  0.0013619084  
-0.010695536  -0.00041432607  0.026630421  0.75365471  0.64643374  -0.033255785  -0.022045171  0.0081085057  -0.019521626  0.017016060  -0.00069961741  
0.0010948264  -0.0076248934  0.013937880  0.035801704  0.016642064  0.93228643  0.28802814  0.18089174  0.028709604  -0.076795365  0.0044939160  
-0.016714743  -0.0048418913  0.0034032957  0.010553538  -0.0069714038  -0.21725987  0.84083704  -0.15201145  -0.46395840  -0.0034361474  -0.0073951484  
-0.0041081758  -0.0016161858  -0.011319242  -0.0034549669  -0.028681731  0.16865060  -0.44255226  -0.0080129472  -0.87282441  0.025172425  -0.0065334354  
0.0050808498  -0.011906831  -0.014320044  0.016593981  -0.0052309810  0.21657889  -0.051032525  -0.87371069  0.092659012  0.41173623  -0.020169441  
0.0014073347  -0.0023028650  0.011885524  -0.0033394105  0.030425759  0.023163030  -0.065744911  -0.41460783  0.011185165  -0.88789258  0.060174493  
-0.00020983998  -0.00024999867  -0.0018749992  0.00016723538  -0.0018035066  5.7655467e-05  0.0018056497  0.0053616273  -0.0075074835  0.063110626  0.98250164  
