0.99790833  -6.0963756e-05  0.0011489823  -0.00088151168  -0.0051025262  0.0017855272  0.0024174003  0.015415285  0.0081352019  -0.010066981  0.0028731795  
7.3446065e-05  0.99748368  0.012562362  0.010291244  -0.00072155329  0.0062956622  0.014988899  0.0070814395  -0.0067000965  0.012104091  -0.00023500697  
0.00037616376  0.011625173  -0.90829867  0.048446544  -0.0029213462  0.0081353813  0.0055513538  0.0056133966  0.067633099  0.041098901  -0.0012314216  
0.00048069019  -0.010776858  0.054383646  0.99314476  4.9805704e-05  0.027090144  0.00065946413  0.0073902082  -0.0010617279  0.0047647126  0.0065605009  
0.0053115040  0.0015366983  0.020767697  -0.0019219381  0.98695367  0.0063388088  -0.050722980  -0.015326285  -0.093207154  -0.054716088  0.00046337781  
0.0038004707  -0.0016355589  0.0061386693  0.022766102  0.024163475  -0.91207446  0.064558495  0.15065354  -0.075449753  0.35764125  -0.011408813  
-0.0020478546  -0.0083996387  0.083290088  -0.012836254  0.11414095  0.16274605  0.37131600  0.085179555  0.75507511  0.44907558  -0.010337121  
-0.019390049  0.0017991573  -0.00072953664  -0.0025118602  0.0059364288  -0.051050886  -0.055014718  0.86722722  0.20414525  -0.44052156  -0.035443176  
0.0015482606  0.0055999769  0.019127305  -0.010428357  -0.0060810614  0.13711785  -0.83826739  0.16331533  0.11212114  0.46490038  -0.00034185035  
-0.0013073989  0.019749169  0.014399873  0.018930751  0.0059588074  -0.33512010  -0.33111720  -0.42833789  0.58060757  -0.48864895  -0.0068226698  
0.00046850724  -0.0034258904  0.022439935  0.049673440  -0.00026188709  0.051671559  0.0014351862  0.021956726  -0.036762319  0.043729234  -0.32704911  
