0.99827517  -0.0016835246  0.0010758147  -0.019098546  -0.0036106328  0.00098455447  -0.010672647  0.011464406  0.0046074814  -0.0061332924  -0.0082926749  
0.0013392695  0.99731641  -0.031907365  0.0023538615  0.00052041615  0.018072614  -0.00066977393  0.0036692603  -0.014602482  0.0016395439  -0.00076641908  
-0.0028485848  0.027082334  0.69521500  0.0017978416  -0.66338116  0.035977820  0.035545576  0.015252322  0.18286619  0.0021313967  0.0079068234  
-0.019121584  0.0032061648  -0.0016765078  -0.93781842  -0.0012598739  -0.11612694  0.12876041  0.28376230  -0.023512539  0.021587474  0.014111462  
-0.00063954010  -0.021984471  -0.65244377  -0.0019974077  -0.70839944  0.094943313  -0.016021227  0.016333187  -0.13461856  -0.00097565002  0.012740920  
-0.0063306723  -0.016342142  0.045549808  -0.11696295  0.089637849  0.94920169  -0.23649728  0.10521788  0.015195734  0.0035207328  0.021890044  
-0.010378734  0.00095238292  0.019173726  0.17538143  -0.010873638  -0.21272005  -0.59601882  0.71812494  -0.016796242  0.025532375  0.17242509  
0.0059025814  -0.0058259899  -0.014108679  0.25966860  0.037418478  0.14279226  0.71313150  0.61136097  -0.033682248  0.0022466911  -0.11541278  
0.0036179705  -0.0094459632  0.21577871  0.0079738524  -0.056407617  0.0088385200  -0.011425768  -0.035094222  -0.95700134  -0.0034423059  -0.0053233827  
0.0073805148  -0.0016885753  -0.0083907209  0.015618750  0.0028601725  0.0044211513  0.012880470  -0.026849645  -0.0038497618  0.99664066  0.0051664034  
0.0039224702  0.00036248311  -0.0027037351  0.017238311  0.018263110  0.038232477  0.19566141  -0.062181626  -0.0065302459  -0.0098702555  0.97267172  
