0.99800997  0.0018986639  0.00076956471  0.0088460653  0.015530083  0.010060185  0.0044644186  0.0080186478  0.0040838774  -0.014239110  0.0012722310  
-0.0015754290  0.99041473  -0.035349994  -0.016290271  -0.0039533106  0.0040002332  -0.0029241604  0.0087559564  0.0051634159  0.0024864383  0.0018731471  
0.00046818168  -0.037692412  -0.57143228  -0.31253698  -0.017284813  0.097044488  -0.44206564  0.087916184  0.16836459  0.061665491  0.063103752  
-0.018103490  0.0020704838  0.0017256713  0.087830575  0.77634618  0.60633848  0.061886857  0.025356678  0.019743877  0.10762302  0.023478770  
0.0052156319  -0.0081616747  0.020820220  -0.39549697  -0.50850805  0.65490336  0.35327861  -0.082461521  -0.019319159  0.10066053  0.058690668  
-0.0025220010  0.0048690361  -0.10802132  0.80115886  -0.35560595  0.32549152  -0.23514263  0.12477155  0.028671756  0.14713005  0.11464066  
-0.0042320589  -0.013841900  -0.53840887  0.25964096  0.058745653  -0.17454358  0.71723071  -0.15314284  0.056868531  -0.027243190  -0.010540512  
-0.012110544  -0.0075253332  -0.010294955  -0.034752516  -0.024858519  0.036419714  0.18951953  0.91524169  0.037565533  -0.28098835  -0.18266405  
0.0050474057  -0.0055352422  -0.099284011  -0.085421779  0.055445080  -0.13169542  0.049401702  0.24156387  -0.57638002  0.29175662  0.68380435  
0.0064457306  0.0013938060  0.14412144  -0.058963950  0.016007421  -0.17303400  0.12714686  0.18835048  0.66427502  0.63025885  0.18348273  
-0.011439830  0.0044647961  0.063246569  0.016016765  0.015334071  0.052573263  0.0033070039  -0.078494939  0.41634735  -0.61659709  0.64731924  
