0.99513873  0.00062369933  0.00087543401  0.0063313616  -0.014631673  0.039772338  0.0024030243  -0.022242398  -0.00069689675  -0.00093032334  0.0075604952  
-0.00076832049  0.99519238  0.0081678280  0.0061099716  0.0066643862  0.0076713211  -0.019240368  -0.00040434413  -0.0027986600  0.0043455049  0.0013938563  
0.0049805730  -0.0058648814  0.88297516  -0.12505476  0.023934039  -0.0094717020  0.058056973  0.0033898732  -0.023945824  0.0010983741  0.016079812  
-0.0084461640  -0.0041410852  0.11966215  0.91981174  -0.34290239  -0.037185186  0.00082339774  -0.0017621312  -0.0032524782  -0.033276081  0.015436783  
-0.0045380748  0.0091273549  -0.029600418  -0.34503568  -0.90671330  -0.16320987  -0.018065910  0.026768439  -0.0055185381  -0.10284731  0.086614588  
-0.041103834  -0.0073049043  0.012284201  -0.025522956  -0.16532143  0.97393869  -0.041457315  -0.0076587732  -0.018032288  -0.0026079713  0.0073144808  
-0.0042340013  0.019796903  -0.058080074  0.0013034382  -0.026229253  0.038616962  0.99184429  -0.0022130414  0.0088911485  0.0020395484  -0.010105365  
0.021900501  0.00015432017  -0.0018702905  0.012488446  0.025510136  0.013624183  0.0025132615  0.99469261  -0.00015823858  -0.0077536225  0.028001205  
0.00096808053  0.0021456518  -0.025076386  0.00026403534  -0.014947985  0.017858158  -0.0089082601  0.0011358709  0.93228288  0.074247193  0.026648006  
0.0063840783  -0.00069437410  0.015046126  -0.015766191  -0.12832332  -0.014746157  -0.010332947  0.030980893  -0.021028809  0.53034124  -0.82891440  
-0.0036812933  -0.0043831730  -0.0084118730  0.0034561864  -0.041874591  -0.010673232  0.0030579615  -0.0072954537  -0.076160010  0.82895816  0.53874827  
