0.99781796  -0.00048539081  0.0011582639  0.0097737017  -0.00032876031  -0.0099227459  0.010239201  -0.0053465288  0.0033631421  -0.0072244398  0.0013358025  
0.00041920237  0.99772418  -0.0037995226  0.0038548371  -0.0055683470  0.0028423596  0.0091128208  0.0011403523  -0.0069712593  0.0045009181  -0.00037011019  
-0.0021803841  0.0038439275  0.99073089  0.0059231279  -0.015891454  -0.047855037  0.0064826117  0.0049034747  0.0026615315  -0.0081550244  0.0024443830  
-0.0095358711  -0.0041574891  -0.0073858257  0.99516951  -0.073240414  -0.0051481189  -0.011664354  0.0034120610  0.0023652206  0.0040196927  -0.00053956984  
-0.00069445152  0.0051614179  0.015660147  0.073871861  0.99345789  0.0095597870  0.0014138248  -0.023453050  -0.023561572  -0.025331709  0.0042207563  
0.0031084778  -0.0070094359  0.039572344  0.0099797720  -0.017912532  0.85244130  0.44711533  -0.22908801  -0.11250498  0.014861775  0.0018869321  
-0.011865421  -0.0050896693  -0.024247289  0.0076704902  0.012552628  -0.32665721  0.84997044  0.30407658  0.25297244  -0.093286599  -9.9342295e-05  
-0.00064133116  0.0089615953  0.0071388622  -0.00086827439  0.0084087836  0.22832503  -0.20916221  -0.0093604764  0.86996939  -0.37503888  0.030876407  
0.011065519  -0.0018796565  0.014883079  -0.0025145764  0.026641318  0.31562687  -0.16103641  0.86527389  0.032398563  0.33568821  -0.043006879  
0.0011890228  0.0010896640  -0.0040673126  0.0017556763  -0.024315006  0.074921422  -0.057016662  0.31420652  -0.39417695  -0.82755266  0.16577844  
-0.00052663001  -0.00024847440  -0.00075876404  -3.2544961e-05  0.00048252633  -0.0071638122  0.0077373485  -0.014311457  0.041286973  0.16787551  0.97683551  
