0.99412626  -0.00078646609  0.0074446560  0.011103799  0.038150069  -0.0085793144  0.0062531312  -0.0023646103  0.016623188  -0.024079947  0.0061033071  
0.00066227591  0.99028697  0.0041890219  0.013676726  0.019721677  0.077337444  -0.020194076  0.0054846091  -0.0018896640  -0.0064969467  -0.0032553751  
0.0083255947  -0.017867689  0.41809600  -0.77536143  -0.23254410  0.35920320  -0.088729951  -0.096111742  0.022206566  -0.012323412  0.012984097  
-0.00075789085  0.013718739  -0.75291242  -0.54670600  0.30819626  -0.10190418  0.012261497  -0.062873515  -0.035589904  -0.065018094  -0.038907588  
-0.036798567  -0.037791167  0.33200324  0.010096117  0.90693907  0.21081857  -0.0040727635  0.013017054  -0.063293453  -0.0096898527  0.012358228  
-0.013321656  0.069150005  0.34157009  -0.22625782  0.082142853  -0.79898664  0.089188463  -0.18765958  -0.010690205  0.021841684  -0.11957609  
-0.0040999401  -0.015047220  -0.060655679  0.14892088  0.026074145  0.055801005  -0.57867129  -0.76750407  0.16166806  0.035529163  0.0060628287  
-0.00095729767  0.0032449042  -0.014858506  0.062078648  -0.034075543  0.17286950  0.76861998  -0.57707926  -0.12542051  -0.024742828  0.016761251  
-0.018585887  0.0043750892  -0.0064572034  -0.022469292  0.067642876  0.0064158351  0.20188494  0.051447306  0.96804813  0.042015342  0.0057629930  
0.023689530  0.0068178362  -0.045121668  -0.046936268  0.022283900  0.0087254973  0.028573895  0.0054855441  -0.053146640  0.96096031  0.093165225  
-0.0073814224  0.016886494  -0.0020153249  -0.034019822  0.016295325  -0.12180559  0.0020592182  -0.035106224  -0.0030172533  -0.079073686  0.93536205  
