0.99825356  0.00068107961  -0.0010273194  0.0075291064  0.0018449267  0.0017677590  0.0029980207  -0.00041022281  0.00061055294  -0.013265289  0.013720974  
0.00050549417  -0.99738433  0.035333042  0.019363939  0.010592357  -2.5039442e-05  0.00049151490  0.0054203520  0.0039745203  -0.0023643007  0.00032889128  
0.00077318542  0.035783224  0.99486150  -0.00068527348  0.051888842  -0.00072678733  -0.030786905  -0.0089257435  -0.00026632154  0.00019005993  0.023778862  
-0.0084273050  0.019283371  -0.00067854562  0.99697950  -0.00022049481  -0.0013537014  -0.0014486521  -9.9661984e-05  -0.014066129  -0.027536026  0.036784655  
0.0019841032  -0.0082671283  0.053486359  0.00017578459  -0.99368298  0.00011585393  0.0054406484  0.069461965  -0.00042202558  0.0032123338  9.4361727e-05  
-0.0026401148  -1.8417109e-06  -0.00071959617  -1.7541190e-05  -0.00015320093  0.99698960  -0.011822385  4.9379727e-05  -8.6062424e-05  -0.0012903136  0.039026424  
0.0039260149  -0.0016293606  -0.030464778  -0.0010192318  -0.0067288457  -0.011817157  -0.96801120  0.0018735839  -0.00038614453  0.010139583  -0.0082761875  
0.00055743038  0.0066663443  0.0050255208  -0.00012348787  0.069922919  3.7408066e-05  0.0020318463  0.99511328  -1.9574915e-05  -0.00021892755  -0.00011992181  
0.00042961997  -0.0044105893  0.00023223452  -0.012310550  0.00048960080  -5.6495557e-05  0.0017986202  1.6628802e-05  -0.97835264  0.031302570  0.0014335566  
-0.0095806139  0.0015536898  -0.00054074513  -0.025506909  0.0031794070  0.00095622085  -0.0069950656  -0.00022744274  -0.042371621  -0.92961715  0.011877014  
0.013408515  0.0012639105  0.023587656  0.037366602  0.0022082999  0.039366675  -0.0086325994  -0.00051023420  0.0012475959  0.0059876712  -0.98804150  
