0.99809330  -0.0013359329  -0.0028525614  0.0016363309  -0.010486271  0.0030263235  -0.0056921894  0.017450314  0.0017677341  -0.0039027401  -0.00012280288  
0.0012134801  0.99786683  0.0052981824  -0.0098974277  0.0013934577  0.0072906683  -0.010606201  -0.0039572739  0.0050103638  -0.011185403  -0.00035152773  
-0.0019009032  -0.0013146055  -0.90203064  -0.057191237  -0.014154254  0.059349999  -0.37283164  -0.16423722  0.063341250  0.0043920915  -0.0091151016  
0.0022051059  -0.0060750486  -0.074023249  -0.93937726  0.14999561  -0.076819309  0.25627677  0.086757592  -0.035702581  -0.028449811  0.0029809164  
0.012479729  0.0011370154  0.0079913332  0.14025736  0.94404926  -0.20127067  -0.045351953  -0.11178049  -0.00018470382  0.050155537  0.0044782046  
-0.00090056118  0.0074444807  0.022524590  -0.023250084  -0.22505577  -0.89544268  -0.12767768  -0.062593511  0.14310087  0.30400644  -0.0020081584  
-0.0066138627  0.014907824  -0.40258483  0.28357092  0.025451874  -0.21496923  0.61072961  0.47716723  -0.18829800  -0.099033583  0.026123568  
0.010738696  0.0038765540  -0.093617632  0.069652955  -0.045831622  0.12267234  0.57140677  -0.56246876  0.50985390  0.21502350  -0.070277857  
0.012940860  -0.00027911550  -0.0061846773  0.021546606  -0.041607831  -0.19204014  0.13515994  -0.61197508  -0.57352982  -0.36586067  0.065982363  
-0.0039302055  -0.010445581  0.033053405  0.0075947225  -0.00020103310  -0.19440079  -0.052078928  0.049959362  0.50970169  -0.82843697  -0.021058453  
7.6117043e-05  -0.00040026106  0.0064880663  0.00097398870  0.0050553139  -0.023308694  -0.015201681  0.014091368  -0.091999972  -0.026319896  -0.97897507  
