0.99888157  0.00039508564  0.0014524662  -0.017185221  -0.0060093142  0.0076461490  0.0012933868  -0.0060300778  0.0011586425  -0.0026727985  0.0074142249  
-0.00056562173  0.99826371  -0.0058468674  0.00043523750  -0.017931355  -0.0085875189  0.015770911  -0.017061893  -0.0040023691  0.0063046227  0.00058650023  
-0.0032114074  -0.010135383  0.74391459  0.066868013  -0.40778984  -0.16396275  0.38321001  -0.042621963  -0.027664002  -0.012315114  -0.0040776971  
0.016120936  0.0030054005  0.014354943  0.97741091  0.17169047  0.077157166  0.013551240  -0.0084643305  -0.011393907  0.0071776196  -0.0016918591  
-0.0097271287  -0.0023883238  -0.082775561  -0.061259512  -0.080614907  0.88726969  0.42183823  -0.092552847  -0.042279797  -0.011866701  -0.021722331  
-0.0029745857  -0.0033288028  -0.080136505  0.13311893  -0.79176311  0.19993985  -0.52437892  0.10157981  0.088724089  0.021072151  0.019869478  
0.0027924897  0.025111302  0.56969846  -0.098462119  0.40057399  0.36722529  -0.54130657  0.12480867  0.15153419  0.033311523  0.037907903  
0.0057818043  0.013762774  -0.049155423  0.0056178975  0.0046207886  0.0040398546  0.19791768  0.97278840  0.071174530  -0.0039384172  0.012083089  
-0.0030383128  -0.00060674555  -0.051614436  0.0018628578  -0.0067425896  -0.042541987  0.14424236  -0.10435836  0.94509318  -0.052884039  -0.050322584  
0.0026046196  -0.0072079773  -0.012746336  -0.0061612387  -0.0039324310  -0.010429421  0.046346387  -0.0089503780  0.043735388  0.99614830  -0.023439283  
-0.0080338506  -0.0020277434  -0.018438894  -0.00045851735  -0.0046992691  -0.0023709055  0.048311942  -0.025195147  0.018438188  0.019569532  0.99187103  
