0.99895643  0.0013605118  -0.0019125754  0.0051742293  -0.0067044403  -0.0041107429  -0.00041751766  -0.0021774627  -0.0033965943  -0.0054644625  7.1038701e-05  
-0.0013903392  0.99715026  -0.047871031  -0.0017541099  -0.0063939344  0.0029340531  0.018006277  -0.011368133  -0.0067172712  0.010404234  0.0039693003  
0.00091648149  0.053544599  0.73716500  0.0036505384  0.022957271  0.0045512351  -0.53309036  0.26280430  0.081882570  -0.24999724  -0.010381023  
0.0040628583  -0.0015166726  0.014316359  -0.97683302  -0.12365667  -0.16131023  -0.012093457  -0.0082248878  0.017738812  0.034682122  0.015405498  
0.0085795079  0.0043297971  0.0078739086  -0.16359504  0.94696119  0.26658378  0.030939695  -0.026208767  0.011512700  0.019971150  -0.018997234  
-0.0034893201  0.0046057921  -0.012064503  0.11869794  0.28548738  -0.93764476  -0.019091465  -0.086139256  0.040864657  -0.051866701  0.025731398  
0.00057767209  0.010217482  0.51394513  -0.00058442857  -0.016777698  -0.033862900  0.81663280  0.13216861  0.018457955  -0.12540898  -0.010408766  
0.0012653296  -0.00099970175  -0.34889159  -0.014437784  0.035008487  -0.054030150  0.076234919  0.85522539  0.18532267  -0.17267591  -0.20578248  
0.0032915807  0.0038903354  0.020845408  0.019031110  -0.030431501  0.047974622  0.022743888  -0.17726999  0.96391067  0.15167127  -0.031698798  
0.0051898197  0.0026709162  0.19739039  0.036985133  0.011237458  -0.074440026  -0.053853461  0.23541534  -0.10956221  0.88160536  -0.27948128  
0.0087462403  0.00030778896  0.027761655  0.021536013  0.0079073058  -0.068905337  -0.0062544044  -0.015318345  0.073616162  0.073490916  -0.045129961  
