0.99823048  0.0012214511  -0.00079391367  0.021783995  -0.014393044  0.0095900244  -0.0023203736  -0.0047828953  -0.00098800477  -0.0019244955  -0.0044754290  
0.0015056818  -0.99747969  -0.0096598125  0.016105583  0.0086698057  0.0060732887  -0.0084777749  -0.0088470908  -0.010345885  -0.0064672214  0.020686149  
-0.0015845191  0.013913247  -0.90721063  0.27960444  0.11119244  -0.053880540  0.12183732  -0.039856626  0.058014084  -0.062400419  -0.036106926  
0.010666243  0.012202154  0.28912767  0.73309532  0.53928662  -0.26488385  -0.042818700  0.0085702644  -0.044672205  -0.042568518  0.012246882  
0.016532261  0.0031037826  -0.078568342  -0.50444819  0.81707939  0.21702170  -0.074085254  -0.012452132  -0.11186909  -0.046696053  -0.00039948035  
0.014723332  -0.011088833  -0.044247564  -0.34278718  0.032646635  -0.93557403  0.0039471816  0.0013194999  0.0028620907  0.0026771040  -0.017990714  
-0.0010599820  -0.0055928216  0.10328223  -0.027370404  0.12659374  0.012259530  0.52587015  -0.45651875  0.49479880  0.46839266  0.062223184  
-0.0045478709  0.0039622125  -0.015701460  0.00062668704  -0.042196221  -0.00039785686  -0.53462915  -0.71076984  0.25707852  -0.28422386  -0.17097128  
0.00063629068  -0.0047100241  0.025421988  -0.0079373741  -0.054995828  0.0046740517  0.53963982  -0.38556643  -0.56716122  -0.27344153  -0.15364841  
-0.0011018685  -0.011747665  0.11749844  -0.044991652  0.040841207  0.020801329  0.32107246  0.24640179  0.48669582  -0.66236358  -0.34266353  
0.0024552874  -0.027753843  -0.044882003  0.0074978223  0.020833242  0.020554414  -0.074401946  0.19160579  0.058813524  0.40760824  -0.77535031  
