0.99891383  0.0020739108  3.4027116e-05  0.0067650960  -0.0011926674  -0.011268729  0.00031081228  -0.00035921947  0.00072107325  0.0033447751  -0.0010074154  
0.0033324132  -0.74005738  0.57596767  -0.17584810  -0.042111534  0.043368031  -0.0093875420  -0.14584557  0.091110577  0.013701515  0.0086233034  
0.00058629898  0.57259135  0.36389789  -0.39496784  -0.15622850  0.099983698  0.0062920312  -0.34778060  0.26066331  0.042866647  0.025155796  
-0.0030254338  -0.18233613  -0.40618325  -0.65976929  -0.57002286  -0.018197904  0.0043411373  0.089726986  -0.061825256  -0.057914266  -0.0054753979  
0.0026733466  -0.043481032  -0.15238621  -0.57110287  0.76443975  0.037420118  -0.015716970  0.053591882  -0.042753120  0.15166744  -0.079844908  
-0.0094126613  0.043876101  0.094281975  -0.068311786  0.021553442  -0.99003465  -0.0011197122  -0.020503755  -0.0028644501  0.0046565244  -0.0069167162  
-0.00016236944  -0.00016973939  0.029185323  -0.017172626  0.019875271  0.0011927047  0.99135486  0.10087281  0.034106521  -0.038655712  0.0094243314  
-0.00012280509  -0.13508971  -0.35247257  0.10947680  0.064474805  -0.027011833  0.10651787  -0.89044166  -0.040811891  -0.0027070632  -0.051207362  
0.0012328544  0.080659646  0.22349317  -0.059014491  -0.065960654  0.029083617  0.034638424  -0.097523295  -0.89781092  0.066456342  0.21491097  
0.0018502757  0.042188817  0.090349197  -0.062290553  0.13247081  0.022994936  -0.025346474  -0.0055736331  -0.22062768  -0.59165261  -0.51998601  
0.0025894409  0.013080548  0.038377444  0.035341282  -0.14448555  -0.0028032089  0.0099865896  -0.0076521617  -0.00054425223  -0.21404468  -0.55851453  
