0.99734986  0.00080677759  -0.0048678513  -0.0065725073  0.013975762  0.0059242318  -0.0029050011  -0.021207653  -0.0051242061  -0.0071435664  -0.00085536774  
-0.00062179699  0.99681125  0.023544235  0.00094671551  -0.0035293991  0.0068257733  -0.017030996  -0.0010106069  0.0077683342  0.0063278544  -0.0017566536  
0.0028546598  -0.023030740  0.98148989  -0.099712663  0.015171132  -0.0084495274  0.041904098  -0.0087053723  0.013068569  -0.0092333964  -0.017689023  
0.0061633215  -0.0043536510  0.10111080  0.98945190  0.0044980826  0.045738648  -0.034770495  -0.0095371758  0.025367131  -0.0018827492  0.0068939606  
-0.015888280  0.00074228040  -0.012650882  -0.019697496  0.93678624  0.33845020  -0.032731990  -0.012415096  0.0069389515  -0.0095071049  -0.0035339242  
-0.0011235695  -0.0069323185  0.0076867825  -0.041014844  -0.33703478  0.93597664  0.036783748  -0.0084161578  -0.012817999  0.012046077  -0.0043729631  
0.0041451786  0.018020572  -0.038567690  0.040053756  0.042531704  -0.020968915  0.99041740  0.077558764  0.014693663  0.0034671712  -0.016130955  
0.020997568  -0.0013455071  0.011543356  0.0010544234  0.0043151453  0.015665740  -0.077884803  0.98591737  0.11781982  -0.018577406  0.031656579  
0.0031645686  0.0054796696  0.015804651  0.026037146  0.015766561  -0.0093316895  0.0021111277  0.12034383  -0.95484220  0.24040358  -0.0071048026  
0.0090808634  -0.0082007554  0.0038490439  -0.0050498809  0.0097915361  -0.0056502054  -0.0080456132  -0.010724768  0.24275709  0.95761208  -0.064359572  
0.00091164062  0.0011268105  0.015563186  -0.0083043238  0.0034045531  0.0036360062  0.018713820  -0.029964255  0.0066209067  0.065011217  0.99435213  
