0.99905279  0.00064613758  0.00035587005  0.015962924  0.00016149842  -0.00023362895  -0.011308929  -0.0025786832  0.0012840983  -0.00020211005  0.0014356902  
-0.00060474180  0.99127533  -0.014744177  0.0047169733  0.0068557305  -0.0015062940  -0.0030565699  0.0025230939  -0.0082664557  0.0010808835  -0.00038875183  
0.0011636427  -0.015504010  -0.80852999  -0.026490336  -0.11537962  0.10707721  -0.0047201587  0.022942376  -0.046108483  -0.051371896  -0.010285149  
0.016185605  0.0036366531  0.011777975  -0.97480876  0.17272717  -0.010363731  0.042912565  -0.020785307  -0.0080938852  0.0090542840  0.12213251  
0.0022821121  0.0081236859  0.030640957  -0.15915671  -0.93997415  -0.26571808  0.043370318  0.030111315  0.0059301808  0.028391777  0.032921642  
-0.0099613719  0.00036681301  0.0035288329  -0.028797916  -0.022984539  -0.12930115  -0.74694452  -0.50581397  0.043618945  -0.38364505  -0.0025823019  
0.0019349720  -0.0046088090  0.15058012  0.035086028  0.18792915  -0.81064781  -0.058064799  0.31919449  -0.10861070  -0.068335476  -0.038481158  
0.0042061374  0.0016322312  -0.015178970  0.075599620  0.064260887  -0.28529004  0.55068559  -0.70424483  0.019773340  0.029601403  0.16168001  
0.00074405663  -0.0066473178  0.048719035  0.0077512890  -0.030179371  0.089433513  -0.021768127  -0.075464915  -0.98878115  0.0027747833  0.039138653  
0.0025578537  0.0030774417  0.045437372  -0.080501195  -0.029687066  0.072031791  0.30548983  0.079697592  -0.029334058  -0.65937482  -0.64533450  
0.0021443656  -0.0010529075  -0.053380382  -0.082647247  0.022600245  -0.10515294  -0.13998243  -0.23077913  -0.019785529  0.60655028  -0.73040658  
