0.99859657  0.0028383110  -0.00047088810  0.015684245  -0.0032230947  -0.00091446474  0.0022835911  0.0017743840  -0.0032525119  -0.0053089868  0.0089429158  
-0.0025553661  0.99796288  -0.017080761  -0.023678988  0.020874800  0.0027161085  -0.0050252479  -0.0026292809  0.0035803097  0.0014247781  -0.0013011695  
-0.00036452150  -0.018783354  -0.93909294  0.00074185399  -0.012116613  0.13872125  -0.25599358  -0.10098675  -0.013242284  0.026228716  0.0037539489  
0.015307417  -0.023673684  0.00040534704  -0.99755535  -0.00047505260  0.0058136297  0.0035531179  0.0012456714  -0.019422364  -0.024392905  -0.00015294242  
0.0022996401  -0.020711065  -0.023443328  0.00053077925  0.99633388  -0.0081301762  0.024986848  0.0074757977  0.0014545775  -0.0054777535  0.0038817899  
0.0012943734  -0.0012011175  0.15842454  -0.0045491953  0.021024427  -0.56609580  -0.72283831  -0.33134269  -0.0045186162  -0.042950517  -0.0067510636  
-0.0027502032  0.0010631086  -0.26010606  -0.0014755505  -0.025810968  -0.78150654  0.38684174  0.32665205  0.031051995  -0.074863458  0.027334001  
0.00028773963  -0.00067863143  -0.049124195  0.00024660661  -0.0067654300  -0.10617829  0.46242566  -0.87370152  0.0051125006  -0.012436126  -0.00069169826  
0.0057461664  -0.0045910990  0.0045642276  -0.022315089  0.00063483645  0.017936568  -0.018186730  -0.0077728790  0.97188273  0.10551430  0.039367772  
0.0054497207  -0.0013029804  0.010159471  -0.020458524  0.0028532591  -0.093165797  0.016963014  0.0058149158  -0.099225580  0.98004516  -0.086743599  
-0.0048886504  0.0013551134  0.0096728497  -0.0086543000  0.0050539769  0.0038410201  -0.016605029  -0.011905556  -0.046632996  0.11178508  0.92510279  
