0.99905993  0.0017979483  0.00034750944  0.010837784  0.011104487  0.0069562472  0.0036641062  -0.0025656332  0.0050178500  -0.0046186319  0.0036549373  
-0.0016763208  0.99883884  0.0054290341  -0.0017977987  0.0014047858  -0.0034592345  -0.0021552755  -0.012473756  0.010475713  0.0082063866  0.00069185036  
-0.00067149537  -0.0054628947  0.97859054  0.036158729  -0.018112907  0.00071470253  -0.0059722894  -0.0092145064  -0.00072217754  0.00087840783  0.0041092565  
0.014469452  0.00037674282  0.023523974  -0.85700998  -0.40085038  0.051706522  0.062140719  -0.14760867  -0.25881964  -0.0066341630  -0.031455483  
0.0053196905  0.0029140468  -0.033911123  0.47462019  -0.85072104  0.018951295  -0.0043103976  -0.10047474  -0.17081285  0.00033654794  -0.016495933  
-0.0087469042  0.0026956638  -6.5370182e-05  0.030412293  0.012604458  0.97014623  0.20050702  0.013992328  0.11383822  -0.0044130129  -0.026817154  
-0.0018627986  0.00088269937  0.0043329418  0.011241919  -0.050086599  -0.21746322  0.95400551  0.086106611  0.16537696  -0.027590451  0.012998466  
0.0028405081  0.015884982  0.0067342268  0.096598823  0.16369778  0.060177530  0.11589206  0.53246950  -0.79910062  -0.011837951  -0.0076623646  
-0.0042680115  -0.0049541661  -0.0051308317  0.15704969  0.28025006  0.020641706  0.16706146  -0.80709466  -0.40768756  -0.018151763  0.072325130  
0.0043880633  -0.0080549132  -0.00076508110  -0.00033119762  0.0046430335  -0.0012912051  0.032722814  -0.0082283942  -0.014608506  0.99634199  -0.030201296  
-0.0040232249  -0.00044158477  -0.0040212913  -0.026447296  -0.045911841  0.030892116  -0.012532314  0.040862730  -0.0072650348  0.031605903  0.98560024  
