0.99801716  -0.0013742459  -0.00047029956  -0.020323871  0.0062176084  0.0055835857  0.0082461047  -0.0099246949  -0.0054335557  0.010067818  -0.00035823203  
-0.00063518239  -0.99026255  -0.018884232  0.00029198855  -0.0079471471  -0.010364353  0.0048883033  0.0019192005  -0.013294080  0.0018088188  -0.00024726053  
0.0012622135  -0.018549330  0.62044658  0.0045153837  -0.12931787  0.31832316  0.085132207  0.088574080  0.0054234318  -0.071584452  -0.0050330983  
-0.019988822  0.00024137870  0.0098793607  -0.98483879  0.015540535  -0.027034003  0.11280209  -0.0066887314  -0.0048686761  -0.096908420  -0.0011657262  
0.0055032968  0.0095979553  0.039869445  -0.012294534  -0.97359704  -0.12483661  -0.028438246  -0.0088623670  -0.0012098219  -0.010569775  0.0055279639  
-0.0010416886  -0.0026643952  0.37234911  -0.040859303  0.094761808  -0.73685604  -0.31113703  -0.29529279  -0.025339493  0.30083633  0.016216802  
0.013506662  -0.0010557650  -0.0045438854  -0.049885556  0.025233328  -0.063554387  -0.72437058  0.57699552  -0.066760074  -0.34703320  -0.021162926  
0.0079636079  0.00091352144  0.11555207  0.13369586  0.059469722  -0.41687823  0.36780230  -0.048570478  0.10641234  -0.77564572  0.0056454405  
-0.0055717338  0.012630612  -0.00098264822  0.021427679  -1.4890385e-05  0.014518630  0.048320520  -0.11486685  -0.98402208  -0.10374663  0.0010831832  
-0.0019756688  -0.0080831959  -0.065613651  -0.026088046  -0.019681012  0.31260000  -0.45647577  -0.72537441  0.10086926  -0.32317489  0.0046500939  
0.00056127768  -0.00015211449  -0.0028732271  -0.0019088269  0.0033294031  0.015394383  -0.0095761184  0.020952340  -0.00014818082  -0.0066588249  0.99702065  
