0.99422681  -0.0033453864  -0.018485693  0.0025456514  0.038592775  0.010845944  0.0010829736  0.00078649128  0.017529775  -0.022964331  0.010986834  
0.0021385424  0.99308550  -0.00035711702  0.025367424  0.0081190602  0.026819197  0.0071513445  0.0087164382  -0.00065190219  -0.0036164331  0.010537841  
-0.0062272891  0.0013444353  -0.96811872  0.11898104  -0.024875331  -0.089264938  -0.15347949  0.011725570  0.013634824  0.0061837328  -0.0063542317  
0.015862149  0.010650443  -0.13288068  -0.73955892  -0.52658304  0.32873141  0.13440845  -0.041188642  -0.017087140  -0.024062266  0.048036337  
0.039789895  0.018603697  0.10799057  0.21515240  -0.74375675  -0.58331702  -0.030706620  0.064525126  0.0033694675  -0.013891209  -0.051042113  
0.0079585995  -0.026364163  0.035571623  0.55174999  -0.37948665  0.61897904  -0.12034646  -0.047735981  0.033372305  0.0048391796  0.12433753  
0.0026977880  0.014046168  0.12751847  -0.20701586  0.0061719585  -0.017661738  -0.94918136  -0.086908113  0.12484266  0.032800697  -0.0053136788  
-0.0017973145  -0.0089794804  0.011557607  -0.042002697  0.0083582726  0.082173387  -0.070786195  0.98210916  0.066352911  0.030520530  -0.00076447629  
0.013903980  -0.0021874687  0.0092942492  0.0099531360  -0.00050434028  0.019148835  -0.14025296  0.059264709  -0.95705860  -0.19397634  -0.0036817996  
0.022297965  0.0050164949  -0.0047244564  -0.0071079137  -0.020535940  -0.0011253552  0.0079764304  -0.014380702  -0.22041463  0.91242765  0.027291673  
-0.0019952707  0.0088809398  -0.015631421  0.014531089  -0.032368681  0.10391231  -0.0089391922  -0.0090929025  -0.021521571  -0.19393230  -0.66139947  
