0.99612698  0.0014858365  0.0021166784  -0.0047493955  -0.012296650  0.017044491  -0.0049960917  -0.016174705  0.0054366640  0.00017732420  -0.0072006397  
-0.0010604627  0.98758522  0.00018519709  0.023996942  -0.0088821251  0.0015487104  0.0014090292  0.0021792417  -0.019324303  -0.00075347144  -0.010292768  
0.0023871001  0.015344785  0.56333570  -0.47047129  0.15609593  -0.0059080090  -0.010301637  0.0087141486  -0.025319447  -0.0025411579  -0.043263476  
0.013706020  0.0089891232  -0.17474735  -0.063602969  0.94608104  0.054845026  0.052551039  0.14374602  0.014480395  -0.0056110898  -0.056254618  
0.0057009236  -0.018210709  0.45828164  0.83803923  0.16026686  0.052076456  0.039844943  0.030686770  -0.0066999235  0.0084618899  0.057223341  
-0.0010439828  0.0062841336  -0.0056068095  0.0032609213  0.049500853  0.13309354  -0.89190099  0.062017367  -0.00051103257  0.074809960  0.39421245  
-0.025334456  0.0017716204  -0.0039865141  -0.020091721  0.044311832  0.77469237  0.0040680845  -0.58034333  0.034949678  0.083139800  -0.16497220  
-0.0050230303  0.00095470942  0.014100699  0.050040696  0.14878445  -0.58093936  -0.19049118  -0.73836390  0.023710890  -0.084239883  -0.12517073  
-0.0046140918  0.019304014  -0.014645510  0.0046023203  -0.015887589  -0.012256210  -0.00098930375  0.038638248  0.99294302  -0.0086493213  -0.00032425162  
0.00035086708  0.00018985615  0.0094415438  0.0033735644  0.0040128737  -0.12685121  -0.0018999841  0.016392124  0.0068872388  0.97577128  -0.14394134  
0.0081426085  0.0039899754  -0.069114642  -0.074535423  0.046476720  -0.0054196862  0.31865855  -0.20624255  0.0068898978  0.13360603  0.73905221  
