0.99814514  0.0015018766  0.00039910353  0.0069127214  0.0061959213  -0.0012323989  0.0021746553  0.015136046  -0.0081173861  -0.0030545261  3.4973521e-05  
-0.0012845097  0.99797263  0.0016984464  0.00088113666  -0.0078210954  -0.0029970122  -8.6436573e-05  0.0018096552  -0.0028024298  0.012535641  -0.00070133693  
-0.00019652799  -0.0047061797  0.69896943  0.042613231  -0.39717167  -0.43986932  0.19744731  0.042616579  0.053726875  -0.0010200741  0.0031533243  
-0.0013227109  0.0012375191  0.052383598  -0.81762095  0.36712844  -0.23062831  0.20913170  0.12876204  -0.26321651  0.052696048  -0.024354633  
0.0075452499  -0.0061128508  -0.11043665  -0.40667158  -0.76678460  0.34773229  -0.19666004  0.10748779  -0.22155184  0.077603677  -0.013299626  
-0.0037968582  0.0019676334  0.59505442  -0.053732061  0.29811017  0.65234045  -0.21850036  -0.081823934  -0.065764227  0.062281044  -0.0015073367  
-0.0085605227  -0.0023214624  0.046115161  0.068988236  0.11458098  -0.36775758  -0.83348520  0.30318127  -0.21297698  0.055465405  -0.044851075  
0.0031763736  -0.0027201459  -0.018689833  0.15692658  -0.020500209  -0.12778110  0.0098553440  -0.67472120  -0.68627434  0.11357038  0.0066201206  
0.016931115  0.0016557897  0.0019157628  -0.34451346  -0.042913619  -0.14445728  -0.33975651  -0.62720356  0.56588507  0.047452388  -0.023426360  
0.0021278373  -0.011967381  -0.036333837  0.074766571  0.021995427  -0.0095247149  0.079737176  0.081029510  0.10348068  0.98071032  0.0045086370  
9.1346351e-05  0.00058854155  0.00019975281  -0.032102031  0.0033837081  -0.019108825  -0.044150991  0.0072793599  -0.0015343714  0.00098972263  0.99564428  
