0.99869214  0.00024564701  0.0045454530  0.015498547  0.0075235840  0.0061647902  0.0018169790  0.0059857278  -0.00027319202  -0.00058918152  -0.0031604841  
-0.00038179527  0.99778665  -0.024111929  0.0031669598  0.0056619266  -0.0029233036  0.022058353  0.0015905402  0.0023289670  0.0098483495  0.014531043  
-0.0016206486  0.032859942  0.77130785  0.038353593  -0.0080243168  0.14869938  -0.49320200  0.061549168  0.072698380  -0.059041677  0.010001784  
-0.015855702  -0.0044400012  0.035579226  0.98498680  -0.034327745  -0.028575162  0.10348432  -0.0060411332  0.018487520  0.078188223  -0.070851824  
0.0087046084  0.0053977808  -0.00045216457  -0.023314823  -0.97029012  0.043862188  0.0093270968  -0.20708933  -0.0096284749  -0.070834255  0.073512381  
-0.0068734904  -0.0044706500  0.15135059  -0.048972657  0.038015470  0.85357035  0.44567332  -0.062034487  0.029885491  0.14572728  -0.10213203  
-0.0036930378  -0.0039783456  0.23705306  -0.058932540  -0.16782109  -0.17564940  0.30511876  0.71661611  -0.44552829  0.24199814  0.035931577  
-0.0011515820  0.0050348819  -0.42158313  0.082965135  -0.10728452  0.39664186  -0.47769928  0.57036024  0.10020090  -0.17165581  -0.12025362  
0.0012058729  0.011854172  -0.090363401  -0.024677108  -0.0041754320  0.048390405  -0.31657793  -0.28118450  -0.58209462  0.33880570  -0.57850171  
-0.00065403242  -0.0042805184  -0.070387425  0.10598492  0.11136169  0.20895889  -0.10933503  -0.15026217  -0.62340866  -0.27589079  0.61053649  
0.0033973701  -0.011398806  -0.088712700  -0.0048472896  -0.016413355  0.056220392  -0.24891181  -0.038024179  0.17918146  0.80259763  0.47348617  
