0.99736100  0.00061370901  0.0010234394  0.0035824205  0.032107463  0.0093737234  0.00089767090  0.0012791816  0.00086371635  0.0021682560  0.00033284391  
-0.00080497809  0.99731284  0.0019311488  0.0048846000  0.0061250668  -0.0024782287  0.011564178  0.0021511094  0.016922919  0.00063959913  0.0029149833  
-6.1039459e-05  -0.00010266529  0.90489331  -0.0018537465  -0.00012190730  -0.0056471161  -0.039338695  -0.0064205076  -0.0022859601  0.011394523  0.00019340231  
-0.0090966270  -0.0062243181  0.0022385141  0.98308020  0.16404206  -0.011876411  0.020520694  -0.0065788331  0.0097341311  -0.00099853849  0.0024685054  
-0.030626591  -0.0055413857  -0.00016410376  -0.16361640  0.98197482  -0.036131982  -0.0077162179  0.027721234  0.015042159  0.0039405070  -0.010836816  
-0.010325218  0.0023466241  0.0080745551  0.0065815706  0.036073654  0.99584019  0.00019441861  0.043525911  -0.014594205  0.0048440441  -0.0059940796  
-0.0010131330  -0.010582144  -0.028249429  -0.021986051  0.0050143082  0.00097445081  0.97863063  -0.016479319  -0.0028664919  -0.023976006  0.00029892387  
0.00040987973  0.010755927  0.0058287196  0.012164386  -0.0081510119  -0.040975677  0.010681049  0.70067961  -0.70434584  -0.024354333  -0.048405543  
-0.00062088075  0.012422412  0.00010761607  -0.00090772745  0.026318708  0.015543834  -0.0051919513  -0.66109733  -0.65919324  0.30630164  -0.15314849  
-0.0022962292  -0.0048824977  -0.0093256565  0.0024261367  -0.014569493  -0.011658491  0.028468104  0.23891836  0.20736480  0.94186903  -0.049689846  
-0.00047835599  -0.00068355384  -0.0063754745  -0.0037030704  0.013532168  0.0059118727  -0.00076216132  -0.056602742  -0.12758329  0.094616964  0.98275487  
