0.99457753  -0.00098979286  -0.0030973497  -0.0075161721  -0.037421304  0.010259284  0.014158731  0.032700167  -0.014802122  0.0016058494  0.0013830675  
0.00096777056  0.99425078  -0.017751723  0.013533559  -0.0011389980  0.0025806441  -0.015153436  -0.0021244452  -0.022504378  0.0055820098  0.0021901128  
0.0038199696  0.015767691  0.96979594  0.036134356  -0.019793640  -0.038410676  -0.019982185  -0.0096225236  -0.0099741011  0.097942628  -0.014292128  
0.0056364639  -0.013426118  -0.030927182  0.98404476  -0.012981642  0.10508230  0.0010128360  0.0091295522  -0.00086020009  -0.029906068  -0.0023236903  
0.041103934  0.0010163468  0.020445862  0.013355661  0.98820196  0.026370916  -0.057592680  -0.051073905  0.046767891  -0.0085674586  0.0016008200  
0.012891685  0.0025949273  -0.042946341  0.10338355  0.020256566  -0.98166085  0.0082677812  -0.052405791  0.067970988  0.0038156137  -0.0061534644  
0.0048375427  -0.024195759  -0.032167258  0.0045539285  -0.030955077  -0.033643473  -0.90304224  0.012845241  -0.39246950  0.096902505  0.018955171  
-0.028433026  0.0045185357  0.013645429  -0.0041290885  0.046785629  -0.047410553  -0.035869395  0.98392922  0.097403653  -0.049527489  -0.037568096  
0.014519182  0.012741813  0.065055929  -0.019527723  -0.064998730  0.035609953  -0.34837109  -0.10120205  0.62825793  -0.66560695  -0.0034014255  
0.013296530  0.0078296321  -0.064852163  0.011599765  -0.037351481  0.054087057  -0.20026643  -0.030161556  0.64883582  0.70453331  0.0031570238  
-0.0026739469  -0.0014311324  0.016780310  0.0057690194  -0.00012832175  -0.0068574197  0.014012283  0.031020968  0.012783989  -0.012979877  0.98868079  
