0.99729558  -0.0038151359  0.0028888265  0.026867433  0.011423866  0.0026319844  -0.019295059  -0.0027306098  0.018936108  -0.0089215960  0.0062679067  
0.0029917135  0.98946002  0.0071025068  -0.0018833458  -0.0021981824  -0.0079025819  0.014361760  3.5760325e-05  0.021674187  0.0015354507  0.00027257486  
-8.9882658e-05  -0.0064898647  0.74337337  -0.017908779  0.022733124  -0.15859871  -0.033848303  0.00042159010  -0.015994989  -0.0050575608  -0.0084927232  
-0.032096175  -0.00024887201  0.038787231  0.96284587  0.18951505  0.025969961  -0.032020789  0.037777738  0.14324809  0.026746113  0.050926492  
0.0049918561  0.0016004909  0.0091519620  0.20896094  -0.90868703  -0.15782776  -0.18867835  -0.15172300  -0.19408870  0.053641873  0.017096814  
-0.0013160035  0.016134716  -0.15374039  0.025645808  -0.024649054  0.81291746  -0.29299271  -0.039776923  -0.24813507  -0.026135689  0.027981728  
0.0011781145  0.018319935  -0.032882103  0.056713277  0.33194873  -0.29931679  -0.24419597  -0.40449818  -0.71218521  -0.16402163  0.12490655  
-0.0012126682  0.010630558  -0.016262828  -0.014136772  0.026502716  -0.16421662  -0.42656211  0.84898065  -0.24350955  0.0071272575  0.030587656  
0.022276544  0.0019478776  -0.011836671  0.12758696  -0.071202465  0.074830050  0.63837440  0.22714758  -0.46963989  -0.12244352  -0.49620558  
-0.014760137  -0.0010054243  0.0030783682  0.0098034163  -0.080340474  0.0015994694  -0.10103342  0.018715278  0.19825916  -0.96554815  -0.063544704  
-0.0021913036  0.0034186196  -0.018044599  -0.0022125667  0.090884262  -0.071119003  -0.44277531  -0.16811271  0.14892453  0.11502408  -0.83249921  
