0.99876145  -0.00017309115  0.00060108205  0.00040292927  -0.015211982  0.00089156689  0.0022009941  -0.0013980620  0.00066572951  0.0029505401  0.0033021624  
0.00017234396  0.99854168  0.010334349  0.010793021  0.0059831809  0.0025263825  0.0095212149  0.010923996  -0.0015615164  -0.0029744975  -0.0011959922  
-0.00021915001  -0.011564271  0.88269992  0.014923436  0.0040796875  0.011589755  -0.12831019  0.088890718  -0.10834034  -0.13809772  -0.015963246  
-0.011134352  -0.0029208887  -0.034152039  0.69063054  -0.71362569  0.058823606  -0.012541773  -0.013270697  -0.025504934  -0.021275831  -0.0076235621  
0.0092825777  -0.011553547  -0.075938532  0.69223337  0.67197557  -0.10356541  -0.046967758  0.084492023  0.091477719  -0.10910884  0.028308140  
-0.00018345746  -0.0037726812  -0.011054155  0.0056573293  0.080771765  0.94943681  0.081715336  -0.0031345462  0.22930514  -0.15416503  -0.036060799  
-0.00084772658  -0.012678943  -0.082911668  -0.045957611  -0.053839982  -0.0095295519  0.41165334  0.88721197  -0.064045811  0.044546246  -0.0032583575  
-0.0018386623  -0.0063379540  0.10896878  0.054560922  0.046939024  -0.069739410  0.88293807  -0.41642040  -0.085477114  -0.040663272  -0.010473946  
0.0052090958  -0.0017370666  -0.049139082  0.082809735  0.13185175  0.26245771  -0.068814643  -0.035759897  -0.81478527  0.28485852  -0.0031389797  
0.00048729544  -0.00070233173  -0.17937682  -0.084734188  -0.044136108  -0.049913170  -0.033176989  0.013690013  -0.36716137  -0.87309346  0.082430662  
0.0038155087  -0.0014228061  -0.032151254  0.0027662331  0.015568827  -0.043579449  -0.014890153  0.0010505877  -0.023510472  -0.064773400  -0.98868790  
