0.99836809  0.0028464790  -0.0054564461  -0.0052891207  0.015904559  0.015351267  -0.00092434179  -0.0013250009  -0.0033936496  0.00029886784  0.0085187254  
-0.0037080585  0.99754024  -0.0036290053  -0.00036769534  0.024755832  -0.0019881792  0.0024974885  -0.010937476  -0.00020884605  0.024042738  0.010361673  
0.0028560215  0.0042970766  0.69734446  0.067324067  0.082656432  0.022318103  0.38172605  0.014315931  -0.13101144  -0.13998168  0.20941038  
-0.0076912647  -0.016809821  -0.079448349  0.48021175  0.78627194  0.35576250  -0.073951400  0.052029140  0.032195584  -0.010556785  -0.042354012  
0.012794124  0.012733701  0.016189092  0.76992261  -0.57191657  0.22869814  0.049198822  -0.010158400  0.10569286  0.095730192  -0.0077235786  
-0.014903272  0.0055042912  0.016105876  -0.39114604  -0.16585165  0.90323604  0.0075510809  -0.010264148  -0.011428911  0.0066561280  0.0025677869  
0.00076793191  -0.015827294  0.33534670  -0.052963275  0.034219338  -0.018975114  -0.33618499  0.39679373  0.091624587  0.75979313  0.068278662  
0.0044563060  0.029358235  0.052245866  0.0069294228  -0.099680842  -0.0033769113  -0.27258550  0.75965964  0.013716739  -0.48195430  -0.23002050  
-0.0025660019  -0.0038542396  -0.24368692  -0.0026677118  0.020230967  0.00043245853  0.69185659  0.40685849  -0.40914191  0.26621782  -0.15305618  
0.0039005090  -0.0017035794  0.066444496  -0.089403977  0.060384960  -0.017189648  0.40738377  0.10694837  0.84636362  -0.028250760  -0.21261533  
0.0063554754  0.0071552266  0.21768436  -0.011353310  -0.0013257398  -0.013672089  -0.065906628  -0.27049693  -0.12185721  0.14004919  -0.86927772  
