0.99772316  0.00076260899  0.0015618181  -0.025360298  -0.011414870  -0.0019446973  -3.4636503e-05  -0.014703535  0.0011682246  0.00068879894  -0.0012544380  
-0.00087524148  0.99733759  0.021717350  -0.00098357832  -0.0013492892  -0.011980943  -0.0066436574  0.0048786351  -0.011645357  0.0067662729  0.00084421829  
-0.0015207488  -0.021766157  0.99502075  0.011188303  -0.018098695  -0.013930601  0.026925147  -0.0015784048  -0.0011598868  0.0017197164  0.0027183942  
0.026441011  0.0010846454  -0.0079687167  0.98088056  0.16676861  -0.022330476  -0.013483850  -0.035113358  0.028540411  0.043815116  -0.00034172557  
0.0058917409  0.0022289759  0.017118047  -0.16455075  0.97538153  0.021782473  0.12067587  -0.011615987  -0.0013976750  0.0043495476  -0.0094824437  
-0.0020747735  -0.011431612  -0.014429792  -0.023996448  0.015047722  -0.99559547  0.026495791  0.0057049594  0.0049583441  -0.018550217  -0.0065192534  
-0.00083503897  0.0080528333  -0.028779254  0.031848623  -0.11794227  0.023754832  0.98817211  -0.026049549  0.022834130  0.013704047  -0.0041584050  
-0.015648282  0.0047723861  -0.00049788794  -0.036180130  -0.014697068  -0.0062710765  -0.028659479  -0.99229667  0.038310062  0.041110615  -0.070561731  
0.0012441000  -0.012482585  -0.0029236131  0.017934423  -0.0013674823  -0.0088032869  0.018296507  -0.032347931  -0.97386694  0.20886974  0.033028762  
-0.0015773196  -0.0046186196  -0.00051371350  -0.045999975  -0.0093788734  -0.015495889  -0.015912718  0.055041866  0.20291959  0.97002414  -0.065412208  
0.00014840798  -0.00033611471  -0.0032504244  -0.0078562579  0.0073271016  -0.0073186139  0.0017109550  -0.066037511  0.049082603  0.059996353  0.99218255  
