0.99685406  -0.00049814155  0.0079506040  0.0067855033  -0.0015098018  -0.028298421  0.00064062054  0.020542101  -0.00083441426  0.0052554427  0.0065063573  
0.00081761637  0.98936170  -0.036739361  0.018040734  0.0073207176  -0.0041759899  -0.025695935  -6.2517979e-05  -0.0040116274  0.00050859603  0.0049556077  
0.0074024321  -0.036715198  -0.83883547  -0.094057676  -0.069412451  0.010733126  -0.21219207  -0.0051965161  0.014399337  0.026382861  0.0033968678  
0.0083648464  0.017219139  -0.12379586  -0.91491975  0.10176434  0.057639624  0.14584703  0.0073062744  0.029113207  -0.0093125074  0.0087313441  
0.0028899206  0.011881620  -0.073241189  0.0076342630  -0.93927553  0.13499601  0.23590969  -0.0011374158  -0.021883723  -0.067607385  -0.0052165496  
0.028292793  0.0011453606  0.027040945  0.052460823  0.11577926  0.97730048  -0.084490100  -0.015370455  -0.0033470373  -0.0073856439  -0.024430496  
0.0017203925  0.011819966  -0.21111853  0.16775563  0.23505965  0.047753964  0.91811511  0.0042214927  -0.0068765030  0.0020543128  0.043514028  
0.021362399  0.0014031977  -0.0052713024  -0.0021158874  0.0076202011  -0.020381282  0.011210313  -0.98375081  0.0086266008  -0.049380296  -0.14587419  
-0.00080461744  0.00090322301  0.016389739  0.027844294  -0.025929920  0.014218796  -0.0056596630  -0.053282047  0.90712165  0.053370316  0.37297279  
-0.0027609296  -0.0063986408  0.00097713708  -0.0051525751  0.016715422  0.012782950  -0.043629394  -0.11419729  -0.34228121  -0.31952518  0.80872705  
0.0049976621  0.0022104384  0.0090370872  -0.0093001942  0.047619316  -0.019194241  -0.0011054577  0.086583270  0.17412976  -0.93475187  -0.23204525  
