0.99785458  -0.0014941299  0.0018855067  -0.0085027047  -0.023210745  -0.0048271036  0.011473673  0.018183803  -0.0046370439  2.6884968e-05  0.0010044164  
0.0014988666  0.99769966  0.0066048383  0.017355630  0.0052827264  -0.0013378251  0.015090897  -0.00069398947  -0.0017747238  -0.0012352620  -0.0037372163  
0.0011953685  0.0072321723  -0.99339129  -0.0090952934  -0.044000881  0.041379721  -0.017352279  0.0017374953  -0.0062645716  -0.012985784  -0.033109937  
0.0084310836  -0.017022812  -0.0097735994  0.99151725  0.0029613875  0.080994062  0.0056793019  -0.00012982972  -0.0011650031  0.0023224399  0.011283148  
-0.024565993  0.0031057880  0.037787173  0.012816615  -0.98310202  -0.11417132  0.10389097  -0.0091971699  -0.014157024  -0.021999228  0.0071060497  
0.00052031624  0.0015885667  0.045689220  -0.080383861  -0.10634981  0.98162290  0.078611145  0.0012858917  -0.010332255  0.057541377  -0.033224885  
-0.0092655663  -0.015420404  -0.025337158  -0.0011956306  0.11098070  -0.067909458  0.98775646  -0.0019035085  -0.0018032840  0.024870283  -0.0016834622  
-0.018260936  0.00066958850  0.0026990989  0.00093480355  -0.0073853940  0.00010713761  0.0036106709  0.99683104  0.017427822  -0.038544809  -0.0015012124  
0.0044286514  0.00032180325  0.0046146351  -0.0043457011  0.0027296540  0.046545084  0.020981167  -0.039064420  0.72279455  -0.67670932  0.018552816  
0.0023495018  0.0024017941  -0.015278151  0.0025744273  -0.024765299  -0.033693048  -0.015892610  0.015816279  0.68418027  0.72002213  0.0064341363  
-0.0011309316  0.0036103413  -0.027599229  -0.0087317708  0.0026294352  0.034270741  0.0028772366  0.0017757358  -0.016202621  0.0065211973  0.99156967  
