0.99939535  0.00059711048  -4.9063832e-05  -0.0014897522  0.011804103  0.0034292597  -0.0019010764  0.0036794503  0.00075234955  -0.0025378432  0.0048283156  
-0.00049066134  0.99748048  0.011937987  0.0054226694  -0.0055293086  0.0071005672  0.019018799  -0.0014955994  0.00092170048  0.0098687223  0.0023370268  
-0.0019280393  -0.016664679  0.81631011  -0.0014597402  -0.068790746  0.49766974  0.14965671  0.035155407  -0.0053688889  0.0083884465  0.017288061  
-0.011537566  0.0013247162  -0.071691579  0.35286650  0.90177011  0.22114837  0.076666782  0.013856734  0.017689915  -0.0013225598  0.0024407063  
-0.0056257415  0.0058701938  -0.050182176  -0.93265701  0.32888773  0.10836094  0.053430806  0.0071094472  0.016546591  -0.012601617  0.0081047671  
0.0028265002  0.010260512  0.47317997  -0.042352865  0.24605324  -0.55256100  -0.61723703  0.015244078  -0.030642935  0.031139919  -0.031574071  
-0.0037518896  0.012980675  -0.20195354  0.0034201728  -0.10401076  0.58000218  -0.73296472  0.20856216  0.018706374  -0.016802012  0.011112158  
-0.0034608436  -5.4702991e-05  0.0087915132  0.0015415833  0.0058697096  -0.13449229  0.16265534  0.97345299  -0.042378032  -0.032896245  0.022209860  
-0.0021645417  -0.0025040406  0.021624637  0.0069021544  -0.014041667  -0.028714751  0.0048615837  0.042126033  0.98434645  0.11906451  -0.074761295  
-0.0014404892  0.0098678667  0.027103594  0.010028161  0.0012338377  -0.019626814  -0.0097004405  -0.027660150  0.11207380  -0.98475651  -0.11295474  
-0.0073947506  -0.0012600249  0.0046018544  0.0080517529  0.0033747526  -0.033078586  -0.018704295  -0.025685112  0.070120118  -0.10409739  0.95947537  
