0.99742317  -1.9818139e-05  -0.00046402308  0.0010420661  0.025970861  0.0017443718  -0.00030652289  -0.010700266  -0.0079805770  -0.0037759924  0.00053104418  
0.00019265360  -0.99035786  0.0033673663  -0.0028994333  0.0027129990  0.011639393  -0.010378736  0.0019830435  0.00031989416  -0.0041801970  -0.0014106171  
-0.0025160015  -0.0033905569  -0.66565372  0.0037106870  -0.0046454981  0.00016388187  -0.0072059698  -0.0011864726  0.0027156679  0.0038507859  -0.0085864851  
-6.3584386e-05  0.00014447245  0.0017718927  -0.97065275  0.017908878  -0.19618720  -0.033923735  -0.077405974  0.0043140388  0.014825876  -0.053554886  
0.017749111  -0.014542853  0.0017053884  0.12492104  -0.65124988  -0.68068144  0.26421428  -0.055632546  -0.010659952  0.11042090  -0.0057622776  
-0.013237245  -0.0024036774  0.0036677283  0.16450311  0.52993467  -0.65763344  -0.49487297  -0.029522619  0.047687924  0.062728383  0.0015496612  
-0.014073104  -0.0094773406  0.0057524312  0.018143438  0.52923612  -0.18649027  0.81507379  0.011006412  -0.10997355  0.014487629  -0.0025679698  
0.011589451  0.00032300553  -0.0015892935  -0.066392261  -0.025994955  -0.074501210  -0.011475512  0.99152251  -0.00031369392  -0.0095258071  0.041530558  
0.00030047242  -0.00054565348  -0.0099829593  -5.2151978e-05  0.026509702  0.0013877001  0.11701077  0.0022871033  0.92636402  -0.020245918  -0.0010135710  
0.00094729169  -0.00011819076  0.0087102311  0.048731429  0.0012748240  0.011332894  -0.0034321574  0.045661224  -0.00069619582  -0.0025769450  -0.98743770  
-0.0016325351  0.00097839402  0.0035695409  0.010944378  0.034072263  0.13193374  -0.0063411858  0.019898634  0.025422992  0.84574584  0.0030028924  
