0.99250022  0.0023348631  -0.0032871269  0.037714456  -0.014263690  0.025705547  -0.023002322  0.0081512220  0.0025654890  0.017669757  -0.016535179  
-0.0021712374  0.99213007  0.019416102  -0.0074533077  0.0039022306  -0.0076061809  -0.018298959  0.010866907  -0.015195338  0.0018187276  0.0046795177  
0.0057119992  -0.013584176  0.73114744  -0.22659434  -0.50531225  0.064214018  0.0094017231  0.010595050  -0.023858423  0.0043391247  0.0045916187  
-0.034061535  0.016136627  -0.39259029  0.46003851  -0.74991614  0.18508290  0.057970541  0.017301671  -0.037655486  0.0069703714  0.0031143202  
-0.023824573  -0.0049093561  0.38434544  0.83866552  0.26629867  -0.097049653  -0.030559749  0.11658461  0.048702773  -0.0055173247  -0.0077328827  
-0.032481048  -0.0043727215  0.027430177  0.012070974  0.14117567  0.77541182  -0.58558273  -0.049764698  0.087858674  0.063721071  0.00035040608  
0.0085641744  0.018473799  0.042447101  0.030081241  0.18463027  0.53850369  0.77916743  -0.19459700  -0.051655309  -0.0010401045  -0.013698535  
0.0018191532  -0.018201316  -0.0080308410  -0.036046766  0.062057997  0.093335521  0.0079658883  0.55648229  -0.73172946  0.077244890  0.10238939  
-0.010498643  0.0059002524  -0.037845143  -0.093048183  -0.013336963  0.10556914  0.13193308  0.66587044  0.50949844  -0.21960440  -0.38745900  
0.018177377  -0.0012594855  0.0070731649  0.017825315  0.0059585276  0.041980422  -0.067887359  -0.11799925  -0.17248029  -0.95892027  0.096278284  
0.012512767  -0.0017052869  -0.0071512304  -0.027406137  0.0020038204  0.036015174  0.078005311  0.25413995  0.31725263  0.0031777613  0.87637494  
