0.99892643  -0.0051020994  0.0014106970  0.016859367  0.0019327159  0.0022524040  -0.0015771335  -0.0019529261  -0.0055688608  -0.0099486671  0.0072673762  
0.0047369139  0.99827428  0.025458739  0.013540440  0.020470196  -0.0032635568  0.0029715681  0.0081223483  0.0034432246  -0.0018444645  -0.0039876396  
-0.00097560105  -0.024342595  0.99547612  -0.00026216006  -0.047909784  -0.019657534  0.036503606  -0.028805263  -0.0067337259  0.019097385  -0.022558343  
0.017031354  0.013608924  0.00021771915  -0.99786369  0.00022374289  -0.0068694706  0.0092540543  -0.014967346  0.017570225  -0.024816105  0.011865191  
-0.0022648209  -0.021522838  0.047305515  -0.00024314830  0.99610911  0.026400142  0.0049776146  0.0036886136  -0.0046383398  -0.019649714  -0.014499800  
-0.0044541671  -0.0021480003  0.048068240  -0.0081252122  -0.023005803  0.49681764  -0.49080614  0.55188206  -0.028155354  -0.21061547  -0.099650981  
-0.0040351869  0.0033106894  0.0072982169  0.0095820712  0.011544043  -0.48312346  -0.67127672  -0.43903188  -0.061511366  -0.17301770  -0.075242541  
0.0038240983  0.0057929868  0.0089364508  -0.013162266  0.0021014925  0.51232812  -0.45414323  -0.35664571  0.099724996  0.33690880  0.13238567  
-0.0041366909  0.0037810441  -0.0071817226  -0.022949874  -0.00066476019  0.013308223  -0.021226211  0.038541416  -0.96562572  0.14679541  0.043046389  
0.0076579199  -0.0013995309  0.00032919470  -0.017792602  0.024996126  -0.28868542  -0.14682139  0.31870281  0.12320619  0.82869101  0.14486990  
-0.0090917641  0.00086118342  0.030910278  0.014927857  0.010377588  -0.099069889  -0.073763182  0.12811858  0.012219019  -0.24920651  0.94791246  
