0.99206917  0.0027316337  -0.0071150809  -0.046836700  -0.0051766875  0.014151302  0.013570619  -0.025983053  -0.0035850170  -0.021222518  -0.012249471  
-0.0023615004  0.99162234  0.012941672  0.0053047641  0.010595232  -0.0081556841  -0.017469643  -0.0076138881  0.025572545  -0.015136864  -0.00073348099  
0.0031520232  -0.0077786829  0.89056586  0.0064390666  -0.093205344  0.044407532  0.055859681  0.065375278  -0.088855649  -0.17191435  -0.012915323  
-0.048175871  0.0070766234  -0.0098857562  -0.97122804  -0.17937727  0.019085223  -0.0036243596  0.014307965  0.036672899  -0.0027353434  0.00013949897  
0.0048573954  0.0084323388  -0.063305444  0.18058865  -0.96341644  -0.020608167  -0.021905897  -0.030484358  0.068104853  0.047647861  0.0045148306  
0.0016044294  -0.034012956  0.12029600  0.016035825  0.072364176  -0.10975780  -0.28395820  -0.30447214  0.87130508  -0.066760310  0.0047393322  
0.030238272  -0.0049253540  0.026942328  0.013445008  0.0023932244  0.11720082  -0.69676823  0.67131432  0.028017646  0.17018842  0.024650622  
0.023013097  0.0016156237  0.053527165  -0.010936111  0.017949433  -0.82295591  0.28169914  0.36587129  0.12198043  0.25521900  0.0018469997  
0.0055689342  0.010449238  -0.016686214  0.026973759  0.0085116656  0.50895521  0.56035112  0.42967284  0.41823523  0.19388910  0.040102736  
-0.0088686349  -0.011954973  -0.17954956  0.0097724689  -0.030445967  -0.10242645  0.082435832  0.33384347  0.090449786  -0.88559199  0.0043794692  
0.013534821  -2.4432215e-05  0.0069522672  -0.0036229736  0.0011611069  -0.023152779  -0.0020282510  -0.043329229  -0.022697945  -0.012055346  0.96900224  
