0.99832577  -0.0028485283  0.0027959003  0.016312479  -0.015908724  0.0017025015  0.00067145978  -0.00063790670  0.0047260757  -0.0038327099  -0.0046737938  
0.0027370948  0.99802077  -0.014258385  -0.014531238  -0.014711389  -0.00078548625  0.0098995853  0.0023469981  0.0019405855  0.0034625184  0.0044171940  
-0.00064213212  0.0090253749  0.95457980  -0.24808913  -0.093547162  0.030057472  -0.020717855  -0.0062511760  0.021860765  -0.0088760516  0.017723638  
-0.0038821022  -0.021969312  -0.25462795  -0.74155221  -0.53681803  0.27305617  0.014058107  -0.065139707  0.0062827861  -0.089359497  0.00099791418  
0.019591264  0.0035160608  -0.062065293  -0.53269914  0.83260448  0.10423081  0.013998673  -0.021601191  0.025472583  -0.039782248  0.024526646  
-0.0038175056  0.0067008587  0.049383004  0.28067606  0.066854697  0.95336622  -0.0025200400  0.011915175  -0.034659373  0.018810659  -0.013064800  
-0.0015111274  -0.0028776155  0.026671456  0.058328083  0.012539178  -0.011508841  0.63251811  -0.75542569  -0.12061184  -0.043312384  0.018595771  
-0.00065465415  -0.0097223027  0.011905790  -0.027203636  -0.014044386  0.0042586219  0.76655365  0.63095593  0.037453336  0.0046110855  -0.049071713  
0.0056196626  0.0018011057  0.012630071  -0.033144177  0.010600880  -0.026451397  -0.046082984  0.12108039  -0.98136032  -0.051680832  0.097717479  
0.0038487316  -0.0040180303  -0.0090149454  -0.10004879  -0.0096834426  0.0061434500  0.012439470  -0.045036703  -0.082054158  0.94786582  -0.27503377  
0.0050106335  -0.0065409336  -0.036781960  -0.011007695  -0.023267087  0.015388344  0.034875087  0.027280778  0.080930698  0.27372002  0.92702865  
