0.99396589  0.0024328830  0.012425248  0.00084627767  -0.029124180  -0.015103786  -0.0021768493  0.00061918496  0.020539414  0.012230207  -0.019415646  
-0.0017739429  0.98698181  0.0034408265  0.056980480  0.032950419  -0.063581237  -0.021588560  0.043865623  -0.0046402308  -0.047400738  -0.012146077  
-0.0095489296  -0.017514710  0.91850893  -0.18069909  0.22986254  -0.22804323  -0.026340045  0.051728496  -0.013685002  0.019135335  -0.026736208  
-0.0066677317  -0.017725867  0.32878690  0.77646943  -0.30748035  0.39010470  -0.067847374  -0.0017643530  -0.018117539  -0.054104764  -0.052222696  
-0.032433477  -0.013215793  0.040071143  0.0016717341  -0.76059245  -0.62616274  0.010355220  -0.022597032  0.080555376  -0.0084713409  0.075817601  
0.0085538049  -0.10512541  -0.16925583  0.50448629  0.44997676  -0.56576735  -0.15813804  0.25364788  0.00067251959  -0.15508900  0.020054137  
-0.0045408823  0.0074803354  -0.0061371689  -0.046910135  0.038343209  0.0085070495  -0.80151454  -0.44394014  0.37166411  0.00089049712  0.036052079  
0.0042197318  0.016159589  0.012004057  0.18922233  0.18198995  -0.17031024  0.47413706  -0.80506835  0.070650374  -0.016334209  0.011033130  
-0.018111035  0.0027224059  0.018084933  0.023983060  0.039425922  0.065818760  0.28536222  0.24772592  0.91332081  0.055471214  -0.016088831  
0.023727225  0.0076311636  0.050084887  -0.00068011251  0.022653400  0.091117161  0.035816666  0.025878290  0.0046419328  -0.21149353  0.94712023  
-0.0039221471  0.034750152  -0.016419381  0.14510980  0.055821851  -0.060936019  -0.025151205  0.022219187  -0.050215393  0.94264449  0.20810066  
