0.99866932  0.00074413789  0.00017384606  -0.0050609954  0.012064695  0.0014329329  0.013881293  -0.012169310  -0.0071930430  -0.0055169798  -0.0013685034  
-0.0011744158  0.98529734  -0.099616030  0.0076442025  0.0011961768  -0.0084636672  0.0049261966  0.0026926917  -0.0074433189  0.0071056327  -0.00036039402  
0.0024997609  -0.081615020  -0.49791134  0.32287442  0.023817487  -0.23602318  0.0012656604  -0.016696754  0.14730006  -0.0037799789  -0.0038915905  
0.0031140252  0.031328156  0.31592276  0.92549711  0.070121951  0.046043756  0.0061214233  -0.0013091584  -0.029902801  -0.024969265  0.0012796909  
0.012183415  0.00031431563  -0.0092201532  0.077122422  -0.99446082  -0.014658080  0.0089232184  -0.030710772  0.020886358  0.015347686  0.010095815  
-0.00071087552  -0.021264475  -0.24900884  0.059168160  -0.0083969660  0.95820539  0.0031186693  0.0099552987  0.018910636  0.021348329  -0.0028666125  
-0.0059567554  -0.0036941608  0.014208410  -0.0085508098  -0.0083098529  -0.0032478422  0.86300555  0.47920913  0.048844376  -0.12153655  0.035932073  
-0.014084292  -0.0019497247  -0.0082205615  0.0023498927  0.034226535  -0.0021196498  0.48437764  -0.77314671  -0.0036031146  0.39644952  0.022181544  
0.0068944929  0.023808341  0.12096046  -0.028749735  0.019094416  0.025068493  -0.040622496  -0.027909572  0.98415462  0.00073196679  0.0012852285  
0.010780212  -0.0063292255  0.013839811  0.022900804  0.0036382222  -0.022821810  -0.095928386  0.40043552  0.0066082434  0.90622437  -0.0090423931  
-0.0019429518  0.00042038678  0.00054583735  0.00063136656  -0.0096937004  -0.0024213571  0.042584493  -0.0023748663  0.0027880804  -0.0034169881  -0.99753660  
