0.99735917  -0.0033694279  0.00080028960  -0.010564637  0.034139472  0.0016469948  -0.0043461513  -0.012544892  0.010907906  0.0024631230  -0.0099811262  
0.0029610640  0.99708947  0.021515777  0.0062252343  0.0044587679  -0.0099127406  -0.012660396  -0.0061947864  -0.0084539819  -0.0015828597  -0.0010246609  
-1.3757000e-05  -0.012008509  0.77476599  0.015915141  0.0068162422  0.22136218  0.32607926  -0.25612899  -0.0027817198  -0.23185475  -0.022143535  
0.00064935150  -0.0068599213  0.071577270  0.90360837  0.34545432  -0.020942743  -0.056258425  0.18032487  0.097157108  0.033407878  -0.0039558214  
-0.035200911  -0.0037523744  0.045145430  -0.36398309  0.91967136  -0.086613426  -0.033682036  0.012504329  0.0064384639  -0.0092481848  -0.0019534135  
0.0018499462  -0.016281813  0.27083919  -0.021313039  -0.028695738  0.28191105  -0.86665882  -0.058707299  -0.26264252  -0.016172757  0.021880651  
0.0055179000  -0.015945012  0.25927031  -0.0070268652  -0.11023298  -0.89904257  -0.22129420  -0.13256347  0.11877824  -0.059295009  -0.015231131  
-0.011292870  -0.0036305887  -0.25686675  0.18766524  0.099531713  -0.019567967  0.042137959  -0.88674392  -0.25539278  0.10524479  0.051099918  
-0.011357475  0.0060337430  -0.20135308  0.0054474219  0.0088328278  0.12274443  -0.18661204  -0.19079829  0.55407673  -0.68250334  -0.18712979  
0.011181079  -0.0040392630  -0.12515463  0.065786894  0.018612769  -0.15450156  0.11351934  0.19514076  -0.66145893  -0.61350429  -0.10292893  
-0.010008221  -0.0017863773  0.024460400  -0.0017188905  -0.0015986111  0.0059431093  0.0025477800  -0.023253195  -0.057630969  0.20984993  -0.97197085  
