0.99511747  0.00019388310  -0.0036799625  -0.0025913631  -0.039347321  -0.0058367271  -0.0033661240  -0.023413318  0.0011384997  -3.6619540e-05  0.0053680483  
-0.00030308310  -0.98834958  0.0069172296  -0.0088651047  -0.0070249812  -0.00081008979  0.019045516  0.00050777955  0.0035010587  0.0091568151  0.0019204049  
-0.0019385062  0.0049872743  0.67601656  0.0052322478  -0.0080748657  0.022714422  0.0061974183  -0.0057426934  0.010156922  7.4678986e-05  0.017897563  
-0.0049974717  0.0082550511  -0.0057294526  -0.84603270  -0.21398174  0.46382634  0.0023200762  0.078785172  -0.0016823987  -0.031072497  -0.020082335  
0.013463152  0.0018737822  0.023546060  -0.50255513  0.44654254  -0.71432132  0.0013891171  0.093933504  0.0014628296  0.082723204  0.087416002  
-0.037044077  0.0075873616  0.0032675378  -0.054944963  -0.85780173  -0.49630800  0.032965512  -0.0052754598  0.019508953  0.0097942542  0.0079234772  
-0.0044366629  -0.019101451  -0.0068450757  -0.0048388851  -0.029101928  -0.017351676  -0.99257343  0.00050714760  -0.064205998  0.0037395400  -0.0051315172  
0.022271076  -0.00087268780  0.0023382066  0.11644391  -0.033393736  0.032785870  5.0452212e-05  0.98681686  0.0014455626  -0.0021077283  0.041839834  
0.0010195466  -0.0021957727  -0.010276143  0.0014974955  -0.015967670  -0.0013966074  0.065194272  -0.00064396793  -0.96099039  0.10379754  -0.0023322187  
0.00086162215  0.0099859687  0.0012578188  0.015578614  -0.022920177  0.057524463  -0.0028149594  0.0079434277  0.10066904  0.95160722  -0.24015369  
-0.0075564908  0.00045343573  -0.021925107  0.026364296  -0.042313821  0.091919089  -0.0055268262  -0.047359065  0.022616775  0.23201165  0.95760540  
