0.99664615  0.0021223363  0.011950617  0.010567642  0.022734995  -0.030509797  0.0062323363  0.023863806  -0.0061837490  -0.00092199619  -0.0021239914  
0.0018240704  -0.99642318  0.0049127305  0.0050797736  0.015273004  0.0042105855  -0.022496501  0.00072470048  0.0029066368  -0.0031655628  0.00029288110  
-0.0017886860  -0.00019352994  -0.65906965  0.62574988  0.043669546  0.021578965  0.016353622  0.032413097  0.055216268  -0.010031590  0.0016136887  
-0.016556746  0.0081300737  0.61578519  0.74474098  0.048745774  0.048830822  -0.0089341461  0.097619927  -0.013357831  0.0040883869  -0.0060616167  
0.031390490  0.011192509  -0.019446594  0.0093490258  -0.45621150  0.52637699  -0.71058503  0.0051646377  0.00096937066  0.0071932840  -0.0013659480  
-0.0020896525  -0.015587312  0.020890484  0.083591279  -0.79262447  -0.58043107  0.081572910  0.0059533524  -0.060557151  -0.017087934  -0.048142168  
-0.022738453  0.018822451  -0.010537500  0.010910901  0.37502733  -0.60905263  -0.69323843  -0.0027034291  -0.0034207255  0.014025960  -0.0059290158  
0.021947403  -0.00010181718  0.034508088  0.097125395  0.0030012365  0.0081238835  -0.0013414630  -0.98858421  -0.076928766  0.0074383358  7.1440099e-05  
0.0066942223  0.00096766766  0.053026537  -0.019923706  -0.050078138  -0.034169230  0.0047557983  -0.072446273  0.94894203  0.24873832  -0.10384061  
0.00045323832  0.0031276492  -0.030113956  0.0030730103  -0.0081309301  -0.011838726  -0.013478943  -0.025797343  0.25257872  -0.93081418  0.045811599  
-0.0022064982  -0.0065526264  -0.014403765  -0.026681219  0.010600264  0.0093639438  0.00064530133  0.0045596149  -0.092506460  0.0052216534  -0.83397503  
