0.99826747  0.0017880556  -0.0044327489  0.012365887  0.0028885240  -0.0021772668  -0.013961534  -0.0052297047  -0.0034899716  0.00057204501  0.0057100497  
0.0021291637  -0.98994507  0.0075723891  0.0050131650  0.012256274  -0.014978322  0.0035483290  0.0099457653  -0.0025751480  0.0040276210  0.022190577  
0.00098367625  -0.0045853251  -0.78830612  0.0066744679  -0.10791186  0.017282176  0.0045324341  -0.032397559  -0.00083784019  -0.0082815959  -0.016751087  
0.012941446  -0.0031318622  0.0020892553  -0.95351031  -0.0070411298  -0.12107811  -0.061686755  0.047720312  0.20390085  0.0037897504  -0.0014116655  
-0.00012489870  -0.015730915  -0.13241919  -0.0081381245  -0.92267928  0.058893615  -0.0044303245  0.022854053  -0.0093338609  -0.012564098  -0.045006122  
-0.0040249554  0.015155921  -0.019273822  0.10945271  -0.060489740  -0.98133614  -0.085373819  -0.0091694399  -0.084217270  -0.0014686661  0.025476888  
0.013055213  0.00062780730  0.0010705385  0.072208331  -0.013087212  -0.11131968  0.84364248  0.021399946  0.50166099  0.046488930  -0.053332881  
0.0044314841  0.010422230  -0.048396087  0.023732922  0.032737891  -0.0011583676  0.035398063  0.98971625  -0.10100266  -0.0032651654  0.0065266377  
0.0031060667  0.0055308652  -0.00027608927  -0.20687696  -0.010066671  0.011174802  0.50059589  -0.094165235  -0.74804176  0.062371296  0.21469252  
-0.0044897359  0.016212451  -0.022984969  0.048072961  -0.056425176  0.029486715  -0.073314520  0.017521460  0.21136467  -0.011540375  0.92252780  
-0.00096955856  0.0047405205  -0.0099252458  0.013662206  -0.015275052  0.0072588686  -0.071997847  0.0079708084  0.023599727  0.99046080  -0.028806022  
