0.99866327  -0.0013301408  -0.0025818669  -0.013505285  -0.012775546  0.0085830791  -0.00047281334  -0.0038467882  -0.0054308878  0.0010046228  0.00085816518  
0.00087365250  0.99787623  -0.0091572763  0.00092714892  -0.013153546  -0.0028491996  0.028025573  -0.012781520  0.0040615522  0.012523031  -0.0019666718  
-0.00070363061  -0.012315069  0.70299685  0.013636433  -0.30471441  -0.16890634  0.45814116  -0.24296709  0.0015693386  -0.039361465  0.0023532765  
-0.011780763  -8.8717184e-05  0.012367997  -0.92207212  0.056056761  -0.017632853  -0.051389824  -0.14785925  0.30741147  0.00021403546  -0.037796724  
-0.016942990  -0.0059430908  -0.13302783  0.0033801788  -0.87515243  0.32872082  -0.28586611  -0.10433569  0.092580322  0.022461925  0.016361691  
-0.00057343731  0.0034373086  -0.058855511  -0.042344704  -0.26336004  -0.89238361  -0.27527281  0.20178355  -0.066022711  0.030952572  0.0014536599  
0.0036485369  0.027895273  0.56021194  -0.053757129  0.071861985  0.21770142  -0.45887289  0.60035814  0.016638443  0.058558782  -0.0020529250  
-0.0022715765  -0.013720350  -0.20816160  -0.14332480  -0.22252122  0.053141653  0.61517491  0.69681453  0.057725483  -0.0071435245  0.0031121558  
0.010569161  -0.0022719117  -0.0026561746  0.31287409  0.063016613  -0.094980004  -0.010385295  0.024502370  0.92567659  -0.041507558  0.052630608  
-0.00037187077  -0.014922176  -0.0028646478  0.018940444  0.012423680  -0.0038588174  0.066885995  -0.044205869  0.038964809  0.99408696  -0.0093612490  
-0.0017907331  0.0020319665  0.0027665983  -0.052012480  0.014858873  -0.00059909278  0.0019713139  -0.0073765058  -0.030743220  0.011718747  0.99240520  
