0.98917662  0.00037972379  0.0054602729  -0.043722415  -0.015295553  -0.026577796  0.0022935133  0.0058076749  0.0017701591  0.0013233664  0.0080542835  
0.00076606660  -0.98561636  -0.038442033  0.012821015  -0.0063045532  -0.022491309  0.0043330063  0.028719072  -0.012895220  -0.0028150353  0.0089325528  
0.0087518323  0.040662018  -0.78336634  0.062147748  0.070304374  -0.34173476  0.31248890  -0.052348869  -0.0073605896  -0.016020023  0.022105080  
0.053846773  0.0079131623  -0.075206927  0.87747063  0.27479065  0.075760882  -0.33313842  -0.048872107  -0.022441598  -0.016349158  0.010299320  
0.0023399771  -0.0076491641  -0.048831627  -0.37450225  0.87371929  -0.021595460  -0.25085404  0.052674488  0.0091344653  -0.065140028  0.030864436  
-0.018146810  0.011929753  -0.073242543  -0.13903391  -0.27629364  -0.60493282  -0.70219983  -1.5928330e-05  -0.014057372  0.095089202  -0.029595549  
0.012898557  0.0038443772  -0.45612613  -0.19337085  -0.21913267  0.67888644  -0.41757868  0.0014514495  0.045116410  -0.047338577  -0.029228839  
0.0035508806  -0.025754225  0.030439224  -0.074475714  0.029343168  0.036823896  -0.016098249  -0.90928095  -0.37193251  0.044645424  -0.021396246  
-0.0016064179  -0.021857924  0.016967681  1.2280540e-05  0.015391008  -0.020755409  -0.0036598672  -0.36480400  0.88946281  0.11940343  0.17241463  
-0.0042591590  0.0043851745  0.026125833  -0.0061682848  -0.088903911  -0.072447891  -0.045598198  -0.059874274  -0.011226040  -0.85929335  0.39332938  
0.0088203282  -0.0088298519  0.0062232721  0.0074132788  0.013866160  -0.046422400  0.0097654430  -0.072554266  0.17269391  -0.35999751  -0.88506554  
