0.99442173  0.0027352244  0.00092546715  0.0074672908  0.035338935  0.015373953  0.031984156  -0.0055213189  0.0073361686  -0.0094823208  0.0084364454  
0.0023253086  -0.99434076  -0.0041086527  0.0070186749  -0.0051865928  0.013648415  0.0019675071  0.0062858371  -0.018623365  0.0041899857  -9.7322148e-05  
0.0012017170  -5.9221452e-06  -0.92016889  -0.25275464  0.049385371  -0.056689753  -0.0072263593  -0.081720422  0.013487618  0.077383146  -0.029144433  
0.014294625  0.0087688405  -0.24553340  0.77979643  -0.55181323  -0.018927322  0.0062812493  -0.049700274  -0.022584343  -0.045858852  0.0096817062  
0.034499518  0.00077634734  0.082923106  -0.54506629  -0.81762060  -0.011953791  -0.034019094  0.045430619  -0.018621415  0.027757594  -0.0065634842  
-0.0042516476  0.023870234  -0.042375497  -0.00091410231  0.015738614  0.32790772  0.17979143  0.28980113  -0.85331006  0.037266500  0.022815303  
0.024039610  0.0037638173  -0.037842219  0.056249481  0.026130886  0.083743951  -0.85328386  0.47005164  0.016711442  0.11793140  -0.063336471  
0.012681556  0.00026857650  0.057932048  -0.039990973  0.0057496766  0.15219113  -0.46256861  -0.78378726  -0.30313316  -0.17098628  0.0070438883  
0.019710298  -0.0056170930  0.063687593  0.015809001  0.027570942  -0.89272533  -0.080688130  -0.0096942721  -0.32184727  0.12180319  -0.022080164  
0.0080360500  0.0033449475  0.073634032  0.075754441  -0.016374172  0.13682050  0.052649788  -0.21400548  0.012328237  0.86931929  -0.27958166  
0.0046967470  -0.00034944699  0.0014046263  -0.0060114203  0.00094740260  -0.015446333  0.043282127  0.036943580  -0.022725744  -0.28304184  -0.94461143  
