0.99847812  -0.0020037545  -0.0038608525  -0.0048513239  0.010631697  0.013079000  0.0047705313  -0.0074838404  -0.00065540823  -0.013320233  -0.0024171259  
-0.0018681789  -0.99094664  0.10728018  -0.0013622101  -0.0011226818  -0.0010723541  -0.021519851  -0.015846431  -0.010169359  0.0014174898  0.00097480077  
-0.00039129314  -0.098807628  -0.64071451  0.28278763  -0.0024684662  -0.10020232  0.51174654  0.18311926  0.013077021  -0.028214001  -0.018050365  
-0.0066594223  -0.033561461  -0.28641137  -0.78626873  -0.19891975  0.45512759  0.10291247  0.034014593  -0.00034847105  0.12424419  0.10779709  
-0.012457230  -0.0041514163  -0.0039308443  -0.18639931  0.97248259  0.060666188  0.10568016  0.011660142  0.013746798  0.019357945  0.026441976  
-0.010187658  0.0091410220  0.10935469  0.45322504  0.027692102  0.87586837  0.070048386  -0.032200037  -0.0027419528  -0.022635809  -0.064614496  
-0.0022823055  -0.033403540  -0.54086912  0.11763625  0.097696560  0.050616129  -0.70648893  -0.34445202  -0.072542959  0.0028872590  0.010369675  
-0.0081043275  0.012084979  0.042418951  -0.032020948  -0.034646257  -0.054806311  0.40086810  -0.90816332  0.012510828  -0.022215522  -0.021814245  
-0.0030511370  0.0082458203  -0.026478457  -0.018102576  0.0058943585  -3.0135141e-05  0.079314650  0.029785608  -0.96913361  -0.16204204  0.0046102865  
0.014274146  0.0050126692  0.021299578  0.14784499  0.0068628207  -0.044400250  0.036886216  -0.015637654  -0.16105516  0.90062353  0.16232204  
-0.00056407180  0.0015638186  0.030166875  0.10124392  -0.0058598819  0.0093220299  0.0071165812  -0.016612568  0.031090035  -0.24544668  0.92809197  
