0.99856737  0.0030998786  -0.0032554780  -0.0059618931  -0.022106975  0.0051202258  0.0030728444  -0.0016226256  0.0012854888  0.00057411981  -0.0017940527  
0.0048272655  -0.99737280  0.037611993  -0.022078596  -0.0063844671  -0.0033118774  -0.0092570589  -0.011435767  -0.0048110784  -0.0020668598  -0.0021658585  
0.0020431492  0.041913091  0.88698694  -0.028151756  -0.080031906  -0.060644916  -0.010767491  -0.065285493  -0.20207235  0.037190851  -0.015753767  
0.0028181195  0.022181121  0.0075431266  -0.90706893  -0.23731981  -0.25743214  -0.011196615  -0.078547577  0.095483667  -0.040729975  -0.011421385  
0.022895798  0.0026935250  0.066352663  -0.20999864  0.95234245  -0.12719902  -0.072668678  0.00030337367  -0.013676906  -0.072250562  -0.012142665  
-0.0027231611  0.0066936585  0.074086290  -0.25338371  0.062899664  0.90770051  -0.16723835  -0.11578219  0.11046498  0.18733645  0.081749196  
0.0012941163  0.0046890297  0.018550791  0.058724451  -0.071369369  -0.15292757  -0.93477346  0.26338592  0.038949682  0.11714568  0.014010911  
-0.0016113341  0.0078431980  -0.0063210116  0.14930036  -0.0050074724  -0.10190632  -0.23954347  -0.93052773  0.0036896392  -0.094394722  -0.012139168  
0.00061288387  0.0026295126  0.17794563  0.094855426  -0.020969079  0.027091060  -0.010609047  0.058877911  0.76994110  -0.53026524  0.12071515  
-0.00015199375  0.0027376281  -0.053537905  -0.056937375  -0.048242025  0.20918547  -0.12627297  0.093149755  -0.54250762  -0.69370747  -0.060287411  
-0.0027496731  0.0017057228  0.018846328  0.0053360941  -0.0024975709  0.070576531  -0.016241657  0.010372393  0.14317366  -0.00071332306  -0.98455080  
