0.99731988  -0.00024857663  0.0011696013  0.0061123234  -0.013730021  0.011780510  -0.0053030846  0.022903317  0.0028392497  -0.0017711425  -0.0024826673  
-0.00094746793  -0.99661751  0.025493699  -0.0051258234  0.0081347374  0.0050616384  -0.021332206  -9.4389628e-05  -0.00071670440  0.0014178927  0.00089027386  
0.0031796147  -0.017892827  -0.80147371  0.033151973  0.068292258  0.016680901  -0.32861480  0.0049554374  -0.012613453  0.0054469588  0.0015606451  
0.0083074536  0.0069392341  -0.0058565249  -0.91052291  0.38797192  -0.00037168454  0.0059746004  0.096069171  0.010078370  -0.0043765858  0.051230516  
-0.0096775032  -0.0067136780  -0.041424272  -0.39253420  -0.90585758  0.0031637589  -0.061292779  -0.016152864  -0.089888299  -0.0020118851  -0.033097885  
0.0054348812  0.015457774  0.23125195  0.0046754350  0.021962544  -0.75064800  -0.60333170  -0.0028548116  -0.0017497102  0.027270997  0.0035306921  
0.011359871  -0.026240851  -0.26356993  -0.0067689474  -0.028302957  -0.64832114  0.69737047  -0.0025589439  0.0017361548  -0.028219920  -0.0040654076  
0.024188794  0.00090631949  -0.0028436409  -0.079218811  0.058819307  0.0047635867  0.00029835219  -0.98947542  -0.074906480  -0.0070309665  0.0027815417  
-0.0019457491  -0.0014067690  -0.015510290  -0.032121000  -0.081196238  0.00063261474  -0.0087471843  -0.077771442  0.98639840  0.082441490  0.0012434987  
-0.0031177198  -0.00048189140  0.0059372437  -0.00024050814  -0.0036522854  -0.00077472236  -0.036554416  -0.00013423597  0.081886481  -0.91462625  -0.075761636  
-0.0019819451  -0.0011696534  0.0038597768  -0.032693480  0.049357695  -0.00013811504  -0.0020370488  0.0022629691  -0.0042623593  0.079965714  -0.97908881  
