0.99924032  0.0035196176  0.0017730874  0.0098698169  0.0028463113  0.0026893681  0.0013121263  0.0058480396  0.0017727495  0.0016869445  0.00043944857  
-0.0031956963  0.99905231  -0.0048711798  -0.019740837  -0.0016184072  0.0028925974  -0.0010843094  0.0049630042  -0.00029058588  0.0022841632  0.0034297663  
9.5453212e-06  0.0037184906  0.99747962  -0.049126755  -0.0032141738  0.0034731612  -0.0036059788  0.010594951  0.0015977916  -0.0066822121  0.024488470  
0.0026102332  0.020145631  0.049363805  0.99683551  -0.010626214  0.011457038  -0.016704212  0.0030929371  -0.0026592965  0.0087835326  -0.020335029  
0.00073924669  -0.0019956059  -0.0039319407  -0.010923380  -0.99799364  0.037474459  0.0047197727  0.016933311  -0.00039052504  -0.0097664138  -0.0094603336  
0.0046402319  0.0030881587  0.0033018502  0.011372814  -0.037739596  -0.99779053  -0.0025708358  -0.0027913627  0.016266988  0.0014564600  0.025385514  
-0.0012961375  0.0018067403  0.0055756104  0.015992916  0.0035552071  -0.0029361438  0.99702465  -0.053530412  -0.0041279414  0.013081180  -0.019219882  
0.0059010838  0.0050486717  0.010305028  0.0014600352  -0.016700998  0.0037839415  -0.053541802  -0.99702705  0.016335410  -0.0098755974  -0.0068122480  
0.00049554235  0.00080934286  -0.015577177  0.020956233  0.0056385653  0.013870493  0.021099860  0.0097411831  0.31524226  -0.84762570  0.42094471  
0.0018645270  -0.00049665062  -0.0060126305  0.0059082022  -0.00054575309  -0.0089607850  0.0033046428  -0.015382546  -0.93658908  -0.21515387  0.26750408  
0.0015376007  0.0037382233  0.017281176  -0.016559241  0.011652591  -0.025708609  -0.010734198  0.0090984860  -0.13559382  -0.47856900  -0.86152576  
