0.99888559  0.0012814108  -0.00075272692  -0.0096645685  0.0042041219  -0.0042514246  -0.00098495962  -0.0016059483  0.00084317664  0.0014007592  -0.0016740518  
0.0010137731  -0.99311875  0.0061569992  -0.0021268168  -0.0015113872  -0.0017315965  0.0013086459  0.0061388569  0.0079574871  0.00084853378  0.0055084502  
-0.00087592348  -0.011144771  -0.84619427  -0.0077817013  -0.015172110  -0.029140381  -0.090477288  0.0041944480  0.026308401  0.016654408  -0.012094559  
-0.00092175491  -0.0020752545  0.0021930126  0.86284393  0.36743479  -0.32255505  5.5004382e-05  -0.0088460611  -0.020877528  0.10802477  0.0071153593  
-0.0058252757  5.6022836e-05  -0.015061139  -0.38690303  0.91491291  0.011532521  0.0016058563  0.081480121  0.024632587  0.013791327  -0.018039475  
0.0047078296  -0.0029694651  -0.033913332  0.29037791  0.11771686  0.91367992  -0.23648867  -0.075315172  -0.0053075282  0.0010183435  0.0089131392  
0.0017573116  -0.0035584869  0.086770720  0.066763823  0.026873160  0.22615972  0.90370778  -0.0035196894  -0.035229884  0.0049393979  -0.0088356547  
8.9340165e-05  -0.0074919343  0.0065112121  0.0059197773  0.088650802  -0.069792317  -0.0014105714  -0.70220619  -0.25821671  -0.60192614  0.0093646131  
-0.0011133587  0.0067426347  0.026034445  0.036801236  0.010515952  -0.013140440  0.033041507  -0.18732367  0.95856429  -0.18396193  0.066108788  
0.0036996899  0.0018234363  -0.024106745  0.10873056  -0.0037899879  0.018776556  0.0019434026  0.61766313  -0.0042854157  -0.73213022  -0.25455823  
-0.0023498880  -0.0031172536  -0.085164458  -0.013610450  -0.018128264  -0.011405189  0.024623687  -0.24563097  0.010173045  0.046504416  -0.73149331  
