0.99752583  0.00018443675  0.0031865418  0.0035563972  -0.027661364  0.0028717085  -0.011984964  0.018680404  -0.0050825691  0.00048815399  0.0025839733  
-0.00024964215  0.99711405  -0.0024891692  -0.0016533045  -0.0097841577  -0.025206210  0.014754073  -0.00047166865  -0.0041539272  0.012460542  -0.0019886070  
0.0059416725  0.0046363252  -0.91628571  0.037109453  0.087380885  0.29944757  0.11853129  0.0022682462  0.023507977  -0.00011274356  -0.012292744  
0.0045006499  0.0089541264  0.068310993  -0.93369161  0.12033204  0.31324144  -0.061954236  0.0037603707  -0.012411280  -0.012719448  0.0038577068  
-0.026437287  0.0034269791  0.051578999  0.040030658  -0.88691845  0.44278991  -0.047168690  -0.0060320300  0.055735112  0.016076866  -0.00033255284  
0.0057904402  0.023928454  0.29975911  0.33474143  0.42338299  0.77297692  -0.0037178114  0.021735040  0.016910749  0.076280241  0.0014156917  
0.0064968366  -0.014700896  0.11929534  -0.049386562  -0.057028692  0.018781200  0.93091684  0.018451512  -0.30672954  -0.018503855  -0.00053703512  
0.018712737  9.5977193e-05  0.0045468265  0.0043132123  0.012697140  0.017962657  0.0068642598  -0.99475647  -0.036491095  -0.0022651101  0.0026923570  
-0.0098025402  0.0013236850  -0.012906226  0.038214501  -0.035819065  0.037144661  -0.30196738  0.031394602  -0.89038957  -0.014462851  7.5065497e-05  
0.00044799417  0.014158128  0.021811899  0.039584922  0.017176453  0.059264242  -0.012484884  0.0030934162  0.022042092  -0.99180076  8.4691251e-05  
-0.0039527604  0.0030994083  -0.010467296  0.0061662169  0.0029051039  0.0097303210  0.0019599441  0.028987595  0.0036054655  0.00084951456  0.88621774  
