0.99912307  -0.0024463830  0.0023792665  -0.0073832233  4.7257786e-05  -0.00084002433  -0.0011309187  -0.0035380842  -0.0015177353  0.0054398912  0.00076806452  
-0.0027131607  -0.98351265  0.12048310  -0.0022290680  -0.0058379305  -0.0017855337  0.028070783  0.0033064725  0.0014147820  0.00041296261  0.0041618623  
-0.0011737094  0.12319493  0.84678714  -0.057578871  -0.047677689  0.17056060  0.048899576  0.011929789  0.010251223  0.013916686  0.017428404  
-0.0073408510  -0.0044987054  -0.052393734  -0.95202923  -0.25207035  -0.062630267  -0.029680819  0.026114233  -0.13778197  0.0063934437  -0.019735218  
-0.0043235085  0.00075992909  -0.049951428  -0.24819341  0.80401484  0.24179724  0.34970323  -0.18931365  0.0064449436  0.091927411  0.24295063  
0.00020404614  -0.018888679  0.15570369  -0.048186479  0.20366373  0.41158733  -0.77935860  -0.17651357  -0.095606687  0.0076698037  -0.10609997  
0.0032639964  0.0058949952  0.070931175  -0.024850985  0.36601791  -0.77418385  -0.30046532  -0.22107224  -0.16330196  -0.10842051  -0.15557594  
0.0071824221  0.00025996800  -0.0057339947  -0.049735220  0.23765050  0.15145412  0.15098619  0.36610382  -0.020124354  -0.46964633  -0.67806368  
0.0036122074  0.0010131150  0.022892741  -0.0093913425  0.017462151  -0.023893905  -0.13213234  0.22218960  -0.014256950  -0.74658329  0.60889740  
-0.00030228735  0.00027136627  0.028312190  -0.12409763  0.17472413  -0.16536193  -0.23629749  0.46851391  0.75108513  0.24877897  0.083769639  
0.00048613941  -0.00046908255  0.017722499  0.074523521  0.13863095  -0.044501783  -0.078216079  0.63039310  -0.61317940  0.36656575  0.18172278  
