0.99795374  -0.00010362152  0.0012417804  -0.024067041  -0.0068231367  0.0015986944  0.00047714482  0.015617423  -0.0028439017  -0.00049935213  -0.00045145855  
0.00041852238  0.99040655  0.021625370  -6.8617843e-05  -0.0050930559  0.0081163792  -0.0024045391  -0.0030753848  0.013412604  0.0032467544  0.00024311837  
0.00026766048  -0.023564782  0.58131708  -0.0072726723  0.14706659  0.38608662  -0.030195920  -0.092173877  -0.011610912  0.022658320  0.0023638619  
0.022763134  0.00045179640  0.0013933403  0.97671445  0.021669415  -0.00017277552  -0.16268076  0.053384597  -0.058098896  0.074077668  0.0023233103  
-0.0052870814  -0.0075919566  -0.047968958  0.011366132  -0.95487134  0.25364143  -0.064631238  -0.045045229  -0.012588391  0.015273951  0.0015643613  
-0.0037924844  -0.0063240180  0.41734694  0.025720549  -0.23326045  -0.78025666  0.11546647  0.26987679  0.084091084  -0.15170682  0.0014089932  
-0.0087470394  0.0010296638  0.036586015  -0.19301339  0.023743108  -0.082778738  -0.84552240  0.32716213  -0.21975238  0.26532128  -0.065213993  
0.0089939867  0.0017839790  0.076274963  -0.020914027  -0.045421373  -0.29239232  0.11799428  -0.57914506  -0.38578564  0.62119227  -0.016955164  
0.0034407997  -0.013354124  0.0085577558  0.0021447516  -0.0036202264  -0.025468209  -0.078159403  -0.037939948  0.85913714  0.49762911  -0.0081652602  
-0.011213735  0.0034691149  -0.029267955  -0.0095644145  -0.0035245416  0.16940045  0.45339219  0.66436116  -0.20864800  0.48833022  -0.083071721  
0.00094107965  -0.00010257892  0.0014906257  0.016011758  -0.0017360596  -0.0026768814  0.014090348  -0.069213086  0.031810380  -0.073029996  -0.99174207  
