0.99741785  0.00081724782  -0.0011696358  -0.0032763758  0.013202997  -0.00054737635  -0.010400757  -0.016238570  -0.0055386314  -0.0020018910  -1.4358580e-05  
-0.0013433700  0.98816334  -0.068801452  0.0019024824  -0.00047951575  -0.010018694  -0.015152307  0.012247826  -0.0010892970  -0.0088192771  -0.0027020208  
-0.00015835678  -0.067634367  -0.78247895  0.014935710  0.086984525  0.094439167  -0.0068252609  0.024666863  -0.0010188697  0.0089000004  0.041349837  
-0.0091344673  0.0030802842  0.022392625  -0.84028685  0.53079468  -0.011383774  0.0058866626  0.028205532  0.040380883  -0.046437103  -0.010933147  
-0.0094561175  0.0040348960  0.090039453  0.52796057  0.83234361  -0.041571924  -0.078115213  0.064793759  0.013382277  0.050911743  0.0079757238  
-8.7333780e-05  -0.014838657  0.076818787  -0.023522425  -0.050693715  -0.94276049  -0.13373098  0.053428712  -0.031704069  -0.037691432  0.014542191  
0.018621511  -0.0038527002  0.042106978  0.0027420005  -0.037549892  0.023691840  0.34518878  0.91541905  -0.16836420  -0.030341413  -0.043874820  
-0.0083833436  -0.011015968  0.010891885  -0.030369001  -0.010438517  0.12630080  -0.61861336  0.082739741  -0.71084444  -0.23610764  -0.032959717  
-0.0042035506  0.012448009  -0.013363090  -0.028468369  0.057526847  -0.082888686  0.47370068  -0.26876952  -0.62987071  0.50556231  0.085192614  
-0.0041713417  0.0014177367  -0.012635113  0.073877626  0.067938405  -0.047117522  0.47617010  -0.23800751  -0.19191204  -0.80045013  -0.043220576  
-0.00061256895  -0.0027751069  0.012112105  0.0064507769  0.0064095022  -0.0066074702  0.028985997  -0.060048679  -0.034534705  0.094026390  -0.96686766  
