0.99785576  0.00084324632  0.0028319163  0.020623354  -0.0028997574  0.010820275  -0.00033402831  -0.0070518948  0.0046312292  -0.011585115  0.0073300681  
0.00056396960  -0.99019192  -0.0054305598  -0.0013467061  -0.0095792954  0.0073512805  -0.0084147381  -0.0042093636  0.0026157276  0.011830350  -0.00065302624  
-0.0025854362  0.00093578983  -0.74336170  0.13034782  0.070950204  0.020747864  0.037572572  0.0052114694  0.024761476  -0.010721972  -0.0058574375  
-0.023467941  -0.0034511386  0.13337555  0.94372382  -0.15333222  0.0017204836  0.042788159  0.062679912  0.045732016  -0.19566450  0.00043723891  
0.0011328148  0.0072266922  0.11261063  -0.15789966  -0.93343967  -0.076164660  -0.0013244175  0.00079308499  -0.046158230  -0.014158798  -0.0013000644  
0.0033431613  -0.010186103  -0.026346860  -0.0079753744  0.085279618  -0.91395208  0.028187611  -0.20071366  -0.22707398  -0.23619516  0.0050582652  
-0.0048360576  0.0076331009  -0.012788950  0.028237430  0.0016852320  0.045521212  -0.96575803  -0.19045639  0.0061035253  -0.12637860  0.0057909087  
-0.0060068547  -0.0034975143  -0.0077362183  -0.027850215  0.014176818  0.37276700  0.14213848  -0.38187292  -0.72450422  -0.40121276  0.027384096  
-0.013346056  -0.0038594777  0.010313472  -0.15158344  -0.0056507969  0.094454088  0.17576635  -0.37024281  0.61726990  -0.58714123  0.020280412  
0.0028202227  -0.011184968  -0.015431351  -0.15361408  0.037948091  0.00057480231  -0.075107026  0.79220425  -0.12701327  -0.52135737  -0.015194967  
0.0067681606  -0.00063183132  0.0053211697  -0.0011852745  0.0014540413  0.0079789072  0.0028119449  -0.032409436  -0.0063943302  -0.017574696  -0.99695721  
