0.99925021  0.0028549298  0.0013186826  -0.0032991483  0.0087030556  0.0029612882  0.0045573599  0.00079548994  0.0039171306  0.0025476183  0.0067424693  
0.0019306197  -0.94640577  0.28954472  -0.035971495  0.0048011914  0.0044800600  -0.024466236  -0.024775226  0.042408222  0.0010893561  0.0024130176  
-0.0073655749  0.28518925  0.82707564  0.083095768  -0.0013809029  -0.014055458  -0.0074640360  0.13382063  0.25985049  -0.012089247  -0.00030181250  
-0.0028037199  -0.051024884  0.0022295444  0.98178900  0.033393433  -0.025689581  0.017570135  0.012587300  -0.098350326  -0.0047998282  0.014574059  
0.0030470559  -0.00015429646  0.0020569084  0.043422591  -0.62400040  0.76681300  0.10477145  -0.019818311  0.021581424  -0.0092617693  -0.072468170  
-0.0072206854  0.0079152552  -0.011650747  -0.00040520842  0.76238894  0.63291386  -0.094143377  0.010948819  0.042599434  0.070435447  -0.0090687583  
-0.0041280597  -0.023121132  0.024678607  -0.039506648  0.12831477  -0.011768160  0.95327692  0.23775864  -0.085283477  0.0057886779  0.011558117  
0.0041432171  -0.026440827  0.074224970  -0.071804285  -0.046564275  0.034716743  -0.25380507  0.85469871  -0.37195499  -0.016544961  -0.022639446  
0.0015230744  0.046650760  0.27806438  -0.065055774  0.024825680  0.035947762  0.018589830  -0.37904491  -0.84343048  0.027073356  -0.026576103  
-0.0040933652  0.0024657782  0.0060029992  -0.019009001  -0.0076159564  0.072072052  -0.0024141623  0.0068858123  -0.021377443  -0.36630141  0.89804812  
-0.0045566712  0.00062268493  0.0022879886  0.0052704279  -0.078921698  -0.0076249384  -0.010751489  0.015029342  0.00098999041  0.88321456  0.41095177  
