0.99917593  0.0022787226  0.0010492940  0.010914477  -0.00043225923  -0.0027762264  0.00079362738  -0.0038097376  -0.00099132240  -0.0016469635  -0.0014147100  
-0.0025266810  0.99332307  -0.0040458494  -0.017938445  0.00041055661  -0.0017961898  0.00033442646  -0.0046938473  -0.00023063278  0.0017766472  -0.0040246361  
0.00027614560  0.0036032903  0.84285833  -0.18054896  0.017016830  -0.027003375  -0.082880092  0.0053174826  0.0052913012  0.042438011  0.0040196855  
-0.0016012241  -0.018678496  -0.18045180  -0.97984784  -0.022495106  0.020092427  0.0074701216  0.0025975417  0.0044836402  0.011033764  -0.0036167011  
-0.0017841335  -0.0016158678  -0.017038791  -0.019705392  0.97354545  -0.023295571  -0.0015671087  -0.010868278  -0.12745100  0.012825761  -0.13258973  
0.0046196451  0.0033580511  0.029522587  0.012837507  0.057212437  0.97932907  -0.075671806  -0.00071734688  0.092933433  -0.033197983  0.11373994  
0.00076599923  -0.0024332048  0.081548382  -0.0087633001  -0.0077295610  -0.075123609  -0.93627029  -0.0027834938  0.021852913  -0.019792833  -0.031531816  
0.0036762749  0.0047130417  0.0010877313  0.0023261932  0.013611947  -0.0026137509  0.0016416017  0.99876985  0.0094870628  -0.014479890  0.0065555334  
-0.00096713722  0.0032384610  -0.0036754367  -0.015048287  0.048543621  -0.061739547  -0.033653520  -0.0051866278  -0.49101882  -0.25875060  0.81943142  
-0.0029330095  0.0013669749  -0.011149508  -0.0027874087  0.16821242  -0.14288112  0.014260307  -0.014524365  0.82339068  -0.044126973  0.42709981  
0.0017108543  -9.8076835e-05  0.050407863  0.0079660424  0.013207137  0.0054633955  0.033317520  0.010194252  -0.087579799  0.94367599  0.24968867  
