0.99843463  3.1857290e-05  0.0017034961  -0.0021937073  -0.0063157979  -0.00016747390  0.0032278101  -0.0052664442  -0.017195675  0.00089736993  -0.00068099816  
-0.00085068116  0.99118535  0.0017334875  0.0057949061  -0.0067872488  0.0068660402  0.0023758382  0.0016077658  -0.0017106315  0.010480347  -0.00089536210  
-0.0018524030  0.00073580111  0.72195963  0.19179111  -0.30839602  -0.072082314  0.095050183  0.060246135  0.042386851  0.038507665  -0.00015686701  
0.0012757078  0.0074767160  0.24443931  -0.85252886  0.34412956  -0.067425133  0.20832151  0.15663450  -0.055169017  0.0033674466  0.00057837740  
-0.012711688  -0.0044511288  -0.20661810  -0.40179061  -0.81704439  0.10011690  -0.11838515  0.033514760  -0.30388955  0.048168275  -0.015684375  
0.00011911029  -0.00052850881  0.0027767275  -0.033423442  0.24483808  0.76568760  -0.39825809  -0.16213403  -0.19557220  0.092159246  -0.011183921  
-0.011594389  -0.0031619061  -0.10094835  0.039846442  -0.058926987  0.28587371  0.79809829  -0.49804675  -0.089463043  -0.011874505  -0.058992406  
-0.0063884101  0.0020535970  0.15483606  0.064598349  0.16795789  -0.40920488  -0.17839303  -0.43295490  -0.72043668  0.079141465  -0.077732553  
-0.0077315359  -0.0042556131  -0.069338803  0.24694604  0.10111216  0.14906525  0.30437740  0.68799801  -0.51144093  -0.019625805  0.062238565  
0.00019236838  -0.012129665  0.051506741  0.016747697  0.00077264327  0.018214758  0.063970905  0.049506962  0.077935495  0.97683265  0.0075857404  
-0.00071102099  0.00090601673  0.0073096923  -0.014474668  -0.0078841858  -0.013623834  0.0070557874  -0.10982149  -0.035913674  0.00075499656  0.99123787  
