0.99778445  0.0019431804  0.0024410457  -0.025708275  -0.016955183  -0.0088119900  -0.0014517780  0.0027687680  -0.0061577924  -0.0032395610  0.0051004572  
-0.0018096708  0.99698802  0.025085874  -0.0011847977  -0.010691405  0.016452065  -0.015645251  0.00044837563  0.0013260268  0.0048371317  -0.00011547708  
0.00018170760  -0.015004456  0.71937954  -0.066534818  -0.013133872  0.20780339  0.53373846  0.025103702  -0.043317490  -0.021072163  -0.0083161121  
-0.026890305  0.0034267567  0.054191691  -0.92233210  0.077730913  -0.34981818  -0.039415433  -0.084056711  0.022202544  0.026523497  0.051436628  
0.017698199  0.0079860589  -0.0073703184  0.00052624896  0.95795965  0.14054114  -0.027891022  0.18690408  -0.047495329  -0.050885499  -0.12860934  
-0.0014268408  0.018219338  0.056268528  0.33214802  0.12772080  -0.88183837  0.27433399  0.033960103  -0.050763929  0.045405019  -0.034860929  
0.0053183910  0.024043787  -0.56158512  -0.12233949  -0.0046950414  0.15309132  0.74366672  -0.057054528  -0.12032413  -0.11194778  0.00033776840  
0.0088487588  0.00020601338  0.010204180  0.081565937  0.17857601  0.063649198  0.045709586  -0.78610238  0.056553694  0.55492448  -0.0011306540  
-0.0021201621  -0.0028443714  -0.045998498  -0.032410977  -0.023519239  0.047346286  0.024558907  0.46474203  -0.33738978  0.70500613  0.39032515  
0.0066328320  0.0013684882  -0.068469626  -0.021560008  -0.015833351  0.014090128  0.14742281  0.28959440  0.87510224  0.30193783  -0.15249245  
-0.00035918305  0.0029963687  0.014012242  0.076296303  0.14709734  -0.010115623  0.027677739  -0.12162358  0.28753852  -0.26360054  0.88336590  
