0.99894083  0.0032321538  -0.00046231406  -0.0052366449  -0.00088262956  -0.0014853784  0.0010731247  0.0084174288  -0.0029804814  0.00090926386  -0.0016333963  
-0.0031046747  0.99859421  0.0083641851  -0.017810121  0.0057521513  0.0065252722  -0.0050564579  -0.0013825200  -0.0029962222  0.0024298215  0.0024019792  
0.00058092077  -0.0068901106  0.99541872  0.061851696  -0.036341844  -0.020089505  0.015250128  -0.0013269433  -0.013511996  0.010132601  0.018341772  
-0.0046498820  -0.020031751  0.072528498  -0.94054287  0.28933395  0.13214972  -0.044910523  0.010091793  -0.013807411  0.017308830  -0.034493223  
0.0030736575  -0.00074028864  0.019088611  0.30401684  0.94439742  0.081785631  -0.027643144  -0.020530531  0.0071489746  -0.037192847  -0.028195581  
-0.0018292245  0.0040017079  -0.0099079575  -0.10385807  0.12023548  -0.98504131  0.022631994  0.0071188869  -0.020444902  -0.0070885250  0.019322868  
0.0011787729  -0.0042547765  0.010862984  0.031446647  -0.036845652  -0.030337711  -0.99621677  -0.026143671  -0.0069751527  -0.0026462507  0.030635946  
0.0083059702  -0.0014773738  -0.0013504478  -0.016932606  -0.014963202  -0.0064331473  0.026473614  -0.99729255  -0.033458668  -0.0062210772  -0.011843140  
-0.0014964667  9.7133528e-05  -0.00059709927  -0.0081474664  -0.022113156  0.014668377  0.0049861733  0.027912556  -0.62212533  -0.77237704  -0.026536023  
0.0037998077  0.0028343664  0.016025388  -0.032962797  -0.018451850  -0.0074243710  -0.00031547395  -0.022261728  0.76434187  -0.62640095  0.097307156  
-0.0033525928  0.0023934224  0.011167000  0.017770830  -0.017302862  -0.042319475  -0.017616923  0.010773814  0.11766216  -0.0066677985  -0.68162302  
