0.99792830  0.0017595109  0.0029029736  -0.0022109846  0.024248932  -0.0028484070  -0.010557472  0.0012491264  0.0019858771  0.00034235501  -0.0016756393  
-0.0016537548  0.99777199  -0.010691915  -0.011062126  -0.0021935022  -0.0046394850  0.0022463696  -0.014783685  0.010773624  0.0024601904  0.0014257638  
-0.0017728138  0.0092052418  0.98887599  -0.099743006  -0.040062762  -0.0074550629  0.020431578  -0.0011259990  -0.0028931900  0.0076391243  0.0035551295  
0.019901494  -0.0082695973  -0.073265668  -0.30785168  -0.89587554  -0.047273570  0.24258761  -0.088603593  -0.012935228  0.14596928  -0.018501288  
0.013098053  0.011341641  0.077589775  0.86997927  -0.39680325  0.067095094  -0.22401308  0.082279656  0.042322647  -0.10432615  0.015229829  
0.0025026187  0.0048537980  -0.0044233867  -0.11073119  -0.033829963  0.98416637  -0.027640748  0.10528988  0.0077392935  -0.0098381979  0.00052463139  
0.0070292366  0.0066878981  0.010109136  0.22922107  0.10969278  0.011287999  0.87955785  0.39169512  0.031178100  -0.052314024  0.010849504  
-0.0041443530  0.011516591  -0.016974021  -0.19522144  -0.094981033  -0.13125228  -0.33352197  0.90239016  -0.028816366  0.048714835  -0.029706799  
-0.0019571959  -0.010704592  -0.0055024546  -0.095421199  -0.028557763  -0.023417259  -0.024383461  0.0088882995  0.95512980  -0.26270139  0.029329898  
-0.0026556602  -0.0032610397  0.011883366  0.14185178  0.098608549  0.026781212  -0.0026414018  0.00022133461  0.27777219  0.93933848  -0.073196133  
0.0016729602  -0.0014527153  -0.0054121216  -0.013837623  -0.0062945674  -0.0038520918  -0.011155823  0.019601463  -0.0095743599  0.083388364  0.99382078  
