0.99762033  0.00060151937  -0.00023284404  0.0032261307  -0.022082998  0.015258015  0.0033393271  0.0041473343  -0.010317346  -0.0031858862  0.00077727989  
0.00031763715  -0.99729400  -0.0050095151  -0.024690591  0.0022661762  0.0042960222  -0.011107400  -0.0013307360  -0.0012265183  0.0075314106  -0.00084224220  
-0.00056142859  -0.0080682791  -0.73845538  0.59103874  0.043432183  0.030145562  -0.23772916  -0.021741683  0.020205761  -0.034801290  0.00097418189  
-0.00082226639  -0.024949532  0.58274165  0.77442328  0.081873011  -0.026459171  0.12396183  0.029192410  -0.034941324  -0.069187910  0.0050364811  
-0.020546359  -0.0046365786  0.016420463  0.093099473  -0.97591403  -0.031932370  -0.016293041  0.023521225  -0.0031881689  -0.0079084209  -0.00027510828  
0.013697877  -0.00030110770  0.011340205  -0.016431847  0.041089282  -0.89474219  -0.23874034  0.31586239  -0.15506313  0.10328140  0.010514539  
-0.0047506031  -0.0094120244  -0.26314569  0.048228057  0.0012691150  -0.091436519  0.87662690  0.30869142  -0.20594509  0.014572140  -0.011636497  
0.010893044  -0.0059787493  -0.055704957  0.019226315  -0.029357586  -0.41845355  0.29825320  -0.65524596  0.50163804  -0.10986744  0.036015662  
-0.0041116030  -0.0023877515  -0.014536730  -0.042081322  0.013854431  -0.083414211  -0.021690471  -0.41413608  -0.68155072  -0.54792749  0.053709488  
6.0726714e-06  -0.0061345627  0.00015304417  -0.063117684  -0.021185178  0.0083877931  -0.039948468  0.43932027  0.34302616  -0.77902982  0.031297576  
0.00093307499  0.00054813759  0.0060653662  -0.00084849081  0.00085471535  -0.027829909  -0.0035261915  -0.032568714  -0.0057482861  -0.060027308  -0.99409240  
