0.99873870  0.0012802636  0.0020942182  0.014646401  -0.0015351686  -0.0060609990  0.0062078522  -0.0070636958  0.0080979923  -0.0044223017  -0.0053701252  
-0.00083522065  0.99078597  0.0038635846  -0.0028421674  0.0025057509  -0.0069423130  0.0061332348  0.0091777246  0.0031933911  0.00052737944  -0.00037779864  
-0.0013424800  0.0090037454  -0.63113291  0.18694970  0.091430488  0.029956592  0.015901112  0.026289521  -0.0097855396  -0.013571097  -0.0043774180  
-0.014310146  0.00036553387  0.19062219  0.93269869  -0.19002173  -0.0085568125  0.062417136  0.11786796  -0.0058982122  -0.033550158  0.00033400317  
-3.1889028e-05  -0.0026939178  -0.11210280  0.18947935  0.92764174  0.11783160  -0.0065643859  0.017238334  -0.018301175  -0.024096534  0.0011088810  
-0.0055448771  -0.0078304593  -0.039885248  0.027140914  0.11700127  -0.96533907  0.027769807  0.00024966350  0.11618137  0.18348901  -0.00010968198  
-0.0011836657  0.010896306  0.022651809  0.13535384  -0.0046868912  0.032127856  -0.38776852  -0.79890742  -0.19155089  0.32348958  -0.00016987775  
0.0017763489  0.0027963283  0.040120874  0.015939585  0.0062684520  -0.059240487  -0.85992812  0.17619876  0.23057613  -0.30241831  -0.0013156667  
0.011026216  1.3309761e-05  0.0018541138  -0.033604956  -0.0042868374  -0.10445748  -0.18450473  0.31323622  -0.91688797  0.070877387  0.066057304  
-0.0059742587  0.0026972561  -0.0013394549  0.0043206310  0.0030371426  -0.18259455  0.16935750  -0.37408526  -0.20771327  -0.86383319  0.048196808  
-0.0049086872  0.00054532060  0.0041714825  -0.0025524026  0.0010054980  -0.015556234  -0.0026122766  0.0019856624  -0.071359891  -0.036486614  -0.99525123  
