0.99865047  -0.0029940541  0.0032239643  -0.011964171  0.0013927524  0.0064870850  0.0043566392  0.00049209283  0.00066154926  -0.00012736624  0.0033934977  
0.0026753157  0.99692255  -0.016121855  -0.0046826373  -0.0047703424  -0.013329759  -0.00049036602  0.023647086  0.0017160724  0.0030807858  0.016673093  
-0.0028513951  0.025587436  0.77686962  -0.058013138  0.0027520070  0.010379889  0.043815642  -0.51076345  -0.078576018  -0.071945468  -0.10063214  
-0.011867025  -0.0078829124  0.057268120  -0.97982545  -0.028874237  -0.031947336  0.00094479008  0.16111312  0.047878724  0.016876103  0.046992962  
0.0020083304  -0.0046007090  0.0060506244  0.031056703  -0.99760523  -0.019607974  0.0034903717  -0.0036199300  0.014498472  0.018809847  0.00030140700  
-0.0064956363  0.011965588  0.032410498  -0.016365974  -0.017897557  0.98840025  -0.038784748  0.034154178  0.10656838  0.040624891  0.037858233  
-0.0041285986  -0.0015919460  0.066103844  0.035560913  0.0052113915  0.022688602  0.98000121  0.14783326  0.054374435  0.013406802  0.066664239  
-0.0015814294  0.0077775273  -0.49595125  -0.16037362  -0.014138449  0.074593053  0.17100267  -0.56133104  -0.043051273  -0.21982540  -0.50006858  
-0.00094083678  -9.9055467e-05  -0.018476226  0.018821249  0.018181521  -0.10353328  -0.025835952  -0.22332948  0.95567554  0.056542198  0.11980262  
-0.0015284849  0.0010019071  -0.073115522  -0.030843489  0.012947004  -0.015916407  0.034532344  -0.19813805  -0.094655568  0.90798948  -0.080957490  
0.0037968942  0.010260620  0.17520009  0.055775987  0.0066616555  -0.014772207  -0.039718980  0.44480552  0.20382669  0.060766538  -0.82623059  
