0.99724729  -0.00061810148  -0.0034665583  -0.00049542485  -0.00037927839  0.00017791660  0.014589422  0.010690542  -0.0068708860  -0.0018267481  0.0016413860  
0.0012949047  0.98973794  0.0017860545  -0.0037424125  -0.011085690  -0.0078620281  0.00025543565  -0.0097054692  -0.011483786  -0.0017750084  0.00089099041  
-0.0020815266  0.0096410887  -0.58442902  0.035110094  0.50198789  0.083594937  0.011245112  0.0051432959  -0.0088364567  0.051523523  -0.047253836  
-0.00095161248  -0.0035627385  0.0096578487  -0.98235358  0.069388576  0.0056621138  0.010518072  -0.046293610  -0.018061490  -0.048154913  0.080675094  
0.0030214680  0.010455675  0.48157818  0.055698542  0.70250400  0.46714628  0.0092671543  -0.065434681  0.054087769  0.010367909  0.022616664  
-0.0037447037  0.0024971274  -0.13561662  -0.019886512  -0.44300529  0.83834283  0.22259939  -0.025561192  0.033197656  0.048321662  0.069933851  
0.018738011  0.0017270228  -0.061233226  -0.0056931065  -0.088945093  0.11735058  -0.78290716  -0.38133708  0.44522290  0.018175749  -0.018967709  
-0.0022193596  0.013951038  -0.010408811  -0.035301160  0.026064066  -0.055324644  0.24714746  0.46444904  0.80942905  -0.10055386  -0.11391570  
-0.0017251455  0.0057268113  0.017999151  -0.024405691  -0.0071121804  0.11044274  -0.45853208  0.73492599  -0.22788407  0.27470150  0.27647605  
0.0018325110  -0.00044046268  -0.020207855  0.013340351  0.027642768  -0.14345566  0.21737253  -0.23862645  0.22976589  0.69227503  0.53018289  
-0.0026819183  0.0010850035  0.046607762  0.10014060  -0.0017502105  -0.029530900  0.031050564  -0.037163320  0.045378718  -0.44562480  0.66495226  
