0.99748855  0.0058054253  -0.00047411280  0.015529209  -0.0021100925  0.010689927  -0.0010039752  -0.00076830908  -0.0082710489  0.010524027  0.0082608443  
-0.0058128953  0.99587480  0.029756933  0.0037431791  0.039956170  -0.018469936  -0.0091954354  0.0035017863  -0.0013283171  0.0040913705  -0.0017624827  
-0.0018724409  -0.025972300  0.87442118  0.00031748978  0.22423930  0.25298702  0.17481777  -0.23536723  -0.013498072  -0.0060488255  0.046898128  
-0.016879783  -0.0039747401  0.00061315836  0.99472429  0.0013906833  0.017590035  -0.0097180692  0.0039791659  0.044692295  0.0043519394  0.033101637  
-0.0017552651  -0.036392605  -0.18396169  -0.0016149838  0.96310158  -0.089874912  0.028778692  0.13091801  0.0018481681  0.0069035867  0.0028639521  
-0.0054551240  0.022221853  -0.25818515  -0.013249201  0.060366619  0.80781377  -0.33874505  -0.033256937  -0.026922518  0.065808300  0.15265263  
0.0039709521  0.0045015337  -0.20001256  0.015046837  0.071462813  -0.29178926  -0.10885364  -0.86973766  -0.038199129  0.039313447  0.036571258  
0.0032413356  0.022792916  -0.23916976  0.014967308  -0.049226085  0.089685249  0.85935152  0.062823287  -0.060250161  0.096428366  0.069907450  
0.0091454160  0.0028876337  -0.012632378  -0.043373055  0.0023980908  0.013594450  0.035921589  -0.029799756  0.98990700  0.060950032  -0.0030448092  
0.010727320  0.0053521984  -0.017123159  -0.0056470892  -0.0016167460  -0.066849121  -0.0012206978  0.052814111  0.049468484  -0.90015166  0.37758354  
-0.0099946293  -0.0052953393  0.046677431  -0.029048539  -0.023057516  -0.14587756  -0.040059279  0.061187560  -0.010280034  0.37434689  0.88704516  
