0.99811687  -0.0012351039  0.0013093368  0.017091871  -0.0031520857  -0.0056690954  0.0088650819  -0.0024708773  -0.0021700110  -0.0052058754  -0.0015573127  
0.0013575762  0.99537888  -0.055283295  0.012364424  0.015734599  -0.0077684764  -0.00031525778  0.011391417  -0.00083045213  0.0064465835  0.0037296870  
0.00034088495  0.057603383  0.85936131  -0.34788743  -0.19480434  -0.10373200  0.064493621  -0.0017484908  -0.029375925  -0.017611065  -0.017858553  
-0.014086364  0.0029735482  -0.057404451  0.42590520  -0.82598014  -0.31108490  0.061245498  -0.0081342956  -0.088300066  -0.12318963  -0.00064752815  
-0.0020059782  0.014552419  0.31169869  0.63126199  0.029199329  0.67585694  -0.12793652  -0.0013648614  0.037392132  0.024013138  -0.021598410  
-0.0079007243  -0.0075599455  0.24577078  0.52406100  0.50234059  -0.57385717  0.23499322  0.012629854  -0.12000761  -0.016512942  -0.021047806  
-0.0075391618  0.0011741983  -0.071947227  -0.048621212  -0.049153304  0.25869516  0.95392275  -0.076304493  0.050061517  -0.011988972  -0.029275030  
0.0037731237  -0.011264104  0.0033920333  0.045471468  -0.066988700  -0.068975182  0.065823174  0.78778987  0.38856474  0.43874258  0.0030655466  
-0.00045663969  0.0035637291  0.017179264  -0.0038229692  0.070678300  -0.0029716982  -0.0099537978  0.24794279  0.47106424  -0.82590454  -0.017564238  
-0.0022182645  -0.0053045350  -0.043220932  -0.072459988  0.032236019  0.14089191  0.036055014  0.54150413  -0.74097990  -0.23883740  -0.020197668  
-0.0058239301  0.0026384679  -0.024338941  -0.0054857267  -0.0019399166  -0.013954272  -0.031020647  -0.035610631  0.097910704  0.072010234  -0.76287757  
