0.99792638  -0.0060896849  0.025749801  0.0018465346  -0.0044226558  -0.0041855513  -0.0049949905  0.0022402728  -0.0031295732  -0.017244408  0.0050191860  
0.0060573734  0.99713935  -0.011075280  0.031159989  -0.024959612  -0.0065098307  0.0079038783  -0.0021084204  0.0038412533  0.0049586005  0.00068609055  
0.0065727442  0.028249059  -0.25808127  -0.94242778  -0.022742925  0.10799042  -0.13306767  0.026512488  -0.025409061  -0.00089901779  -0.0068974761  
-0.023576515  0.018832897  0.96201200  -0.25660680  -0.0077356247  -0.0074810624  -0.017543318  0.021690485  -0.0013707543  0.030919044  -0.0029680788  
0.0045947391  0.025927950  0.0014266919  -0.017295455  0.99512699  -0.013446944  -0.031693213  0.0099344739  -0.040132961  -0.0016214188  -0.0094370598  
0.0062132634  -0.0041310739  -0.015191286  -0.15653245  0.034194918  -0.11519635  0.88595492  -0.36215739  0.13760932  0.041409549  0.0045424945  
0.0024153306  0.0030271756  0.039809705  0.074994908  0.020355245  0.81807831  -0.11444672  -0.51151226  0.17565705  -0.045438688  -0.026050306  
0.0026216601  0.0013160464  0.00084832183  0.020649279  0.015058678  0.50300459  0.36819815  0.76696432  0.099433943  -0.034557865  0.00069103612  
0.0024099260  -0.0026889165  -0.010913033  -0.020667854  0.031008474  -0.17639729  -0.15333274  0.070080087  0.96213002  0.077546267  0.0031341809  
0.012188466  -0.0049056629  -0.015864127  -0.0023283088  0.0017683349  0.071617517  -0.028693108  0.019794100  -0.076666101  0.91523971  0.046523698  
-0.0056407667  5.5841034e-05  0.0013915988  0.0014812048  0.010691674  0.026558668  -0.0035633549  -0.013485311  8.9546687e-05  -0.0049778697  0.98285170  
