0.99823305  -0.0012002045  -0.0015228744  0.0054045497  0.0015283462  -0.0070397929  -0.0028659671  0.0037079373  -0.0050314022  0.0019873188  -0.0031854131  
0.00068443876  0.99171180  0.015435949  -0.0018230590  -0.0020925966  -0.0016011051  -0.00061324197  -0.00049150305  0.0036384561  0.0012125035  -0.0028445023  
0.0025273220  0.012414429  -0.57757470  0.094273097  0.19685934  0.16085181  -0.42899798  0.12613617  0.053778569  0.12756184  0.072053984  
-0.0060176373  0.0073867699  -0.33615446  0.36706804  0.39264860  0.22256605  0.72034758  -0.068999270  0.045364194  0.045686820  0.065693612  
0.0078825076  -0.00020075114  -0.055804480  -0.82339223  0.12066427  0.50755532  0.16316708  0.045378847  0.10316565  0.019719776  0.0023932626  
0.0061692708  -0.0014470675  0.0041804278  0.31127642  -0.67658646  0.65368216  -0.0017909567  -0.073532505  0.091318385  0.019088555  0.0020880884  
-0.00032810911  0.0046959070  -0.38907612  -0.25065025  -0.55869326  -0.47528208  0.40307969  0.023849537  0.12078416  0.087992117  0.026527924  
0.0044777976  -0.0055332707  0.14177117  0.082224053  0.068966925  -0.066825768  -0.069514652  0.28966106  0.85847359  0.26327237  0.11862198  
-0.0012592849  -0.0010907136  0.024504480  -0.051640160  0.024769320  -0.018810938  -0.065352768  -0.49210256  -0.10310223  0.73045896  0.34365943  
0.0019966784  0.0010028310  -0.051185797  -0.039449150  0.050997233  -0.050388343  -0.092784610  -0.74862840  0.39366991  -0.44898912  0.081671705  
0.0044624318  0.0013366457  0.11510373  0.0024389163  -0.012395461  0.013455158  0.069826104  0.20082533  -0.045554116  -0.35144700  0.82488128  
