0.99402230  -0.0041877643  0.012686014  -0.015857816  -0.038957306  -0.0087907615  -0.00039138410  0.00078178992  -0.013275491  -0.019638037  -0.0015682294  
0.0028439055  0.99062728  0.010783450  0.0064095438  -0.031673105  0.046224164  -0.033748489  -0.026666092  0.0036783665  -0.0055117590  0.026283267  
-0.0025092626  -0.0062540638  0.96004640  -0.032415744  0.19670975  0.12137817  0.082888324  0.021218952  0.0043399464  -0.0056044630  -0.010597908  
-0.029217536  -0.020871970  0.038705194  -0.89795977  -0.36664499  0.13571530  -0.14115734  -0.032191115  -0.014976100  -0.0099928133  0.018715253  
-0.028077212  0.029081624  0.19906016  0.061837244  -0.49405560  -0.80627305  0.087705517  0.072548848  0.024383558  0.0084100340  -0.040809073  
-0.021192011  -0.044047573  0.088952710  0.35911805  -0.73044476  0.49191415  0.12964018  -0.027254646  0.030653994  -0.00039859651  0.018756002  
0.0030985219  0.037258816  -0.11165567  -0.18707768  0.078257813  0.027375412  0.95065350  0.10177756  0.10214365  -0.032488759  -7.4445990e-05  
-0.00017923216  0.017809271  -0.019702937  -0.0023908714  -0.0097249868  0.074838622  -0.11472437  0.98283577  0.029385492  -0.0089071549  0.0035183447  
-0.0084018585  0.0082359729  8.1739604e-06  0.0077306400  -0.021162482  0.0015772190  0.10802214  0.041958282  -0.94678577  0.25443301  0.0019220923  
-0.021445316  -0.0030950432  -0.0018285559  0.017508839  -0.010338429  -0.010185576  0.00034734572  -8.7552482e-05  -0.25950004  -0.95623729  -0.035253286  
0.015725201  -0.0011099366  -0.016306885  0.028659726  -0.025359166  -0.0048708849  0.0094710381  0.0039000359  0.051059194  0.028085456  -0.33612564  
