0.99515582  0.00089591522  0.0037884191  0.00055118840  0.025346423  0.0031358757  -0.023747360  -0.010260443  -0.0048865338  0.015630730  0.0048469904  
-0.00094110738  0.99491208  -0.014101302  -0.0012090950  0.0031658573  -0.018504488  -0.0012122324  0.0069765954  0.0049371244  0.0043035714  0.0024732550  
-0.0030212084  0.014402757  0.98225405  0.044854516  0.012422412  -0.018048370  0.0010921712  -0.0080800472  0.0037808420  -0.052849933  -0.0032165370  
0.0029692183  0.00069344397  -0.040685640  0.98231102  -0.13879228  -0.0041646125  0.0064350376  0.024998383  -0.024612385  0.033037656  0.025404833  
-0.024930975  -0.0035684271  -0.016073521  0.13451461  0.97391264  -0.025807140  0.019516455  0.046952933  -0.086206728  -0.0027065946  -0.0048517148  
0.00044663786  -0.018859030  -0.016453724  -0.0083833770  -0.023291073  -0.98628264  -0.12839554  0.020610679  0.00034175386  0.00070287188  0.018061627  
-0.025388041  0.0030880966  0.0034843013  -0.0022708662  -0.0038211191  0.12077011  -0.92832727  -0.026419259  -0.32623868  -0.0041838810  0.052759886  
0.0089066964  -0.0042256503  0.0063955030  -0.031062292  -0.060249467  0.017348348  0.015887099  0.95250640  -0.15431195  -0.070128219  -0.12122133  
-0.0016294086  -0.0061430920  -0.0011138716  0.025813720  0.075995309  0.044475423  -0.31938104  0.12073876  0.86189729  0.063801931  0.047857556  
0.0093495788  0.0041933295  -0.030984304  0.044142621  0.0029161196  -0.0091515654  -0.070795994  -0.13178607  0.073816296  -0.45046615  -0.85116236  
-0.011934258  -0.0021683266  0.044957400  -0.016215163  -0.00045053066  -0.0074907609  -0.015397996  -0.0014390877  -0.041804735  0.86709436  -0.47135982  
