0.99490344  0.0014328875  -0.0019049096  -0.025313096  0.028895948  0.011097720  0.00033334412  0.027965628  -0.0075320036  -0.0013589503  0.0042736155  
-0.0020661311  0.98426553  -0.074649330  -0.020835897  -0.0022510363  -0.013275778  -0.040155350  -0.010845339  -0.010297370  -0.0010433946  0.0013711513  
-0.0075443850  -0.083800009  -0.58652859  -0.19896390  0.017722005  -0.26482668  -0.19830540  -0.080962049  -0.034185450  -0.016758903  0.085005323  
0.021223390  0.0093087128  -0.014466453  0.89970605  0.056748991  -0.35937464  -0.079773365  0.15078896  0.034148470  0.00018229603  0.036205633  
0.028296424  -0.0053519925  -0.086822274  0.087424707  -0.97777107  0.095573537  0.019404271  0.046870968  0.038531959  0.034672512  -0.018612022  
0.011365685  0.013069503  0.30698316  -0.27930683  -0.14597492  -0.85905272  0.082636722  -0.15144595  0.031724048  0.014106231  0.024751979  
-0.0080875135  0.020385528  -0.22317504  -0.0051095913  0.054393705  -0.055532549  0.91632455  0.25119107  0.12114888  0.077142363  -0.023031372  
0.031338182  0.0028111688  0.00026775229  0.20870125  -0.0042137969  0.10753930  0.25069579  -0.92406057  0.031601654  0.012599386  -0.013989125  
-0.0074292893  -0.0062815747  -0.020749912  0.036311426  -0.031499352  -0.036638533  0.11896780  0.014220446  -0.93535139  0.083132946  -0.0098129449  
-0.0040137947  0.0023157839  -0.00017606140  0.0061767751  -0.034277665  -0.0045958905  0.088911721  0.0081475692  -0.010407215  -0.95202607  0.048513388  
0.0033156682  -0.0023828795  0.030836899  -0.0027228466  0.014737630  -0.048047776  -0.034157396  0.026033395  0.022693085  -0.053242934  -0.97044673  
