0.99535300  -0.0035378130  -0.0045445146  0.012316722  0.014223932  -0.017411038  0.024253033  -0.0099742769  -0.0075603053  -0.0043607901  0.0061020754  
0.0030587140  0.99445486  -0.022841375  0.023795243  -0.0042495318  -0.0026956774  -0.0013195086  -0.0057568126  0.026770228  0.0016444979  0.0022174103  
0.0019288330  0.018218556  0.71254527  0.083844091  -0.011970435  0.44634232  0.27587207  -0.23962511  0.013132202  0.018810817  0.019904542  
0.019470132  0.023495128  0.087273971  -0.90839246  -0.31427342  0.15634547  -0.14939579  0.083312194  0.0048298965  -0.019425918  0.0019814907  
0.010389083  -0.010464473  0.077410033  0.31643949  -0.92470597  -0.14229366  -0.043433341  0.067809829  0.017664449  -0.020906164  0.0044590189  
0.0093516095  0.014759525  0.50755043  0.060356310  0.17799882  -0.29722543  -0.37886094  0.65448128  -0.013834031  -0.064223590  0.031880869  
0.020224674  -0.0066598431  -0.0053765983  0.15786172  0.016968164  0.33211685  -0.85262992  -0.35279748  0.0050923894  0.028765665  0.0019857816  
0.015074565  -0.0068745457  -0.24069118  0.15752732  -0.039026740  0.72486889  0.069243948  0.59083679  0.055520064  0.027572033  -0.020168681  
0.0061991730  -0.025519837  0.0039655133  -0.0070922505  0.025727944  -0.038047329  -0.0059869377  -0.027861293  0.96982630  -0.20367208  0.0017914677  
0.0039281193  -0.0056384945  0.026572111  -0.020762333  -0.0081321429  -0.070410887  -0.013614346  0.041861680  0.20385619  0.91808535  -0.028740376  
0.0066235859  0.0032188724  0.040067553  0.0016753014  0.0025208656  -0.013245939  -0.0098257360  0.0023371366  -0.0063232817  -0.028137432  -0.99397563  
