0.99270379  0.0031665137  -0.0092083562  0.042817814  -0.011055927  0.00098530968  -0.024352382  -0.0068285322  0.014597581  0.010138383  -0.023406029  
-0.0028819819  0.99252451  0.0059417129  -0.011010143  -0.014534195  -0.025980260  -0.0058558431  0.0017358356  -0.0042378563  -0.0010084060  -0.0045582186  
0.0054607197  -0.012536839  0.75334262  -0.18497457  -0.48826267  0.037408198  -0.011698072  0.064394504  -0.022392694  -0.0026724437  -0.033600377  
-0.040904540  0.0047961642  -0.25227126  0.69040026  -0.62630854  0.19117406  -0.021389201  0.032544121  -0.0069326482  0.0022275473  0.0025190334  
0.018726798  -0.010263632  -0.44232241  -0.65824574  -0.53071303  0.056348261  0.011832078  -0.075512400  0.14909979  0.0062073129  0.00060118826  
-0.024996132  0.010020482  0.088062140  0.072075940  0.085870987  0.27666698  -0.28970505  -0.68951979  0.55175579  0.053079216  -0.074042147  
0.020969881  0.018922111  0.027051727  -0.018976106  0.077203639  0.48477116  0.84947138  -0.11665670  0.044206295  -0.040080794  0.013669417  
-0.0061228905  -0.013934700  0.031693988  0.12783977  -0.098621344  -0.68733286  0.37748555  0.032672898  0.57189891  0.012522386  -0.066139453  
-0.0075145624  0.011505682  0.0030602666  -0.017352748  0.12538314  0.38231291  -0.15274744  0.68678494  0.53416769  0.14732210  -0.064364532  
-0.015553027  -0.0020235054  -0.013934038  -0.0029462254  -0.0054197259  -0.040049222  0.073225805  -0.065874226  -0.15546249  0.88737540  -0.40094543  
0.016639005  0.0028507010  0.031008882  0.00083839622  -0.031419515  -0.023277489  0.010893361  -0.027361293  0.051973201  0.40968462  0.87678717  
