0.99853076  -0.00027550099  -0.00036559994  -0.0032810223  0.0043924494  -0.0024029260  0.0087681542  0.020596973  0.0028281167  0.0029457859  0.0012684356  
0.00016269965  0.99828113  0.017167259  -0.0027189737  0.00073567806  0.00056522676  0.0031142783  0.00033385427  0.014369093  0.0035626061  0.00029999307  
0.0023413315  -0.014170107  0.89317504  -0.017376145  0.031257250  -0.012280428  0.015162128  0.012944183  -0.19322600  -0.0053118421  0.0027697166  
0.0017878846  0.0018643113  0.054791302  0.95690484  0.029357144  -0.26262495  -0.0067859137  -0.0030551547  0.020317342  -0.0063739983  -0.00045196162  
-0.0052167774  -0.00056121062  -0.032221303  -0.0092689722  0.99228491  0.069523400  0.072427193  0.024025269  0.0086764454  -0.018037139  -0.0033503863  
0.0027256354  -0.00056607436  0.022012744  0.26387131  -0.066580653  0.95754140  0.033229057  0.017590904  -0.0025910651  0.025846803  -0.00015627977  
0.0074229760  0.0037602323  -0.0031255363  0.0029888057  0.070546096  0.032929627  -0.97064799  0.073523831  -0.085600637  0.14148362  -0.025996346  
0.017295961  0.00090832316  -0.016328688  0.0043513867  0.028981396  0.0033803553  0.016987636  -0.86818261  -0.14916178  0.46620663  0.033322920  
-0.00089921387  0.016480363  -0.19237808  0.025461435  -0.0087730744  -0.015127537  0.086543828  0.14369155  -0.95485007  -0.049381254  -0.0015252863  
-0.011590013  -0.0041888105  0.0026043673  -0.00048023914  -0.0053232082  -0.035829967  0.15503425  0.46100495  0.039493738  0.86490702  -0.0067022248  
-0.0017623781  -0.00018347552  -0.0027180293  0.00056890358  0.0041275137  0.00092390646  -0.024564430  0.034552748  0.0014730850  -0.0061266580  0.99739596  
