0.99856761  -0.0034690128  0.0021381894  -0.0025762477  0.013084727  -0.00019034424  0.0013561745  -0.0012136668  0.00013396456  0.0033832611  0.0029770019  
-0.0037927595  -0.99819912  0.0069364107  -0.0017051624  0.0028888290  -0.0014638384  -0.0048252179  -0.0017715778  0.0059793761  -0.0078886092  -0.018023597  
0.0015629679  -0.0072747533  -0.98231867  0.0035641872  -0.0021826205  -0.0019028692  -0.0059315429  -0.013069961  -0.0059770580  0.0065382892  0.020432402  
0.0033072945  -0.0016477705  0.0023657454  0.98365664  -0.0028374634  0.013565663  0.090854969  -0.019725833  -0.11889158  -0.024779140  -0.056161294  
0.013017057  -0.00075407569  -0.0044971187  -0.038288829  -0.88194283  0.064729268  0.40697018  -0.026653725  0.11118969  -0.00046679589  -0.16529365  
0.0039454050  -0.0010968095  -9.7608220e-05  0.0072360484  -0.056988592  0.96242980  -0.24158095  0.064220011  -0.036982649  -0.0071360660  0.026832580  
-0.0044003807  0.0077939621  -0.020536379  -0.084128658  0.37974681  0.16099337  0.54212572  0.36424972  -0.055427684  0.023455253  -0.55896972  
-0.0038099152  0.0075624486  0.0037416223  -0.025278122  0.16412822  0.11211839  0.083874682  -0.89831067  0.15459379  0.051503118  -0.31102217  
0.00071250140  -0.00040670900  0.0023358965  -0.12416892  -0.11102121  -0.046385306  -0.055831636  -0.14715754  -0.92645311  -0.18728073  -0.19013035  
-0.0072456579  0.012175335  -0.010488685  0.044113948  -0.15824955  -0.14631594  -0.58538106  0.15676189  0.11800598  0.31616017  -0.67163645  
0.0010054159  0.013471660  -0.011451532  0.010365023  -0.012664522  -0.038876101  -0.17398706  0.042715208  0.23638864  -0.92582834  -0.21929272  
