0.99905881  -0.00095225788  -0.0017045109  -0.0028492350  -0.00071974524  0.010210680  0.0012312366  0.0038096414  0.0028159808  0.0030199099  -0.0023903896  
0.0013265848  0.70358216  -0.61353151  0.14512582  -0.029758467  -0.067824527  -0.013220465  0.16455061  -0.12027596  -0.0044268906  -0.00011604515  
-0.00018191203  -0.61666281  -0.38891095  0.34936423  -0.13878907  -0.12709419  -0.11174936  0.32936173  -0.25393442  -0.022050532  -0.0026657969  
-0.0060328617  0.17685924  0.31053797  0.69402819  -0.59200339  0.047384254  0.018657366  -0.058076694  0.080252482  0.041181519  -0.0049935667  
-0.00091984319  -0.041506123  -0.12132811  -0.59051057  -0.78033317  0.050064703  -0.0094992006  0.053315560  -0.0085408254  -0.051287645  -0.075203178  
0.0086759278  0.058967532  0.14186444  -0.060698526  -0.046519462  -0.98225510  0.0062968296  -0.024900034  0.0058167810  -0.018792520  0.034099516  
0.0025964339  0.0029308246  -0.084691480  0.0098648418  -0.016669189  -0.0061957273  -0.90268241  -0.41276910  -0.015321466  0.047901378  0.035206283  
0.0019631320  -0.13873232  -0.34167286  0.092622961  -0.054090300  -0.038502842  0.40218625  -0.80153675  -0.046323350  -0.043678027  -0.028634774  
0.0037804079  0.076536513  0.26667835  -0.032208325  0.0010145982  0.041435282  0.015739790  -0.082639471  -0.89772884  -0.18687758  -0.050240419  
0.0015316405  0.0052886248  0.027473122  -0.040088694  -0.018730493  0.032975282  0.049135007  0.022517003  -0.12648366  0.29490410  0.81877467  
0.0043242322  -0.0077133248  -0.039569693  0.0090829612  -0.058470974  0.028234902  -0.013863568  -0.023808497  0.12780458  -0.70518761  0.50439079  
