0.99689425  0.0020646108  0.0076164188  -0.0040143161  -0.021244636  0.0033370290  0.0013851537  0.024568739  -0.0032060462  -0.0029828432  0.0069702648  
0.0023385488  -0.98988544  -0.0055366355  -0.0087395862  0.0044822520  0.00097219013  0.021174723  0.0011925571  -0.0049852779  0.0032008880  0.0010297354  
0.0017064184  -0.0023093262  0.62285774  -0.40927433  0.27513052  -0.031046409  -0.015159900  0.054037685  -0.0095617096  0.12673207  0.0017573901  
0.021201110  -0.0024402074  0.030455029  0.54489414  0.81220308  0.10958914  -0.052596621  -0.11866018  0.017682439  0.0034026892  -0.00043425216  
0.0094508381  0.018118521  -0.48508976  -0.59757427  0.47649371  -0.039697740  0.29352430  0.21539933  -0.077669625  -0.032487092  0.0035996573  
-0.00010202500  0.0025513185  0.047860522  -0.18191750  -0.034867228  0.95033002  -0.052587940  -0.16404524  -0.088426118  0.024616883  -0.013837138  
-0.023808270  -0.0024447553  0.10309006  0.21624531  -0.034967729  0.14341441  -0.069406399  0.87672148  -0.36245818  -0.025507056  -0.024358636  
-0.0030120126  0.015020695  -0.0061049270  0.26088853  -0.12948158  0.12257563  0.90130932  -0.0095596058  0.0011486636  0.080093004  -0.00085739925  
0.0072594685  0.0048960362  -0.011592490  0.010285562  -0.018416297  -0.14113737  0.00066923981  -0.34910589  -0.86274451  0.10901195  -0.11811838  
-0.0030958684  0.0010994665  0.11844856  -0.026896828  0.015100618  0.011204709  0.065702135  -0.066686213  -0.091081437  -0.95513649  0.040343232  
-0.0065416753  4.8489136e-05  -0.0069933295  0.0034637371  -0.0027389015  -0.0076760513  -0.0031396036  -0.027153602  -0.12328681  0.034164592  0.97956596  
