0.99828286  -0.0029234603  -0.0012812136  0.0082481195  -0.0014416710  0.010209133  0.0058228737  -0.0027297705  0.0050930653  0.0080455591  0.0085571012  
0.0032763743  0.98967048  -0.047581581  -0.0035122594  0.0070196692  0.00025605765  0.0062979470  -0.0011237196  -0.012442366  0.0020426092  0.0050986586  
-0.00049979000  -0.030211946  -0.48973580  0.0069282138  0.51808162  -0.018122565  -0.098719394  -0.0029147323  0.0023549479  -0.0042905299  0.0060354965  
-0.010609143  0.0025505213  -0.0050040324  0.96788106  0.021567691  0.21506325  0.10971268  -0.012487257  0.0094308542  0.014688530  -0.0088401821  
0.0021617909  0.023691136  0.53434407  0.016584501  0.76563475  -0.022262987  -0.24426111  -0.013062656  -0.0011552564  0.0035589991  0.056474340  
0.0028703842  0.0044146374  -0.045653971  0.20310182  -0.24432360  -0.47355172  -0.79279421  0.076307273  -0.0059193953  0.034293047  0.17475455  
-0.0088322083  -0.00011054589  -0.040325002  -0.11702581  -0.10396058  0.72486602  -0.40213691  -0.42371249  0.0097119505  -0.034270695  0.30474951  
0.0027020657  -0.0018173707  -0.0061692371  0.065171503  0.024111746  -0.40622399  0.15827605  -0.85350254  0.015222670  -0.26718032  0.00094173270  
0.0044268429  -0.012112225  -0.00098574692  0.0071095662  -0.00048238806  0.0071903896  -0.0039971834  -0.040467759  -0.99464002  0.059888022  -0.037353886  
-0.0067754118  0.0015481272  -0.0035895080  -0.010275746  -0.00036928620  -0.046298840  -0.00021737580  -0.27236141  0.074731212  0.93666900  -0.17770707  
-0.0081365056  -0.0083668896  -0.016812032  0.0066532399  0.037208165  -0.15828480  0.29816139  0.072413159  -0.028017978  0.18918789  0.90976436  
