0.99845811  0.00027997865  0.0011782721  0.0025016706  -0.0020137735  0.0019357839  0.0031228095  -0.00039811565  0.0029897195  -0.012149220  -0.00046020690  
-0.00017187971  0.99787595  0.025465458  -0.022082369  0.0051031639  0.0011963628  0.0013471438  -0.0051483958  0.0043210228  0.0020305452  -0.0018834733  
0.00080422102  0.025673023  -0.99646160  -0.00056509045  -0.033859056  -0.018479048  -0.0074132221  -0.00095514209  -0.00010614874  -0.023676906  -0.016054268  
-0.0029936358  0.022044818  0.00059255831  0.99759965  0.00011902294  -0.0041519723  0.0013615349  -0.00014155847  0.016953576  -0.033322740  0.0028770186  
-0.0019954512  0.0038550930  0.034416349  -9.0183530e-05  -0.99496650  -0.0027109019  -0.0081459732  -0.067036110  -0.00040985705  0.0019573980  -0.0032694314  
-0.0015156665  7.2197144e-05  -0.011398857  0.0032752902  0.00018533676  0.90118340  -0.42149422  0.010608666  3.6665579e-05  -0.041848586  -0.028804344  
-0.0032611010  -0.0014065284  -0.015345725  0.00034570643  -0.0072325691  0.42122184  0.87655591  -0.024185219  -0.00016572051  -0.0019159617  0.024480135  
0.00042044114  0.0056893449  0.0012357101  -0.00012656332  -0.067292110  0.00070215789  0.026062607  0.99510991  2.8074732e-05  0.00051028767  -0.00018288803  
0.0036501181  0.0046215960  -4.7539002e-05  0.016995014  0.00042532233  3.5608657e-05  0.00041656387  -3.2873353e-05  -0.97730028  -0.016443784  0.024735982  
0.0088974789  -0.0019661472  0.0012562453  0.022929816  -0.0037135884  0.010513184  0.020913019  -0.00094563187  -0.021421843  0.50422705  -0.78347458  
-0.011118040  -0.00068546180  0.029013255  -0.026629453  0.0020424258  -0.038504057  0.039766660  -0.00061845346  -0.0026053771  -0.82827240  -0.54599708  
