0.99710765  -0.0015789860  0.00093322286  0.013741568  -0.031598832  0.00090151081  0.020163421  -0.020653976  -0.0063573717  -0.00086919069  0.0040756122  
0.0010817503  0.99035404  0.0020804104  0.011842757  0.0098814622  -0.013880898  0.017641146  0.00080644751  -0.0029463779  0.0032328375  -0.0088719691  
0.0016261501  0.0054663458  0.46366732  -0.60626770  0.016874418  0.28977882  0.15024003  -0.012901217  -0.061343117  -0.0024145476  0.00070760272  
0.014841581  0.012244092  -0.62819343  -0.71572758  -0.073066407  -0.048952458  -0.071405799  0.014446752  0.022397485  0.011244161  -0.023968046  
0.033359199  -0.0075476937  -0.044015711  -0.045379996  0.99059299  0.012671951  -0.078374562  -0.029516673  0.0037097026  -0.0029154879  -0.0012770708  
0.0020803696  -0.014288603  0.21759935  -0.17438229  0.025592325  -0.93605124  0.12416269  -0.0053244978  -0.038835695  0.0011891705  -0.020020858  
-0.016654335  -0.016467553  -0.11800122  0.050115119  0.068835033  0.078316752  0.96969289  0.0092582629  0.011859517  0.00046315181  0.0030989617  
-0.021272171  -3.0012585e-05  -0.017159308  1.7310239e-05  -0.028884538  0.00030104275  0.0073616204  -0.99620386  0.023733963  0.019636988  -0.0094331179  
-0.0068416912  0.00031871183  -0.055619221  0.021257831  -0.00020511586  0.014921432  -0.0021276732  -0.018570691  -0.96419957  0.18011208  0.10262776  
0.0024748777  -0.0040326873  0.024450059  -0.030010284  -0.0028197293  0.0080280045  0.0092273975  0.025923792  0.19274281  0.87740659  -0.11270803  
0.00052666059  -0.0059165622  0.010537366  -0.012635383  -0.00094214450  -0.054737163  -0.0044265608  -0.0014299573  0.12593969  0.083804543  0.83241319  
