0.99735215  -0.0040793325  0.00070639583  0.019952632  0.0076262443  -0.010669966  0.0035878400  -7.8655647e-05  0.016093815  0.012879590  0.0035288510  
0.0039531578  0.99639076  0.023238918  0.0017727324  0.013407674  0.025025667  0.00034370679  0.0033589130  0.0077718970  0.0039815853  -0.0049792493  
0.0045457090  -0.031196542  0.81353349  -0.0084120086  0.18861914  0.41668173  -0.051634059  -0.079319043  -0.081119693  0.10668131  -0.13520505  
-0.019212889  -0.0034520002  -0.027012345  0.98856884  -0.024597829  0.081174472  0.0045489938  0.0028427204  0.072706510  -0.011810401  -0.046914489  
-0.013155700  0.0090062224  0.32013853  0.10288282  0.38548051  -0.81852642  -0.046202082  0.056814514  -0.20368348  -0.010727071  -0.014040496  
0.00066680121  0.011891430  0.30480388  0.012015312  -0.88321955  -0.27982380  -0.13885359  -0.11721467  -0.029048759  0.017780356  -0.031037049  
0.0093191854  0.0066774010  -0.036439605  0.037811822  -0.086997809  0.063478763  0.67541020  -0.21815522  -0.63189626  -0.21777252  0.021587615  
0.017894859  0.0036979041  -0.060260133  0.032789013  -0.015758681  0.17316056  -0.61410054  0.26779982  -0.56998550  -0.35607155  0.12169104  
-0.0069369983  -0.0035758949  0.13735268  0.030064919  -0.10202634  0.044400315  0.25102689  0.64853359  -0.016566644  0.33419467  0.58188548  
0.0049936101  -0.0043598420  0.11460422  -0.047332709  -0.063505366  -0.017791134  0.23538759  0.51501212  0.27855709  -0.63577142  -0.36414640  
0.00065605944  0.00044653424  0.15812546  0.012426960  0.059452236  0.0053330575  -0.0080316519  -0.34563912  0.27953594  -0.52224787  0.68156633  
