0.99844422  -0.0029745910  0.0016813437  0.021374778  0.0032346309  -0.010853936  0.0030101764  -0.0052155017  -7.6152484e-05  -0.0060347491  -0.0038217100  
0.0023332154  0.99065645  -0.00072670692  -0.0016361877  -0.019836946  0.00080179732  -0.0047728764  -0.014875066  0.0091232025  0.0020123972  0.0041566630  
0.0021295627  -0.014271025  -0.46518875  -0.0057744534  -0.51893167  -0.026271666  -0.092759216  0.086948139  -0.013203684  0.00044440907  -0.0020997127  
-0.020803090  0.0015843410  0.0034333841  0.99491526  0.0024778112  0.039767785  -0.052180017  -0.0065067450  -0.040062858  -0.00011962114  0.0065697068  
0.0010956520  -0.015462350  0.50340878  0.0022754797  -0.80544172  -0.040571756  -0.055794750  -0.099770382  0.051894422  -0.0031764092  -0.026738168  
-0.010089811  0.0010092393  -0.011935977  0.060860332  0.044396232  -0.80414014  0.15027623  0.10817967  0.53537435  0.031513002  -0.098544031  
0.0022443366  0.015526514  0.096756299  -0.013245204  -0.014751879  -0.21663210  -0.23327315  0.83929023  -0.39728165  0.0024451675  0.099149259  
0.0087351168  -0.0044757774  0.0044357561  -0.023186111  0.072558387  0.30095671  -0.70982220  0.17076897  0.59059054  -0.021119416  -0.11526772  
0.00023810669  -0.0062900066  -0.033245140  -0.033477160  0.073871101  -0.41815147  -0.59780441  -0.45996650  -0.31822736  0.078584673  0.35857134  
-0.0099178834  0.0053105740  -0.013762195  -0.011035422  0.031175459  -0.14350310  -0.17336059  -0.12040349  -0.25074553  -0.60853124  -0.69063698  
-0.0016171523  0.00020958012  0.0010651915  0.0069047874  -0.013177025  0.035265240  0.096787679  0.048123390  0.16882319  -0.77986140  0.58262554  
