0.99417809  -0.0091206902  0.0094108407  0.0069475576  -0.021466179  0.025799908  -0.0075076703  9.0722847e-05  0.0029243811  -0.015667224  -0.0090251893  
0.0087099643  0.98739106  0.0028984124  -0.0044582153  0.073161884  0.085779115  0.00065180528  0.0035978285  0.0090487489  0.0044257381  -0.0062965877  
-0.0075034716  -0.039847897  0.91980490  -0.0019039036  0.092960131  0.32754747  -0.085206967  0.041921755  0.0026774224  0.0043999279  0.0074579310  
0.0046935937  -0.0048289530  -0.015813082  -0.97910963  -0.055236738  0.040191905  -0.029741040  0.0036004089  0.15198240  0.012751235  -0.0021363424  
0.024337127  -0.054566161  -0.075825116  -0.048095428  0.89939077  -0.18589076  -0.095833887  -0.042336637  0.0035247243  -0.010850892  -0.020713894  
0.017346949  0.0034130873  0.16130426  -0.054971405  0.19746675  -0.18987532  0.86677714  0.14269860  -0.015051695  -0.026319128  -0.036078145  
-0.010933834  -0.074972888  -0.30396754  0.022811309  0.041070208  0.79456444  0.35105895  0.0053452574  -0.050178174  0.0084567596  0.035103177  
-0.0015617395  -0.0030565363  0.048190227  -0.0090510447  0.045015702  0.057193217  0.087521308  -0.96812571  -0.00030164428  0.0021489300  -0.010396697  
0.0017933833  0.010463072  0.0065424793  -0.15247528  -0.0030666880  -0.016660530  -0.045827587  0.0011638176  -0.93969385  -0.16664087  -0.0034453602  
-0.0050824173  0.016546164  0.014991847  0.0082264509  -0.019409974  -0.049208737  0.031743753  -0.015405784  0.093482017  -0.60196152  0.73666645  
-0.020514986  -0.0022833581  -0.0067665225  0.018845554  -0.028660302  0.038874909  -0.019164520  -0.00045411948  0.12644864  -0.75000675  -0.62966195  
