0.99763668  -0.00061960691  0.0021026358  -0.015697525  -0.0070291008  0.010974913  -0.0052303298  -0.0081210909  -0.0019193734  0.0016151492  0.0032696999  
0.00064209541  0.99716512  -0.021141549  0.00072491757  0.00016719465  0.011528686  0.011244196  0.00096230359  0.0069783299  0.0049972048  -0.00018229426  
-0.0025692906  0.019755480  0.94095019  -0.013528275  0.049931553  -0.079859992  0.17917414  0.015133668  -0.092949638  0.072426966  0.023093483  
-0.015519301  0.00015282257  -0.0019588640  -0.98878649  0.071041935  0.045680647  -0.051664703  0.044888805  0.062723335  0.021256518  0.019646317  
-0.0020680360  -0.016282124  -0.080670942  -0.012406229  0.10092507  0.56643726  0.76359156  0.10647911  -0.13630515  -0.13960376  0.027135279  
-0.0040636437  0.00066186215  -0.045050636  -0.10505885  -0.88962745  -0.27685409  0.29884780  -0.063670533  -0.13286137  -0.026897800  -0.032759392  
0.010230856  0.00090652483  -0.15140227  -0.0020502166  0.28733927  -0.65193971  0.32667717  0.58023078  -0.048544987  -0.058851998  0.067066311  
0.00017616496  -0.0074647210  0.050122934  0.065328565  -0.23249626  0.25220004  -0.018355700  0.53539948  0.59271095  0.40423571  -0.15810723  
-0.00048257870  -0.0080344844  -0.013908079  0.0075732272  0.068178465  -0.18217308  0.27783027  -0.40565645  0.62159126  0.035538151  0.47109591  
0.0067443261  0.00080477567  0.0045151430  -0.032156133  0.15193588  -0.16957224  0.21264319  -0.24864813  0.21848277  -0.062801181  -0.78817505  
-0.0071387541  -0.0027248268  -0.12887125  0.0038059793  0.13075294  -0.12452780  0.20935565  -0.33267170  -0.068423210  0.57821093  -0.086815325  
