0.99701300  0.0022996787  0.00052979194  -0.0043295675  0.018826062  0.00023918924  -0.0016361659  -0.017991993  0.0086923770  0.0014435445  0.0025660192  
-0.0021682802  0.99662630  0.0050550735  -0.013837818  -0.0034911913  -0.011266540  -0.013235371  0.00098110126  0.00048604948  -0.00038496092  -0.0084584871  
0.00056174657  -0.0048690858  0.97432509  -0.042618294  -0.028027232  0.024343253  0.043906711  0.021285654  -0.0044292738  -0.0088156881  -0.0096947835  
0.0026175579  0.014304299  0.044630723  0.99003805  0.072553484  0.023429926  0.012592158  -0.013067917  -0.016624108  0.0056294346  0.049339270  
-0.019416633  0.0015102561  0.027102306  -0.073153843  0.99124565  0.026382223  -0.053065479  0.010775335  0.031695944  0.0015417802  -0.0025318668  
0.00063037779  -0.0099368515  0.022929631  0.018422293  0.030232906  -0.99285712  0.056625607  0.023214016  -0.011517215  -0.026816758  0.024696075  
0.0073905694  0.012182882  -0.050063670  -0.0058022821  0.037858525  0.059813487  0.87185616  0.46111603  0.10138021  -0.040405091  0.0056410437  
0.019570601  -0.0066117704  -0.0010328579  0.015242778  -0.020802160  -0.0011744070  -0.41831615  0.85490845  -0.28344059  -0.034316415  -0.045688445  
0.011924106  6.9815150e-05  -0.0073292786  0.00084654127  0.039862233  0.0060073504  0.20304192  -0.20245689  -0.76362650  -0.0054325302  -0.43240941  
0.0029962860  0.0067477834  0.0017043949  -0.057994457  0.016918871  0.033370714  0.071813895  -0.065934594  -0.41393073  -0.10097677  0.87091706  
0.00011840987  0.00023066559  0.0052892693  -0.012057247  0.0026310182  -0.020498612  0.036414679  0.036655666  -0.060785493  0.95233249  0.065835246  
