0.99745038  0.0025472334  0.0022170894  -0.0067607082  0.0050480892  0.00053734528  0.0024908625  -0.018007858  -0.0012728157  -0.010560054  -0.00011660984  
-0.0023186699  0.99677113  -0.0031158548  0.0030186602  0.014889596  0.021518517  -0.015937869  -0.0064220747  -0.0094189078  0.011425045  0.00067287447  
-0.0015626699  -0.013260170  0.76141373  0.038657134  0.14111968  0.48100012  -0.12744575  -0.054428408  -0.014304705  0.078333370  -0.0035113707  
-0.0059337974  4.9769123e-05  0.025606346  -0.96914731  -0.0031933230  -0.033857298  -0.21744164  -0.020185107  0.051422129  0.053643593  -0.0094167145  
-0.0086253727  -0.0069491970  -0.015391662  -0.048404503  0.91872958  -0.18348120  0.26843406  -0.18120569  0.047743158  0.048559696  0.00020430253  
0.00031569549  -0.024673847  -0.51158978  0.013865010  0.21155011  0.76338446  -0.23824146  0.045093591  0.051196925  -0.012663831  -0.012555038  
0.00054333689  0.0098367909  0.015203911  -0.21377169  -0.058958500  0.25785566  0.72206486  0.39984062  -0.35284534  -0.25506496  0.0091156162  
-0.017034333  -0.0011845578  -0.067036825  -0.068622072  -0.22447796  0.16904889  0.30339360  -0.88792879  -0.10628607  -0.098636108  0.060978538  
0.0091483159  0.0038785034  -0.039495886  -0.026653755  -0.14824377  0.12270625  0.40730442  0.065058814  0.50145041  0.66214879  0.032389145  
0.0057767896  -0.016185608  -0.069992484  0.017957255  0.020522347  -0.034461899  -0.10089180  -0.023465962  -0.74141431  0.65058754  0.014307356  
-0.00091116494  0.00066150799  -0.0050462664  0.0022738486  -0.020947058  0.0082122285  0.042367501  -0.049527823  -0.0039408102  0.023680136  -0.99096087  
