0.99764755  0.0010518355  0.00022569120  -0.0038820761  0.011652406  0.021940236  -0.0075129129  0.018108631  0.0029704764  0.00014222261  -0.00070569268  
0.0012630496  -0.99046759  0.0039864738  0.011713011  -0.015481508  0.010089711  0.015601939  0.0015581889  0.00069521695  -0.00055390174  0.010268474  
-0.0016639892  0.0083431566  0.72780724  0.095561061  0.033617741  -0.027216224  0.013063217  0.0040894037  -0.015961441  -0.012984370  -0.024655629  
0.0085946844  0.019865409  -0.075581636  0.70747611  -0.67898773  0.059681773  0.045118131  0.11097499  0.00094408015  -0.029204025  -0.0079178175  
0.019826072  0.0055280698  -0.051040315  -0.033733465  -0.031665125  -0.63608449  0.76167717  0.0081678532  -0.043876690  0.00059409788  -0.0024419832  
0.0053186621  0.0042005477  0.012607154  -0.68123745  -0.71240386  0.044926986  -0.024202567  -0.041884122  0.013685883  0.012230578  0.018455825  
-0.012810342  0.016301005  -0.033329024  -0.038817043  0.072893830  0.76115483  0.63087057  -0.0060610042  -0.060026126  0.0014918662  -0.0033400620  
-0.019103886  -0.0022287810  0.0077807984  -0.10674647  0.045159225  0.0045817910  -0.0084262405  0.98867188  -0.0037066828  0.061483295  -0.0010676811  
0.0033262596  -0.0020538071  0.014640764  0.0078487822  -0.022502417  -0.012587411  -0.067849117  -0.022093580  -0.92009463  0.31798431  -0.10603730  
-0.00029410885  0.00062955067  -0.0087585695  -0.039741583  0.0092118994  -0.0048182489  -0.025084861  0.052291243  -0.30783420  -0.93706451  -0.10592978  
-0.00080049722  0.0099245020  0.010420039  -0.023259901  -0.0076755469  0.0025739767  0.0083437127  -0.0042066497  0.13006720  0.070162087  -0.96413203  
