0.99875518  -0.0033095089  0.0027831164  0.010008355  -0.0029466864  0.0060694326  0.0032924572  0.00038486978  0.00045771993  1.3381882e-05  -0.0053464413  
0.0031047172  0.99828764  -0.013873625  0.0074306106  0.0046180561  -0.017757543  0.0029721389  -0.0056547637  -0.0063488639  -0.0019219119  -0.0041782522  
-0.0028048864  0.014086045  0.99465961  -0.0067462300  -0.0011961130  0.0020199845  -0.0052081272  -0.0046256064  0.035957583  0.0076830377  -0.011710354  
0.0096936140  0.0081587036  -0.0083024325  -0.99633229  -0.049604466  0.027128626  -0.021154255  -0.0049511041  0.028122536  0.010541244  -0.0084351544  
-0.0039384447  0.0044285078  -0.00041676045  0.049806851  -0.99681732  0.018757235  -0.0015752906  0.010658707  -0.011634093  -0.014635220  -0.013087609  
0.0061743999  -0.017950638  0.0041741648  -0.028450248  -0.020216507  -0.99471050  0.023621487  -0.043571943  -0.044221853  -0.020162354  0.017082409  
-0.0030597096  -0.0022642504  0.0050184869  -0.020526402  -0.0018743604  0.023891280  0.99794659  0.010547522  -0.00025219374  -0.0041699677  -0.013915927  
-0.00073118933  0.0064925759  -0.0062587898  0.0026331953  0.0040321645  -0.055941739  -0.0068580129  0.94046375  0.31729558  0.036567402  0.079743828  
0.0017946805  -0.0026042298  0.035880811  -0.027931029  0.010846775  0.029167942  -0.0043174727  0.31037407  -0.94021166  0.062160655  0.083364373  
-0.00046764264  0.0012584322  -0.0095126064  0.012199872  -0.015257246  -0.019843632  0.0055758164  -0.055052804  0.044353570  0.99459980  -0.0038284088  
0.0055427459  0.0041966773  0.0084245473  -0.0057359314  -0.014413954  0.020053652  0.014334540  -0.10104255  0.054178173  -0.0049196998  0.98954548  
