0.99891648  -0.0024657658  0.0032109596  0.0097559462  -0.0060674743  0.0043695809  0.0019076149  -0.0037176961  -0.0028976189  0.0060549887  0.0093480955  
0.0020866927  0.99857695  -0.0065014142  0.0026326962  -0.00057237561  -0.0047265989  0.0095000577  -0.010133746  0.0045719988  0.0071361925  0.0019867682  
-0.0046448972  0.0013136263  0.88949080  -0.039314524  0.086062262  0.060963862  0.36905123  -0.15668978  0.067788425  -0.013255212  -0.0059618979  
-0.0098216377  -0.0047833513  -0.047009288  0.97600716  0.067093400  -0.0010679749  0.17174804  -0.046472887  0.028028972  -0.032590714  -0.014966015  
0.0067189343  0.0054600852  0.13383742  0.039673531  0.84987958  -0.029057893  -0.49816807  -0.013222542  -0.047190022  0.047007332  0.0087800196  
-0.0040521789  0.0078821500  0.22596766  0.13681630  -0.36871761  0.65695916  -0.57700430  -0.12242067  -0.033814475  0.035066031  0.025549851  
0.0032141091  0.0061437183  0.31945672  0.13753152  -0.32947767  -0.63511860  -0.41028022  0.39104716  -0.086431275  0.11813298  0.038976289  
0.0038331967  0.0076896428  0.035553267  0.00098351906  0.12462575  0.37077673  0.16129846  0.87652121  0.21004288  0.043138717  -0.0030480269  
-0.0036697894  -0.010165684  -0.050760931  0.00037756658  -0.014871087  -0.046106485  -0.019814964  -0.15770109  0.61406880  0.76654207  -0.0079311880  
-0.0059416059  -0.0017086351  -0.0086522408  0.011607818  0.032906419  0.11783413  0.17570401  0.060531644  -0.73660231  0.61738024  -0.019614240  
-0.0090464220  -0.0026678210  -0.017802256  0.0097168172  0.019702219  0.012629119  0.047627433  -0.012349546  0.0060134692  0.0098661770  0.98321805  
