0.99759981  0.0011307857  0.0010648528  0.0077427949  -0.025959080  -0.0022442723  -0.010998708  -0.015369040  0.0031726171  0.0076490965  0.0038536119  
-0.0010830426  0.99735632  0.013549646  0.015911810  -0.0019669124  0.0029532324  0.014413051  -4.0507134e-05  0.00028895452  0.0024386469  -0.0046298227  
0.00020125415  0.011538155  -0.97454859  0.10841311  0.0017827390  -0.049031611  0.0082206932  -0.0092486252  -0.033506336  0.0067661311  0.0090226907  
0.0067353017  0.016819628  -0.10572966  -0.98786378  -0.027148604  -0.021806104  0.025710359  -0.0050867594  0.0058776900  -0.00053434338  0.022753421  
-0.027167565  -0.00044700086  -0.0012384716  0.023940103  -0.98352776  -0.016936294  -0.13808780  -0.0090320468  0.0058814300  0.021483773  -0.0029203342  
-0.0024496329  0.0026447742  0.050821658  0.015564648  0.020508187  -0.99438073  -0.020835127  -0.0041109110  0.0039148976  0.00030881713  0.027096087  
-0.0068904578  0.015077468  -0.011517529  -0.028197580  0.13682904  0.021840956  -0.98681086  -0.0039720080  -0.014768499  -0.027032339  -0.0091768178  
0.016322674  0.00055530083  -0.0099176588  -0.0038053621  -0.012167914  -0.0049710759  -0.0016902017  0.98960782  -0.032692900  -0.11735974  -0.010562001  
-0.0013271942  0.00061388813  -0.034542815  0.0083347247  0.0035959780  0.0027155734  -0.0086893548  0.011054771  0.98075784  -0.17090355  -0.013979053  
0.0090591462  0.0016084172  -0.010243719  -0.0069923990  -0.021368018  -0.0040260575  0.028179410  -0.12254682  -0.16793554  -0.85931736  -0.16860246  
-0.0021545723  0.0045332128  0.0087330367  0.021931657  -0.0054694457  0.025945939  -0.0041047287  -0.011292620  -0.017073378  -0.17130699  0.97722457  
