0.99743780  0.0047866293  -0.0076239392  -0.033007837  0.0057018078  -0.0024881950  -0.0028366513  0.011701981  -0.010938519  0.0075042805  0.00023664149  
0.0037633759  -0.99023384  -0.0081659900  -0.0017583569  -0.0080420187  -0.013963284  -0.018018334  -0.0041348153  -0.0045940095  0.0016025346  -0.0021871688  
-0.0016289359  -0.0014481087  -0.58543666  0.020630018  0.36073939  0.35214334  -0.10640460  -0.012096565  -0.036178125  -0.0071779541  -0.014065353  
-0.032203374  0.0031528439  -0.0015196214  -0.98367752  0.022574703  -0.012043194  -0.075410444  -0.058156398  0.025427930  -0.0043946100  -0.0068354872  
0.0018398007  -0.0098416112  0.49422104  0.022723110  0.61882901  0.45604287  -0.29600098  0.017776979  -0.094461631  0.022117013  -0.030462081  
0.0044249324  0.0015707871  0.041767512  0.0014530435  -0.67894448  0.62464044  -0.35717124  -0.016094385  -0.10200474  0.035861096  -0.0058057893  
-0.014786197  -0.0012704061  -0.010270742  -0.058839836  -0.019102530  -0.050358020  -0.047191522  0.97900790  -0.15664351  0.027060459  -0.010389320  
0.011433198  -0.013560216  0.079463711  -0.0015294547  -0.012329440  0.27160992  0.22264645  0.17565113  0.85760047  -0.10162901  0.033432058  
0.0064966473  0.019839751  -0.11082204  0.078917588  0.022194942  -0.38004595  -0.79349203  -0.0046965778  0.30809879  0.19286252  -0.16334303  
0.0030995216  0.0013244804  -0.00092785943  -0.0011687373  -0.026604513  0.032281132  0.095190113  -0.0011787957  -0.037178187  -0.27315297  -0.93753866  
-0.0067983291  -0.0033507499  0.036231159  -0.021479073  0.0017746707  0.075146805  0.23326296  -0.0072154504  0.059617192  0.91835867  -0.24054182  
