0.99871213  0.00033324886  0.0012839174  0.010407941  -0.0013611190  0.0035453087  0.0088579701  0.016833273  -0.0028852779  -0.00043010247  0.0011159425  
7.7669504e-05  -0.99171695  0.014227558  0.031446677  5.5397800e-05  0.0036714600  -0.011289245  -0.0031199917  -0.0040468505  0.0015178940  0.00058539787  
0.00020176630  0.0076547680  0.63881674  -0.11696596  -0.0057694780  0.16411691  0.39643749  0.0094233059  -0.0031517217  -0.0012790563  0.0075949525  
-0.010335746  0.030482900  0.027115153  0.93750614  -0.31016787  0.033365288  0.071448703  -0.0029841557  -0.018294510  0.0062815058  -0.014239588  
-0.0027590969  0.0096663636  -0.060812834  0.26824244  0.85575411  0.42855537  0.017828334  -0.0038002653  0.048214826  -0.031259184  -0.00048140081  
-0.0018146289  -0.0040885259  -0.13216651  -0.14717775  -0.40398516  0.87977892  -0.054195344  0.022462805  -0.026801515  0.0093107818  -0.014228068  
-0.0088086199  -0.019103182  -0.42880901  -0.045697809  -0.016603314  -0.036073249  0.88345472  0.00013642356  -0.019815700  -0.033457279  -0.020936643  
-0.016890245  -0.00079652204  -0.0039398172  0.0091229855  0.010328558  -0.018530508  -0.0012191647  0.99338884  -0.00050744385  -0.0070557958  0.097478514  
-0.0024912832  0.0021864394  0.029941015  0.00086877152  0.015834610  -0.0017895227  -0.032705889  -0.0029438010  -0.66448898  -0.72621633  -0.032035532  
0.0013886789  -0.0041156136  0.00063306964  0.0011326627  -0.065230814  0.0024972526  -0.0055987479  -0.017926003  0.72186096  -0.66350850  0.14876486  
-0.00015527957  0.00071209216  -0.018638163  0.0073072008  -0.0011598514  0.012307541  0.014731849  -0.095536181  -0.13100902  0.075736142  0.97938275  
