0.99680011  0.0042706462  0.0075017619  -0.0018403326  0.0065207654  0.022683296  0.011286295  -0.0049749409  -0.0019357310  0.015799287  0.0091645918  
-0.0040731947  0.99625197  -0.0029855174  -0.024709070  -0.0048572116  0.0049806528  -0.016593186  -0.0081306563  0.0010846956  0.0091351356  -0.011008211  
0.0039384139  -0.0041565986  -0.98695145  -0.00011624567  0.044017334  0.0025787629  -0.10347692  0.030788344  0.0059359948  0.033547437  0.027699735  
-0.0014297432  -0.025182327  0.00025495609  -0.99643226  -9.0935093e-05  -0.0033323070  -0.0017758939  0.0022373609  -0.0038917719  0.022488299  -0.021163497  
0.0068387253  0.011799789  0.031030715  -0.0012710637  0.75117793  -0.49493046  0.22528011  0.20079387  0.026795056  -0.010118377  0.0068840796  
-0.026228246  0.0021283745  -0.0096905154  -0.0032809480  0.47525689  0.81611080  0.29806706  -0.094438812  -0.0087395800  0.035515159  0.028461253  
-0.0036443387  0.0059620257  -0.10674945  0.0023602351  0.014090355  -0.27700322  0.54940431  -0.53681767  -0.038235227  -0.0081836442  -0.018957038  
-0.0046151157  0.011378045  -0.043042808  -0.00059943617  -0.25093537  0.030852998  0.49777941  0.62709398  0.47637140  0.11727936  0.10320708  
-0.0044480775  0.0076861374  -0.023485301  0.0043840864  -0.085437776  0.0072194110  0.20837978  0.40580939  -0.85176683  0.019739896  0.061426109  
0.0073551575  0.012542696  -0.017004478  -0.026271167  0.0060778144  0.017809429  0.0092717088  0.031937681  0.039881001  -0.84821304  0.45354606  
0.014577613  -0.0035812473  -0.039689940  0.0053907915  0.049070965  0.045347686  -0.0098875462  0.17659790  0.038041589  -0.47297566  -0.79561901  
