0.99794605  -0.00013930120  -0.00033353182  -0.0016384986  0.0065589153  0.016688400  -0.0083522023  -0.016556499  -0.00087139262  0.0012043998  0.00063441164  
-0.00075315009  -0.99067209  -0.013524415  -0.0012943839  0.013880763  0.0065794058  0.014480857  0.00040371132  -0.0013329268  0.0051944277  0.00024876662  
0.00043750406  -0.0051269825  0.61277376  -0.055915018  0.13395693  0.098102524  0.15579225  0.010397902  -0.0022899325  0.017164206  -0.012719469  
0.0040909988  -0.0058730967  0.021824849  -0.89870893  -0.41243463  -0.098316843  -0.037324861  0.033293202  0.0027041906  -0.011198693  -0.037983041  
-0.011131735  0.014854524  -0.12576898  -0.41697984  0.84450247  0.24755904  -0.058550466  0.065458937  0.0011859251  0.035094196  -0.052214808  
-0.016020812  -0.0096395502  0.10718192  0.051342835  -0.21091229  0.69845872  -0.66395923  -0.0030638752  0.0088539966  -0.00031572956  -0.00068348070  
0.0038948555  -0.014581510  0.16530499  0.021094787  0.18560026  -0.64618472  -0.71312073  -0.00047989999  -0.0095288287  0.0026490564  -0.0059015354  
-0.017074618  -0.0011616489  0.00072566623  -0.060081200  0.045679349  0.014032634  -0.00064673754  -0.99222643  -0.062920290  -0.013964242  0.027219702  
-0.0014907360  -0.0017170189  0.0056903610  -0.0049566928  0.0059330707  -0.010395646  -0.00012772653  -0.061301645  0.97053772  0.066471566  0.083988750  
-0.00050502891  0.00052910793  0.0082206675  -0.053147526  0.046234943  0.012099375  -0.0058532021  0.039188283  -0.066817137  -0.19679295  0.96578964  
0.00037869418  0.012935708  0.012750650  0.00017749390  0.0092584843  0.0010692221  -0.00032333805  0.00069053762  0.076745725  -0.93373430  -0.15698154  
