0.99912337  0.0042359949  0.00053661009  0.0038980602  -0.014491417  -0.0025507069  0.0022278103  0.0021675837  -0.00037032190  0.0026626496  0.0020823275  
-0.0039721477  0.99787121  0.0021224581  -0.0042155610  0.0044594740  -0.0064523988  -0.0030802164  0.0043371423  -0.011040595  -0.0029263300  0.00050012517  
-0.00088787960  -0.0020421822  0.99703118  -0.00029039924  -0.0071216469  0.0066334988  -0.0029484640  0.0093999424  0.0035461098  0.030797262  0.024476773  
-0.0044964967  0.0048299893  -0.00014215871  0.99704527  -0.048782147  0.028248012  -0.019224027  -0.00092686869  0.015528823  -0.010155322  0.014690192  
0.014433034  -0.0038385053  0.0072303100  0.048304542  0.99676496  0.030735512  0.0090829929  0.0034599324  0.0065053177  0.023962725  -0.0027960797  
0.0021429391  0.0071113144  -0.0070361686  -0.030887700  -0.029303979  0.99529546  0.017746192  -0.017661296  0.062809731  -0.0063122658  0.0085941664  
-0.0022956411  0.0031711653  0.0032878072  0.019031689  -0.0086293684  -0.020393239  0.99472867  -0.082642640  0.022183463  -0.0084780070  -0.0030428789  
-0.0024250018  -0.0060716213  -0.0091288880  0.0059290632  -0.0048020498  0.032714655  0.086728674  0.95501285  -0.27342393  0.046548974  0.00093236155  
0.00042695928  -0.010384662  0.0051820106  0.017240160  0.0039989376  0.055729187  -0.0029824238  -0.26760064  -0.92363321  0.048053244  -0.22938378  
-0.0014576339  0.0048490911  -0.012538011  0.012457491  -0.023652457  -0.0012382699  0.0021526787  0.0076709461  0.16913789  0.82893652  -0.52702512  
0.0036841562  -0.00052035266  0.039089216  0.0044692706  0.0077117489  -0.0032214713  -0.0037421925  0.070185234  0.14712188  -0.54780610  -0.81250534  
