0.99689985  -0.00067797708  -0.0028836827  -0.0052969413  -0.022178767  0.026456207  0.0046852269  -0.0012997095  0.0039336174  0.00071355864  0.0057524483  
0.00059263283  0.99511635  0.021897486  -0.00047695179  0.0069704811  0.0018477721  0.016389985  -0.011334207  0.016475528  -0.0065620495  0.0090200664  
0.0053245078  -0.023162752  0.98920159  -0.041458210  0.083411143  -0.041899795  0.022214774  0.012072876  -0.00029420352  -0.0097727534  0.021112475  
0.015733848  -0.0038087231  0.0073159349  0.93585724  0.22783737  -0.23872011  0.039289620  0.0081852775  -0.0062864517  -0.036342278  -0.0069374572  
-0.017062479  0.0064113481  0.089806615  0.21108789  -0.91802295  -0.10246415  -0.055781895  -0.11351357  0.012431056  0.21815074  -0.028885291  
0.024936929  0.0036386723  -0.052777199  -0.24745254  0.027158432  -0.95266532  -0.11674331  0.023519304  0.0029879373  -0.064413655  0.046321563  
-0.0035993891  -0.015603237  -0.023482154  -0.052914701  -0.065136266  -0.10631486  0.98421977  -0.039672917  -0.021363680  -0.020136914  0.016142356  
-0.0017413621  0.0099136711  -0.00082218473  0.021601287  -0.11519858  0.0096710865  0.035806670  0.98125195  0.11401532  0.0019018769  -0.021022516  
-0.0038170111  -0.018145927  -0.0026054545  0.0010002200  0.028267408  3.4258487e-05  0.018086459  -0.11147729  0.98832118  0.013084045  0.055680446  
0.0042427512  0.0065216826  -0.012312959  -0.034376351  0.23527635  -0.057531423  0.031836241  0.023986240  -0.013021962  0.93352298  -0.071886031  
-0.0058843100  -0.0070084586  -0.017548451  0.023221451  -0.020741397  0.037197768  -0.011919321  0.024668987  -0.054002267  0.098434060  0.97517614  
