0.99882743  0.0018310094  0.00033766920  0.0017202280  -0.0013607282  0.0027345508  0.00023482346  -0.0033470722  -0.0013120808  -0.00023331094  0.0020510161  
-0.0018749472  0.99842510  -0.022981356  0.00025053087  0.0034003973  -0.0034177099  -0.010978156  0.0010990282  -0.00050763103  -0.0036651471  -0.00017864774  
0.0018147560  0.025746072  0.93445659  -0.015254065  -0.077838738  0.091279291  0.28142822  0.048233845  0.0011426419  -0.035075100  0.0074650519  
0.00064940506  -0.00024801465  -0.016423472  -0.97454793  0.076049037  0.064595363  0.014502370  -0.15145463  -0.019782572  -0.11320129  0.027520228  
0.0038789869  0.0011514384  -0.15318930  0.033679032  0.68921205  0.054012996  0.63430240  0.25071955  -0.035812096  0.0024912773  0.15019499  
-0.0018195849  -0.0023071144  0.18997930  0.028002311  0.53401269  0.47211684  -0.62265748  0.084095752  0.089710227  0.17375815  0.10162885  
-0.0025002090  -0.0016494254  0.18469361  -0.036301233  0.36602710  -0.84777901  -0.22320898  -0.097958386  0.15287716  0.12630049  -0.0071066627  
0.00026568100  0.00055644641  0.034511938  -0.063508609  -0.068965380  -0.11151149  -0.080572406  0.17260859  -0.84968642  0.38419918  0.24198837  
-0.0065595911  0.0022711027  0.017811720  0.17355409  0.18231923  0.11285857  0.11752648  -0.89158715  -0.21346880  0.012663073  0.11324398  
-0.0011735744  -0.0045721444  0.046543029  0.081643342  0.20030336  -0.057135349  -0.17314552  0.10893721  -0.42814008  -0.75359754  -0.35255768  
0.00045625300  0.0023681847  -0.0065066835  -0.055173859  0.096945458  0.076930431  0.10315083  -0.021121826  -0.079848098  0.45738353  -0.85632136  
