0.99797212  0.0027155418  0.00086761538  0.0041530365  0.0057993154  0.00040983529  0.020826622  -0.0097899825  0.010130099  0.0011370745  0.0010641862  
0.0020069171  -0.96530996  0.20163867  0.015771636  0.014555975  -0.041510171  0.0089706274  0.013067490  0.00019025484  -0.013444263  -0.00072204850  
-0.00065474668  0.20664470  0.69359319  0.17129209  0.18854305  -0.14888135  0.074695407  0.0017925775  -0.017509910  0.0047550060  -0.013298808  
0.00071753273  -0.0036932060  -0.071879463  0.79425745  -0.54172328  -0.19290251  -0.053430194  -0.043169491  0.12849321  0.0067374228  -0.054123813  
-0.0081226442  -0.027286728  -0.12286846  0.55174670  0.74125663  0.13857295  0.19756447  -0.022467294  -0.087674297  -0.0037387654  -0.020109301  
0.0048316292  0.0097809197  0.25672938  0.11586944  -0.074244410  0.81845389  -0.46766058  -0.037710599  0.11240809  0.0024939427  -0.040549843  
0.018118149  -0.0043152418  -0.10087985  0.030891338  0.27333928  -0.41927465  -0.84874374  0.089847097  -0.025756258  0.043701264  0.039188481  
0.0040205409  0.013840842  0.011215809  0.015842535  0.025823957  0.026245801  0.075662925  0.92595098  0.33288620  0.0040417532  -0.10463268  
0.0088686708  0.0015036250  -0.00077998643  0.022117778  -0.11680232  0.044816113  -0.043991278  0.21583766  -0.70456761  -0.11826458  -0.58111518  
0.0036609165  0.0037417362  0.019708741  0.092161700  -0.11456400  0.088731705  0.0034667223  0.26901300  -0.44823295  0.043436425  0.77876747  
-0.0028469301  -0.00093840601  0.083388062  -0.018711657  -0.015204060  -0.017016877  0.035277636  -0.011163586  0.025689282  0.93251132  -0.10595758  
