0.99804953  -0.0019816412  0.0013612949  -0.023148072  -0.0039204066  0.0099513763  0.0050615736  0.0060789698  -0.0081624090  -0.0050345702  -0.00091288394  
0.0024928631  0.99000774  0.011350502  0.0044335769  0.015380524  0.0049060650  -0.020597932  0.010242779  0.0019405038  0.0011931920  0.00087518874  
-0.0024150580  -0.0039502605  -0.53413179  0.0044921813  0.52845259  0.0032819970  -0.025169182  -0.073335706  0.0062111620  -0.0010902949  -0.0046746155  
-0.025567932  0.0029184884  0.0060125579  -0.97101910  -0.0011522264  -0.049848808  -0.082977439  0.021257282  -0.16647386  -0.0044039314  0.033142086  
-0.0036406787  0.020263547  -0.51933174  0.0011670767  -0.79618599  -0.026850659  0.12749104  -0.045022345  -0.052335302  0.0027287211  0.020504420  
0.012668025  -0.0013117580  -0.018057103  0.046029016  -0.033969278  -0.89309806  -0.39287238  -0.023468094  0.15942446  -0.024096657  -0.11534886  
-0.0041894468  0.0076584977  0.043521464  0.080810198  0.10384325  -0.37928300  0.56246053  0.41162197  -0.54631699  -0.0011692234  0.15871505  
0.0047542700  0.017866146  0.029495888  -0.033604734  0.080500538  -0.18447914  0.42247648  -0.86693865  -0.073369092  0.0082177620  0.028198960  
0.0028963631  -0.0096138913  -0.020715512  0.15397325  -0.027842370  0.10015692  -0.54400838  -0.23302392  -0.61852417  -0.057603562  0.31996735  
0.0079326978  -0.00015785902  0.0089039807  -0.0037376105  -0.0010257506  -0.035805063  -0.026959306  0.0048218781  0.076661067  0.94836507  0.28584829  
0.0058685391  -0.0010751792  0.00088321823  -0.030783206  0.0085126592  -0.068329095  0.057059197  0.036206708  0.35491336  -0.29483054  0.86971476  
