0.99763284  -0.00069156276  0.0016866539  0.0069172278  0.011574110  -0.0063190213  -0.018653039  -0.00075199223  -0.012540891  -0.0051009609  0.0028040463  
0.00076366809  0.99737296  -0.0014175612  -0.0016417843  -0.0011242693  0.0086482818  -0.0019855107  0.014615473  0.0041064018  0.0020286839  -0.0015541429  
-0.00028738934  -0.0011783758  0.87582673  -0.066716506  -0.22403671  0.26851780  -0.099100374  0.010808064  0.030915931  0.013810233  -0.016519484  
-0.0050499024  0.00069247268  -0.030338872  0.92972266  -0.055670464  0.25591722  -0.088536850  -0.14609433  0.022445919  0.15925054  -0.015317326  
0.0013505605  0.0094180036  0.21401930  0.25608470  -0.24718959  -0.83620418  0.30712616  -0.031289959  -0.086962722  -0.034620297  -0.015914761  
0.0013578530  0.0029137224  0.26116370  0.094179928  0.82257736  0.034508915  0.47035137  -0.073665572  0.023517447  -0.067222925  0.010470498  
-0.019196523  0.0036197690  0.13060522  0.015829534  0.41691838  -0.37462060  -0.79186789  -0.13342391  0.026608679  0.10617160  -0.062258268  
-0.013573482  0.0098578146  -0.0086950332  0.019085552  -0.035748453  0.085347533  -0.094021376  -0.48017152  -0.53573597  -0.64380301  0.067963227  
0.0043233870  0.0016665245  -0.022889337  0.032917893  -0.069876658  -0.038083527  -0.021291640  -0.23840654  0.80754317  -0.49872480  -0.011370285  
0.0079480403  0.0094707459  -0.013491219  -0.20529524  -0.086658149  0.010376825  0.15248729  -0.79070749  0.073650491  0.46928371  -0.13061039  
0.00025299775  0.0034273147  0.051536910  -0.019220705  -0.0088422339  -0.023942786  -0.019768293  -0.11009518  0.0086540365  0.083176775  0.88507621  
