0.99741972  -0.0013488737  -0.0044062990  0.0084707611  -0.028689034  -0.0066748268  0.0063968128  -0.018542881  -0.0031599859  -0.0014710026  0.00024247085  
0.0014634296  0.99704402  -0.0063772825  -0.018276327  0.010562029  -0.019646492  0.014023995  0.00078604872  0.0015818507  0.010086090  0.0040827586  
0.0028155544  0.010003240  0.98735392  0.082899504  -0.064558006  0.036078045  -0.031692259  0.0087256802  0.018816175  -0.018340353  0.0054958756  
-0.010442052  0.017705310  -0.087356787  0.98749109  -0.078034389  -0.033969796  -0.011285092  0.016205980  -0.028653802  0.0022998988  -0.0033444542  
0.0091060779  -0.021269407  0.060951892  0.010666498  0.44820499  -0.87691883  -0.056831794  0.0034219064  0.039143266  0.057277140  0.030433061  
-0.027742868  -0.0017492971  -0.032522899  -0.087428376  -0.88191654  -0.45323124  0.021905935  0.00066285349  0.0032955882  0.0092419794  0.0045653410  
-0.0060363339  -0.014370883  0.040290566  0.011034204  0.045769353  -0.043140309  0.96686831  -0.045158892  -0.21581419  0.021771218  0.0028852064  
-0.018292375  0.0017080149  0.0057947973  0.014418492  -0.0022898395  -0.00080332615  -0.055607365  -0.99304599  -0.036685086  -0.0013961898  0.061281158  
8.7057708e-06  -0.0035827276  -0.014594571  0.030977352  -0.0061168491  0.026995000  0.21669827  -0.047405980  0.96858646  0.0067712949  0.011576675  
0.0012769804  -0.0085666761  0.015838167  0.00058538679  -0.022419498  0.063858308  -0.020453049  0.0043829096  -0.0056597374  0.98814491  0.050797561  
0.00084429935  -0.0032485181  -0.010284956  0.0010661914  -0.0070395366  0.021316788  0.00085357821  0.059017016  -0.0084477184  -0.042190066  0.98571086  
