0.99911415  -0.0018182599  0.00067168188  0.0024627356  -0.0055548179  0.0080802063  0.00072002116  0.0038381227  -0.00041721216  0.0024241331  0.0021990829  
0.0017395811  0.99902571  -0.00094173035  0.0078313969  -0.0024444150  -0.0014728507  0.0053119522  -0.010404736  0.00027586929  0.00090537998  -0.0022764324  
-0.00074982683  0.00081839387  0.99669286  0.056987198  0.0071087880  -0.0011208935  0.010733560  0.032715989  -0.010327318  0.0028004071  -0.0055191934  
-0.0023590439  -0.0080666619  -0.057001659  0.99679662  0.0018414017  0.0097834375  0.020500728  -0.013474013  0.0031869964  0.00056621168  -0.011158857  
0.0054787230  0.0023319986  -0.0065932393  -0.0026648897  0.99856129  0.028908520  0.0027441177  -0.013101655  -0.0045072232  -0.0062382543  -0.0027228822  
3.4896474e-06  -0.0060981381  -0.0067690574  -0.021583947  -0.0027221502  -0.042617044  0.99398288  -0.083698310  0.00065076174  -0.0031480221  -0.0061101802  
-0.0082331982  0.0014472434  0.0010657703  -0.010521053  -0.028678856  0.99723838  0.043922418  0.017820706  0.020012074  -0.0070172589  -0.0033390945  
-0.0036543596  0.0097918573  -0.034254871  0.010088718  0.013129319  -0.020832541  0.083073748  0.99454679  -0.010631386  -0.0073194293  0.0021146924  
0.00051279161  -0.00013318381  0.010110294  -0.0023057860  0.0053202127  -0.020094925  -0.00064359457  0.010694555  0.99870689  0.0026359735  0.0021516870  
-0.0025028942  -0.0010424650  -0.0034299611  -0.0013507695  0.0060612589  0.0067621754  0.0035897596  0.0070768877  -0.0025476166  0.99739377  -0.049530294  
0.00087766641  -0.0026205689  -0.0052692978  -0.011116616  -0.0035038528  -0.0043160133  -0.0075229672  0.0025672523  0.00087172473  -0.052695173  -0.97783072  
