0.99383636  -0.0089320919  0.020394174  0.016116985  0.024276438  -0.0027490039  -0.010142840  0.013962224  -0.0028211764  -0.010855296  -0.0029654089  
0.0082462198  0.99157317  0.0089486666  0.013650038  0.0029759411  -0.035113908  0.024528603  0.012016729  -0.0053986389  -0.014885790  -0.0084401713  
0.020031658  0.023198179  -0.048699648  -0.93827998  0.010657560  0.16472257  -0.14679617  -0.10681827  0.0093635240  0.018643478  0.025046597  
0.014533020  0.0084330667  -0.92768930  -0.010925673  0.10593076  0.14201357  0.20408565  0.052855590  0.026715106  -0.027643125  0.0058940740  
-0.026233378  -0.0077809394  0.072395019  -0.010231015  0.97545930  -0.16302970  -0.043980909  -0.033450995  -0.0069455243  -0.0073480512  -0.010911874  
0.0067837484  -0.029522523  -0.15689596  -0.16523301  -0.14861937  -0.95311275  0.014311206  0.0039395088  -0.034443701  0.0035427463  0.019472888  
0.010525185  -0.021242055  0.18404771  -0.11926359  0.015181108  -0.0055033685  0.91359210  -0.26029799  0.12907955  -0.099243151  -0.044272703  
-0.011261789  -0.016323502  0.10019547  -0.14138555  0.033406646  0.025156525  0.25722982  0.86393416  -0.36683194  0.0078995611  0.058807413  
0.0042102945  0.0030333916  -0.013971900  0.019388697  -0.0075518254  0.033589957  0.048686736  -0.38968140  -0.87745586  0.19397136  0.092636860  
-0.012285798  -0.0043088517  0.0067719976  -0.0060160897  -0.0076548482  0.0078935398  -0.079805237  -0.052177016  -0.19066586  -0.92769848  0.026399811  
0.0020935696  0.0030184393  0.013853751  -0.051063889  0.010716238  0.0028163439  0.0036984267  0.0046282183  -0.035606738  0.17752729  -0.62567289  
