0.99830222  0.0017579548  0.00093616951  -0.020862968  -0.013372969  -0.00084403911  -0.00056066137  -0.0047890619  -0.0010008783  -0.0055771795  0.0015189922  
-0.0016812045  0.99712455  -0.031469804  0.0020901311  -0.0084878215  -0.0082074859  -0.017567158  0.0036182719  0.0078573872  0.021001820  -0.0013366710  
-0.0063714415  0.033729272  0.96380865  -0.13928382  -0.00019687593  0.19511684  0.042214150  -0.0085898948  -0.011799843  -0.026701544  0.0049498381  
-0.018542835  0.00098614269  -0.18040250  -0.94738256  0.060487338  0.18926305  0.11138883  0.012340442  -0.038365713  -0.016722013  0.10669720  
-0.013565281  -0.0068612762  -0.011432495  -0.029516303  -0.96190329  0.024923804  0.0017075419  0.16764394  -0.13322591  -0.029814767  0.14668967  
-0.0064186579  -0.010491377  0.15258302  -0.24653733  -0.012607021  -0.84087863  -0.44444928  -0.026191578  -0.034776943  0.024945481  0.032010744  
-0.0057014785  -0.010343737  -0.054283451  0.012689195  0.020357700  0.45337607  -0.87020136  -0.097319632  -0.066420965  -0.057370652  0.091690379  
-0.0063370524  0.0031766118  -0.010660152  -0.0091518064  -0.16799815  -0.019354488  0.098791340  -0.97518798  0.059504065  -0.0067331920  0.061440215  
0.0014780085  0.0094508211  -0.0071409979  0.041696318  0.10376883  -0.012981450  0.069979100  -0.077043946  -0.97914757  0.0092964411  -0.098149191  
0.0015728736  -0.020355569  0.0074829549  -0.062551403  -0.092321961  0.068680901  -0.070602620  -0.020980262  0.031776938  0.90184032  -0.36140507  
0.0053783060  -0.0045493372  0.023905927  0.10481101  0.12993905  -0.012993920  0.061945377  0.031556795  -0.062227856  0.40884098  0.85030237  
