0.98955617  0.00079229860  -0.0095700947  -0.044923413  0.0044928438  0.026366010  -0.011930408  -0.00047203300  0.0058994480  0.0052108810  -0.0065557396  
-0.00085747216  -0.98580744  -0.047099029  -0.0038011031  0.019874659  0.023436275  0.016361697  0.036173551  0.035106659  0.017707544  -0.015129702  
-0.0064801025  0.042431878  -0.71723623  0.11358159  0.077365540  0.13880990  -0.37097819  0.066271198  0.058548497  0.052859305  -0.098378339  
0.054379003  0.0060152716  -0.038322224  0.92360776  0.10039225  0.0045689043  0.32201706  -0.027653526  0.033723138  0.014510599  -0.0082335264  
0.016892549  -0.029675647  0.029525641  0.12562291  -0.14512576  -0.87634608  -0.31952576  -0.15184223  0.16599639  0.10777269  0.040461644  
-0.0012388759  -0.014354804  0.0025557407  0.11952220  -0.93056072  0.25017099  -0.075313851  -0.097907634  0.13366199  0.029331012  0.052292316  
-0.0020420972  0.030111213  -0.39014704  -0.26819932  -0.15214670  -0.27181271  0.76438716  0.037366940  0.15170148  0.072131170  -0.0078899588  
-0.010760814  0.028815687  0.053485058  -0.050741656  0.21029591  0.19169073  -0.044933897  -0.17936022  0.89665483  0.057292396  0.17862662  
0.0011220279  0.036366224  0.095867537  0.040118882  -0.058983974  -0.039128269  -0.063025981  0.88560982  0.15333341  0.36815773  -0.021055761  
0.0095732601  -0.015116267  -0.10564700  0.013437755  0.020612289  -0.0084224057  -0.0089910409  0.096727625  -0.16958060  -0.10696089  0.94559997  
0.0049336672  0.00071004956  -0.046983683  0.028039881  -0.065374764  -0.11097475  -0.026497927  0.32175074  0.17777341  -0.89235301  -0.11688604  
