0.99731102  -0.00071686810  -0.0058285931  -0.0093666029  0.0098120487  -0.016075411  -0.017172122  -0.024032285  0.0017255076  0.00093617330  0.0026619423  
-0.00042013077  -0.98994829  0.021840434  -0.011711910  0.0020804664  -0.012924014  0.023780284  -0.00012753400  0.00096481040  -0.00051001116  -0.00096153729  
-0.00094940225  0.029034767  0.71115155  -0.0076177575  -0.11046843  -0.067959704  -0.053264152  -0.0065207892  -0.033900946  0.0061043884  -0.00057928757  
0.013197430  -0.012600499  -0.0062979949  0.71581062  -0.67886926  0.015745185  -0.011673283  -0.011109939  -0.029607178  0.0017027698  -0.040847035  
0.0016171753  0.0038375770  -0.031103341  -0.68683924  -0.69832748  0.046340301  0.051037077  -0.047834071  -0.10250416  0.0053921574  0.019381381  
0.022477127  0.014047008  0.0041134559  0.048070825  0.030989685  0.56973351  0.80699355  0.0011504138  0.0021342442  0.011616127  -0.0012743533  
-0.0038507591  0.022724385  -0.11063810  0.010646111  -0.031635545  -0.81143127  0.56119313  0.00065671928  -0.0022586511  0.027269322  -0.0010822713  
0.024120240  -0.0011189181  0.0013968765  -0.019181575  -0.028202409  0.0013828238  -0.0010242414  0.98730695  -0.13442483  0.026966062  -0.0030056586  
-0.0022087746  -0.00028921811  -0.025667770  0.053113737  0.10174258  0.0013679083  -0.0051148335  -0.13115754  -0.97901172  0.066844609  -0.0051318734  
0.0036366891  0.00049993822  -0.0028552557  0.0028406491  0.0064722152  -0.015774431  0.025219235  0.016155736  -0.067910605  -0.90953199  0.037485391  
-0.0022494717  0.0056587687  -0.0047692863  0.042904534  -0.012212207  0.00043235933  -0.0019299837  0.0024892511  0.0010149820  0.051661176  0.98449651  
