0.99923204  0.0021371571  0.00042821445  -0.0049658989  0.0038797220  0.0086407665  0.0041959027  0.0042005869  0.0015619630  0.0037935373  -0.0036240031  
-0.0026631359  0.99336631  0.011855778  0.015315992  -0.0033187133  -0.0028163498  0.0095889579  -0.0037399574  0.012249296  -0.00031248704  0.00033204997  
0.0026432069  -0.0062954441  0.74099295  -0.064015277  0.0075135618  0.016043430  -0.13607185  0.027488008  0.18048018  -0.00031880015  0.0021277972  
0.0011563611  -0.016831454  0.065410086  0.92409062  -0.25126106  -0.26675641  0.032806144  -0.027632340  0.0055525363  0.035164496  -0.0050862718  
0.0023948297  0.0011205703  -0.016129807  -0.24613344  -0.95656707  0.062339262  -0.022916228  -0.019675218  -0.0088013832  0.12366939  -0.026764576  
0.0067888937  0.0027008989  -0.011467858  -0.26980278  0.028747152  -0.94858173  -0.030017685  0.015846929  0.029072045  0.14456176  -0.022127435  
0.0029998489  -0.0035503910  -0.14258766  -0.040064686  0.019236418  -0.014249969  0.42344777  -0.83625024  -0.0059844505  0.0074820552  -0.00085826429  
0.0047079770  0.0050025465  0.018336442  0.030603567  0.025138998  0.012379818  -0.84472998  -0.49898534  -0.020176568  0.0090858486  -0.0046415298  
0.0017529879  0.0084709113  0.18502608  -0.015698617  0.0078305878  -0.028419816  0.010346357  0.0049832187  -0.97871836  -0.0039876152  -0.014259963  
-0.0074469050  0.00051815334  0.0022475193  0.036788190  0.12914046  0.14213991  0.010649618  0.013330093  -0.0056699048  0.90922515  -0.021639706  
0.0038579127  -4.6262365e-05  0.0016583527  -0.0048857787  -0.018940563  -0.011357867  -0.0033817013  -0.0027403147  -0.014529836  0.095807544  0.97733969  
