0.99782337  0.0022412365  0.0012971449  -0.0066744946  -0.0051713683  0.031369726  0.0018648815  0.019655308  -0.00067656913  0.0027850212  0.0039105511  
0.0016004641  -0.99754215  0.016786681  -0.017276557  0.0073533728  0.0018238947  -0.014082341  0.0020833463  -0.00049394591  -0.0017691746  -0.0010546659  
9.4122639e-05  0.012291267  0.95257201  0.24334560  0.0037706959  0.0010755398  -0.054202142  -0.013750514  -0.019149125  0.00099344740  0.016496206  
0.010273897  -0.018840944  -0.23521096  0.92647965  0.23153402  0.00065152901  0.010220776  -0.14113342  0.0013353881  0.0027589647  0.0077647194  
-0.0029243187  -0.013090867  -0.052348031  0.22119952  -0.96784807  -0.00023724943  0.0049428365  -0.015376375  1.3403442e-05  0.036896591  0.010506000  
-0.031407731  0.0016965498  0.0017442885  0.0021758205  0.00016027763  0.99508924  0.0070590053  0.012601816  0.025697537  -8.8181958e-05  0.00066852800  
0.0014075473  0.013085330  -0.057181498  -0.00089893038  -0.0030260445  0.0089122574  -0.99330725  0.00063472556  -0.061102140  -0.00015979514  0.0094605072  
0.018116809  0.00079032948  0.022605129  -0.13925899  -0.018156114  0.012947320  -0.0018972222  -0.98551052  0.00077649468  -0.00015438319  -0.059962506  
-0.0031585191  -0.00089326749  0.00038739796  -0.014603192  0.036988723  0.0048650491  0.012747779  0.00086745978  -0.20450130  0.97203678  0.0055939844  
-0.0022048773  -0.00033851689  -0.0072757569  0.00014678370  -0.0074093954  0.023613729  0.060803242  -6.6366360e-05  -0.97114427  -0.20458396  -0.0021132601  
0.0031069174  0.0014984464  0.011472071  0.021118724  -0.0065603212  0.00013215799  -0.0094966745  0.055913524  -0.00086180952  0.0054982186  -0.99303052  
