0.99867960  -0.0020725550  -0.00032592772  0.022932760  -0.0037194775  -0.0012344846  -0.0040491862  0.0017796705  0.0018423451  -0.0066016547  0.0047172236  
0.0017837380  0.99856574  -0.0018975759  0.0032601046  0.0015794707  0.014791877  -0.00046058369  -0.0024940787  0.0036635978  -0.0066771449  -0.0055951287  
0.00039233569  0.0017034463  0.99198851  -0.0010693739  0.0070092294  0.024189040  0.063207441  0.017989632  3.3523382e-05  0.011544130  0.0051485816  
0.022567756  0.0033153010  0.0012242428  -0.99512751  -0.070715996  0.0060583143  -0.033500040  -0.0040223162  0.0048463910  0.0078481366  0.010223502  
0.0051490066  -0.0012088461  -0.0085407494  -0.071284540  0.99442792  -0.019903085  0.035128502  -0.024210599  0.031925895  0.0028486340  -0.0039739638  
0.00054224255  -0.015040724  -0.022891916  0.0043615212  0.019894121  0.99613209  -7.0411526e-05  -0.019075171  -0.0029526174  -0.045245818  0.0017745811  
0.0033014071  -0.0013414899  -0.051373627  -0.027200489  -0.046150548  -0.0071954550  0.92679888  -0.33630061  0.055911423  -0.032566114  -0.11156613  
0.00060031378  -0.0016401692  0.038693436  0.015348161  -0.0082041401  -0.016833000  -0.33078239  -0.93838139  -0.058121041  0.0082482532  0.028981107  
-0.0025178684  -0.0046276619  0.0086581371  0.0076590090  -0.028681420  -0.0019647222  -0.087216134  -0.032718014  0.98225834  -0.10330364  -0.099956895  
0.0064563391  0.0054451474  -0.013273253  0.0083663129  -0.0056528871  0.044173052  0.022151567  -0.0089624472  0.10162181  0.98961880  -0.029269016  
0.0047923740  -0.0046777211  0.011866817  -0.0078017709  0.0035011877  0.0010235159  -0.10573182  0.015169558  -0.11300729  -0.015405141  -0.98315519  
