0.99420878  0.00041877922  0.0017761447  0.034610967  -0.0037209780  -0.0076122479  0.017555816  -0.024917689  0.0013997101  0.0083967260  0.0053955198  
-0.00030265116  0.99355055  -0.020975983  -0.0062220197  -0.0093988920  0.0095953406  -0.0024496518  -0.0058699798  -0.013144708  0.025098183  0.0023611907  
0.0022627944  0.022304903  0.95527272  0.027390871  0.13664081  -0.072471559  -0.13717252  0.10133102  -0.059636594  0.0057267115  -0.026696442  
-0.030991294  0.0019519720  0.039763344  0.79820869  -0.55716078  -0.18173392  -0.059070574  -0.043668033  0.015734890  -0.0017520537  -0.0042847527  
-0.011731450  0.0030210390  -0.087454762  0.56506459  0.64029942  0.48833556  -0.053914145  0.073979661  -0.014822060  0.0087218758  -0.0031426575  
-0.013051870  0.014561888  -0.096650130  0.17001497  0.47247616  -0.80358495  0.26018585  0.0096293610  0.0019975454  -0.088084708  -0.0045662585  
0.029825663  0.0017354922  -0.16472347  -0.026630418  -0.042137930  -0.12149325  -0.42567759  0.80581289  -0.28979792  -0.15042350  -0.023472720  
0.0039948687  0.0064523771  0.0094199255  -0.0049603523  0.0040003670  -0.032150984  -0.019966924  0.36058466  0.87832381  0.28190748  0.033470522  
-0.0030438606  0.0077099041  0.10429760  0.027275224  -0.14067960  0.20464838  0.82915504  0.41822647  -0.081062688  -0.19677020  -0.0097875688  
0.0080124307  0.026083285  0.011138817  -0.014994058  -8.1365271e-05  0.048673113  -0.14086420  -0.11304329  0.33870509  -0.89053904  -0.068798941  
-0.0087239286  -3.6576791e-05  0.018759110  0.0048449077  0.0021345590  -0.00073896341  -0.014809627  0.0033591831  -0.022050943  -0.087969005  0.91775428  
