0.99886973  -0.0039066970  -0.00016800891  0.0012928166  0.00069044129  -0.0011174258  0.00024020589  0.0064834708  -0.0055532133  0.0054902763  -0.0046420301  
-0.0039370349  -0.96595671  0.19677942  0.00056691401  0.00062493642  -0.0060710485  0.079912335  -0.019329621  -0.00073981565  -0.0022954288  0.013343819  
0.00017055059  0.20058445  0.54215985  -0.11754794  -0.13705043  -0.19318494  0.49971567  -0.094366215  -0.021508141  -0.0024945078  0.017840260  
0.0059032059  -0.037720000  -0.047618604  -0.79899794  -0.37198879  -0.36100078  -0.27457083  -0.0091167804  -0.053244908  -0.028631816  -0.0090014207  
-0.0019986155  0.0094382840  -0.0096093025  -0.40732488  -0.10341529  0.87877125  0.15282704  -0.10464140  -0.025144383  0.099971978  0.0075941075  
-0.0029696567  0.0091822834  -0.015016542  -0.39962374  0.89577576  -0.11393741  0.094407582  -0.096723208  0.0072874364  0.055257838  -0.013393206  
-0.0010578703  0.063078007  0.55463360  0.064096261  0.13587559  0.16251279  -0.74798563  0.064747708  -0.062651804  0.12009694  0.0063780436  
-0.0098031303  -0.019910531  -0.085020361  0.045479898  -0.015188385  -0.085581925  0.091624597  0.11761818  -0.67559025  0.60931002  -0.13215271  
0.0049691699  0.0035752171  0.0050348310  0.094228599  -0.072595371  -0.058225528  -0.079117931  -0.82315974  0.036218004  0.26731422  -0.28250478  
-0.0021099889  0.015323676  0.056145571  -0.031586099  0.0013235012  0.042959538  0.065331731  0.34012590  -0.27736996  0.089882395  0.052716206  
0.0031005579  0.0026009547  0.00012367036  0.037710766  0.050374376  0.058033512  -0.048610337  -0.25943678  -0.65918379  -0.69181413  0.0073591585  
