0.99782967  -0.0015700683  0.00037438672  0.022888150  0.0031561965  -0.0085093644  -0.013774857  -0.0032205179  -0.0019996235  0.0043019877  -0.0058307584  
-0.0017358348  -0.99764845  -0.0017148432  0.0041445232  -0.0090166689  0.0071806070  0.00017808827  0.0065571435  -0.0096840937  0.0074528944  -0.00063601941  
-0.0017770596  0.0024586375  -0.90979973  0.050969082  0.010392727  0.016867390  0.0073802341  0.0090181872  -0.0078035515  -0.017279531  -0.044885857  
-0.020356714  0.0018395283  0.040709879  0.95874885  -0.076286605  -0.064769816  0.042883537  0.061610962  0.11149951  -0.20360566  0.011283274  
0.0020550584  0.0084049586  0.040082749  -0.077825619  -0.97959935  -0.065069376  -0.018427591  -0.0025854464  0.012835909  0.0080157538  -0.0034554152  
-0.0060717196  -0.0084557044  -0.021701158  -0.056085862  0.068872153  -0.89901466  -0.39954443  -0.056074462  -0.016848676  -0.11409365  0.0014959550  
-0.00048690736  0.0078083584  0.0034538579  -0.014796633  0.00060680337  0.024990094  -0.22494689  0.96054007  -0.063197411  0.12857099  -0.017982215  
0.0076455229  0.0046336328  0.0071179917  0.026271030  0.0037193287  -0.37159950  0.77623205  0.13542610  -0.44006140  0.19598341  -0.0098981982  
-0.0042566762  -0.0016188083  -0.0092420596  0.092729582  0.016490448  -0.14472737  0.067720322  -0.047305568  0.58289906  0.75421659  -0.039989745  
0.010843819  -0.011235147  -0.010604073  -0.22417618  0.020756406  -0.12895868  0.41266327  0.20843630  0.65625070  -0.46494647  0.041894888  
-0.0070993618  -0.00055030303  -0.038384993  -0.0031899107  0.0012038133  -0.0032847551  0.028154888  -0.0020959874  0.0093827873  -0.041503651  -0.78467284  
