0.99907203  0.00062572899  0.0019094159  0.0058178762  -0.010627851  0.00010901742  0.0052176047  0.0023767873  -0.0016591779  -0.0067420115  0.00015354832  
-0.00053804024  0.99900743  -0.011203554  -0.0049633246  -0.0034504654  0.0031001616  -0.0020496582  0.0080710139  0.00053873134  -0.00017410783  0.0043083456  
-0.0016818772  0.0074873731  0.78740495  -0.061852866  -0.00098008110  0.56897208  0.0013483643  -0.070407962  -0.18480758  -0.0072126757  0.0032104028  
-0.0059731494  0.0075551458  0.20301454  0.96206001  -0.0053714113  -0.16542865  -0.012389551  0.0011655986  0.037817292  -0.024676666  -0.0065093539  
-0.0097280643  -0.0015653653  -0.012669629  -0.0049598750  -0.97081610  -0.013913255  0.0099933331  -0.23454857  -0.0019365860  0.00023299426  0.0019215262  
0.00079344002  0.0070372451  0.54178575  -0.25000529  -0.011896858  -0.78134240  -0.014561954  0.075528292  -0.070487203  -0.0019121630  -0.013474361  
0.0062830700  5.8697764e-05  -0.013897447  -0.010734696  0.050971244  -0.012015185  -0.96551788  -0.25032844  -0.0053432382  0.00067281414  0.00064043793  
-0.0033026598  -0.0088659512  0.014599979  0.0099509242  -0.22928865  0.098607439  -0.25531386  0.92966610  0.010205724  0.059503697  -0.014459961  
-0.0014898145  -0.0014246308  -0.17792132  0.066260654  0.00038220152  -0.064926057  0.0031581543  0.016926739  -0.97246079  0.00016329563  0.00041429598  
-0.0044500655  -0.00074629595  -0.012389070  -0.023849515  -0.010865057  0.0067245527  -0.010479472  0.056166948  0.0011388669  -0.92466255  -0.060852638  
-0.00039811145  0.0038951960  -0.0090762182  -0.0023010920  0.00079849949  0.017383982  0.0016655566  -0.018916457  -0.00014275088  0.012992840  -0.96614153  
