0.99755100  0.00031977242  0.0019735850  0.0014212490  -0.0025988573  0.0035919676  -0.016542336  0.0051112889  0.0029747222  -0.0032782284  0.0017357296  
3.5226610e-05  -0.99714476  0.012937001  -0.0034169093  0.011616633  0.0067289998  0.0049620607  0.011918080  0.0071237967  -0.00014992258  -0.00063481307  
-0.00063163223  -0.013522173  -0.90310779  -0.0014490429  -0.041446783  0.0074973470  -0.022194880  -0.056423542  0.0082490111  0.0031323408  -0.018195050  
0.0014349995  0.0037584411  -0.0044798898  -0.99378962  -0.0033925646  -0.012402287  0.0029607873  0.029220571  0.020955464  -0.056972015  -0.0067735038  
-0.0043593680  -0.012907422  -0.013551361  -0.0015135348  -0.93416548  0.019251925  -0.17457439  0.093090981  -0.21853219  0.049313573  0.0018965375  
-0.012790458  -0.0051005628  0.014846044  -0.0069517158  0.21650181  -0.27301719  -0.90207960  -0.0078633216  -0.22982797  0.031594693  -0.0077420233  
0.010211235  -0.0077514266  -0.0052739998  -0.0036464012  -0.020562425  -0.88342257  0.34000001  -0.10889883  -0.27198514  0.090097338  0.0057599727  
-0.0033893181  0.011557159  -0.052491424  0.026783711  0.10051409  -0.071029885  0.061114048  0.98023546  -0.081300843  0.020242307  -0.0056303648  
-0.0023904348  0.0025618244  0.0046245220  0.0032470794  -0.15029909  -0.29412276  -0.15491032  0.071164681  0.85441970  0.31966958  0.036718624  
0.0041129317  0.00074428136  -0.0068651748  -0.063204958  0.097645359  0.20183860  0.061605893  -0.036919430  -0.26126518  0.91667927  0.078055567  
-0.0022320898  -0.00034816290  0.015776217  -0.0038863966  0.0030473063  0.00021235747  -0.010396105  0.0047249786  -0.013151753  -0.085084360  0.97700644  
