0.99643352  -0.0046677719  -0.00091591630  0.032824734  -0.0042212843  0.0032360631  -0.0023047627  0.00096180767  -0.025903716  0.016258070  0.0058041813  
0.0043441738  0.99585522  0.0046444150  0.00096232778  -0.0054259567  -0.019105954  -0.024961331  -0.010836550  -0.0012126892  0.0017279709  -0.0068548479  
-0.00036322883  0.0026111268  0.74173023  0.0032866674  -0.0067149181  0.54607036  -0.19141919  -0.19716691  0.036065405  -0.0022254210  0.030783273  
0.034571900  0.0017298772  -0.0034926675  -0.99096153  0.0047166465  0.026106087  0.014036480  0.022767056  0.020154706  -0.073623365  -0.031266260  
-0.013249073  0.0064880504  -0.074278912  -0.0087077338  -0.86892376  0.23823463  0.24479151  0.073038997  -0.30400809  0.097886985  0.028807085  
-0.0045106188  -0.024958760  0.41870276  -0.033400898  -0.28921087  -0.72068695  -0.36718469  -0.016540478  -0.14691786  -0.00088493275  0.14122238  
-0.0055991406  0.012388500  0.35717269  -0.0033285904  0.22604357  -0.21969842  0.77801444  -0.11253476  -0.29732778  0.076148802  -0.16585069  
-0.010291964  -0.011605563  -0.22847575  -0.040009107  0.042429923  -0.018339249  -0.12115879  -0.86846125  -0.32871485  0.040871430  0.10337510  
0.021364732  -0.00083907610  0.031360260  0.0017972228  -0.27436831  -0.15196016  0.27392297  -0.36278639  0.80890185  0.085052549  0.013149630  
0.014863810  0.00025300261  0.0086803932  0.074995439  -0.10384543  -0.013960767  0.082221183  -0.082536307  -0.0021871105  -0.97050881  -0.12474539  
-0.0057724765  0.0035779686  -0.22845363  -0.0010659026  -0.014192830  -0.041511159  0.023729737  0.0095263356  -0.039160739  0.013760395  0.0012633422  
